   0.0000000000    0.0000724814   -0.0007420423    0.0002466100   -0.0011785508   -0.0000827521    0.0000359048   -0.0000187289   -0.0000475588    0.0000314582   -0.0001186930    0.0001203614    0.0000452987    0.0000264037    0.0000315037    0.0000250469    0.0001429034    0.0000441896   -0.0002954425   -0.0001768157   -0.0002271917   -0.0000038649   -0.0000039764   -0.0000140324    0.0000950999    0.0001058969    0.0000387845   -0.0001242421   -0.0000937108   -0.0000117907    0.0000347840   -0.0000501106    0.0000276237   -0.0000203679    0.0000168415   -0.0000693982    0.0000216020    0.0000055630   -0.0000459771   -0.0000317014    0.0000198072   -0.0000563044   -0.0000006197    0.0000069239   -0.0000065054   -0.0000077107    0.0000048885    0.0000865447   -0.0000465761   -0.0000247264    0.0000664310    0.0000166180    0.0000006083    0.0000387463    0.0000352860   -0.0001163337   -0.0000212293    0.0000366589    0.0000002982    0.0000161381    0.0000460204   -0.0000156008   -0.0000040131    0.0000026879   -0.0000099473   -0.0000254636   -0.0000066626    0.0000354594    0.0000067303    0.0000204436   -0.0000545970   -0.0000371947    0.0000214102    0.0000193573    0.0000902710    0.0000184180    0.0000036863    0.0000147945    0.0000181806    0.0000477616    0.0000139625    0.0000463159    0.0000030057   -0.0000072752    0.0000156354   -0.0000337285    0.0000362767    0.0000229081   -0.0000001742   -0.0000140066    0.0000025236    0.0000075902    0.0000111931    0.0000150900   -0.0000296626   -0.0000038287   -0.0000202232   -0.0000146049    0.0000163512    0.0000127461   -0.0000078386   -0.0000097518    0.0000069805   -0.0000007589   -0.0000202430    0.0000171781    0.0000342430   -0.0000044052    0.0000244515   -0.0000068639    0.0000071672   -0.0000225876    0.0000188708    0.0000063223    0.0000206223    0.0000080635   -0.0000319418   -0.0000273121    0.0000112850    0.0000163637    0.0000135899    0.0000053049   -0.0000148379   -0.0000152399   -0.0000092366    0.0000299154   -0.0000022560   -0.0000013774    0.0000151481    0.0000328510    0.0000039535   -0.0000173141    0.0000100399    0.0000578603    0.0000040059   -0.0000010445    0.0000317433    0.0000124382    0.0000042157    0.0000064098    0.0000016925    0.0000006756    0.0000014291   -0.0000012890    0.0000138655    0.0000062015    0.0000032468   -0.0000025858    0.0000065824    0.0000132334    0.0000098113    0.0000099392 
  -0.0000724814    0.0000000000    0.0005801175    0.0016064599    0.0007766602    0.0004252485    0.0001723984   -0.0000123911   -0.0000231535   -0.0000040870    0.0000367655    0.0002759874   -0.0001911920   -0.0000615698    0.0000654087   -0.0000706770   -0.0000632000    0.0000421838    0.0000233946    0.0000228331    0.0000218276   -0.0001558833   -0.0000984073   -0.0000620424    0.0000368412   -0.0000485194   -0.0003486849    0.0000059205   -0.0000200916    0.0000641393   -0.0000388514   -0.0000025539   -0.0000919762   -0.0000152150   -0.0000016455    0.0000327025    0.0000608973    0.0000549601   -0.0000242376    0.0000325606    0.0000111843   -0.0000651984   -0.0000577339    0.0000084222   -0.0000211118    0.0000114187    0.0000264007    0.0000227478   -0.0000459146    0.0000082436   -0.0000870003    0.0000317779   -0.0000068526   -0.0000616852   -0.0000182482    0.0000022767    0.0000115496   -0.0000017329   -0.0000052707    0.0000911236   -0.0000817672    0.0000309253    0.0000449738   -0.0000032134    0.0000077181    0.0000260531   -0.0000060787   -0.0000368074   -0.0000246441    0.0000009678   -0.0000582558    0.0000088081   -0.0000040726   -0.0000050419    0.0000130041    0.0000432738   -0.0000015965   -0.0000031671   -0.0000055199   -0.0000224009   -0.0000074579   -0.0000148438    0.0000002090    0.0000319072   -0.0000266447   -0.0000114753   -0.0000405455    0.0000150658    0.0000165225   -0.0000151782   -0.0000133797    0.0000275826    0.0000089639   -0.0000021220    0.0000011261   -0.0000160639   -0.0000065548    0.0000063934   -0.0000277942    0.0000367207   -0.0000327966    0.0000123537   -0.0000308503   -0.0000167011   -0.0000096180    0.0000004616   -0.0000130262    0.0000347031   -0.0000172435   -0.0000151135   -0.0000271181   -0.0000066821   -0.0000392608    0.0000299992   -0.0000018884    0.0000022555    0.0000034400   -0.0000263309   -0.0000215527   -0.0000335955    0.0000051761    0.0000240010   -0.0000000230   -0.0000449540   -0.0000566902   -0.0000004334   -0.0000149415   -0.0000143308   -0.0000127491    0.0000532307   -0.0000089213   -0.0000383244   -0.0000103501    0.0000054322   -0.0000048866    0.0000018376   -0.0000003263    0.0000028991   -0.0000088522    0.0000002267    0.0000002043    0.0000150988    0.0000020573    0.0000279368   -0.0000054251   -0.0000023236    0.0000074748   -0.0000018389   -0.0000125352   -0.0000360349    0.0000136737    0.0000017033 
   0.0007420423   -0.0005801175    0.0000000000   -0.0029299501    0.0000241708   -0.0001152385    0.0003179037   -0.0000455662   -0.0000561434   -0.0000150231    0.0001873260   -0.0002711733   -0.0001124823    0.0000585909    0.0000176581    0.0001128939   -0.0000002951    0.0002166005    0.0000866255   -0.0000724653   -0.0001638505   -0.0000056084    0.0000480556   -0.0000411828    0.0001673417   -0.0000328774   -0.0001201629   -0.0000472089   -0.0000602461    0.0000371697   -0.0000270740    0.0001462991    0.0001362591   -0.0000340108    0.0000382068    0.0000588783   -0.0000491735    0.0000264294   -0.0000040718   -0.0000262934    0.0000359952   -0.0000208141    0.0000214021   -0.0001054412    0.0000193735   -0.0000197601   -0.0000122750    0.0000544772    0.0000273319    0.0001000537   -0.0000764165   -0.0000193338   -0.0000207715    0.0000099848   -0.0000240811    0.0000758359   -0.0000059302    0.0000329480    0.0000469429    0.0000185724    0.0000121530   -0.0000200394   -0.0000670947    0.0000639607   -0.0000096320   -0.0000172251   -0.0000618263    0.0000646737   -0.0000726394   -0.0000406550   -0.0000576545    0.0000334022   -0.0000033020    0.0000083921    0.0000003096   -0.0000011949   -0.0000156795   -0.0000882866    0.0000244875   -0.0000235850   -0.0000140500    0.0000061041   -0.0000423602   -0.0000183203    0.0000253563   -0.0000503429   -0.0000167062    0.0000467385   -0.0000247933   -0.0001055294   -0.0000069351    0.0000336852   -0.0000338696    0.0000569181   -0.0000359313   -0.0000343908    0.0000274657    0.0000510441    0.0000336447    0.0000069242    0.0000169245    0.0000053717    0.0000163924    0.0000150768    0.0000026637    0.0000096386    0.0000256371    0.0000028386    0.0000019588   -0.0000019989    0.0000039886    0.0000101928    0.0000254298   -0.0000199137    0.0000085670   -0.0000104368    0.0000233946   -0.0000045567    0.0000089977   -0.0000338454    0.0000097930   -0.0000140059    0.0000531902    0.0000065168    0.0000158066    0.0000265168    0.0000347950   -0.0000108043   -0.0000079379    0.0000025454   -0.0000056121   -0.0000035862    0.0000506119   -0.0000145299   -0.0000121706    0.0000154141   -0.0000512800   -0.0000169664   -0.0000373314   -0.0000325305   -0.0000025696    0.0000086170   -0.0000223370   -0.0000121104    0.0000106654    0.0000029720    0.0000341497    0.0000277472   -0.0000068019   -0.0000010761   -0.0000175721    0.0000177984 
  -0.0002466100   -0.0016064599    0.0029299501    0.0000000000   -0.0002498881    0.0006470527   -0.0006295453    0.0001888989    0.0006290749   -0.0002474405    0.0003343747   -0.0002053773    0.0004641734    0.0001828646   -0.0001585660    0.0000558075   -0.0001329223   -0.0000682163   -0.0003964885   -0.0000642900    0.0000400648   -0.0000296552    0.0000632110   -0.0000583234   -0.0000333140   -0.0001166791   -0.0001524656   -0.0000699104    0.0000880808   -0.0001454171    0.0000194918    0.0000443836    0.0000257811   -0.0000794741    0.0000898006   -0.0000123647    0.0000033626    0.0000377746   -0.0001338704   -0.0000644877    0.0000207744   -0.0001152826    0.0000641489   -0.0000751891    0.0000548969    0.0000654660   -0.0000724770   -0.0000485672   -0.0000784231    0.0000348847    0.0000025208    0.0000549307   -0.0001221621    0.0000113019    0.0000130489   -0.0000232462    0.0000010531   -0.0000506641   -0.0000079136   -0.0000141323   -0.0000364024   -0.0000372359    0.0000219651    0.0000058859    0.0000451010   -0.0000347788   -0.0000088279   -0.0000478895    0.0000042236    0.0000959304   -0.0000242207   -0.0000175801    0.0000333397    0.0000059626   -0.0000002298    0.0000337447    0.0000068446   -0.0000139978    0.0000185150    0.0000368831    0.0000379900   -0.0000028717   -0.0000099774    0.0000018874   -0.0000006841    0.0000286240    0.0000102920   -0.0000030597    0.0000577986    0.0000072137   -0.0000115709    0.0000097070   -0.0000723881    0.0000009497    0.0000007885    0.0000223634    0.0000142881    0.0000018078   -0.0000555532   -0.0000062085   -0.0000152385    0.0000011367    0.0000260413    0.0000003975    0.0000304961    0.0000040149    0.0000163255    0.0000448276   -0.0000309944   -0.0000030725    0.0000004408   -0.0000067023    0.0000058032    0.0000112512   -0.0000055197    0.0000040032    0.0000149401   -0.0000006500    0.0000024193    0.0000156427    0.0000116833    0.0000246948    0.0000304292   -0.0000009978    0.0000239569   -0.0000107529   -0.0000087346   -0.0000085435    0.0000135252   -0.0000436126    0.0000094666   -0.0000174059    0.0000113453   -0.0000004533   -0.0000074579    0.0000099017   -0.0000034454    0.0000041339   -0.0000099686   -0.0000417377    0.0000016151    0.0000599308   -0.0000205480    0.0000107793   -0.0000355057   -0.0000029361    0.0000011095   -0.0000095306    0.0000113475    0.0000095041    0.0000158750   -0.0000060610 
   0.0011785508   -0.0007766602   -0.0000241708    0.0002498881    0.0000000000   -0.0002044585    0.0001334882   -0.0002113086   -0.0003469283   -0.0000371675   -0.0003831264   -0.0002846162   -0.0000914985   -0.0000649324   -0.0000059706    0.0000755052    0.0000853466    0.0000272629   -0.0000425506    0.0001380966   -0.0003985832    0.0000322034   -0.0000574407    0.0000424300    0.0000363304    0.0000464930    0.0000503995   -0.0001525097   -0.0000553121   -0.0000022198    0.0000565895    0.0001044489   -0.0000334213    0.0001032142   -0.0000474669    0.0000130467   -0.0000709813    0.0000107359    0.0000281029   -0.0000444343   -0.0000183306   -0.0000290570   -0.0000093292   -0.0000180483   -0.0000220599   -0.0000038180   -0.0000447423    0.0000023220   -0.0000076203   -0.0001440867    0.0000532042   -0.0000151429    0.0000000877   -0.0000548601   -0.0000194073    0.0000120303    0.0000134973    0.0000047188   -0.0000358159   -0.0000216777   -0.0001062423    0.0000437501   -0.0000178264    0.0000343724   -0.0000125499   -0.0000147225    0.0000291613   -0.0000313523    0.0000370830    0.0000324563    0.0000272055   -0.0000192633   -0.0000068254    0.0000211015    0.0000149276   -0.0000110336    0.0000332633   -0.0000342562   -0.0000708270    0.0000029853    0.0000354557   -0.0000352918   -0.0000176015   -0.0000581154   -0.0000264963   -0.0000166239   -0.0000047005   -0.0000144212    0.0000238327   -0.0000110498   -0.0000378569    0.0000027847   -0.0000230918    0.0000151584    0.0000524222    0.0000072531   -0.0000428343   -0.0000091837    0.0000352786   -0.0000014502    0.0000035922    0.0000031088    0.0000269578    0.0000368427   -0.0000035276    0.0000477984   -0.0000041980    0.0000167842    0.0000638284    0.0000075204    0.0000179851   -0.0000517747    0.0000149555   -0.0000340872   -0.0000322777   -0.0000223061   -0.0000029181   -0.0000075637   -0.0000024658    0.0000059400    0.0000003326    0.0000380186    0.0000040676    0.0000190090   -0.0000002188    0.0000089323   -0.0000083561    0.0000083788    0.0000074616   -0.0000345275    0.0000093093    0.0000000146    0.0000248117    0.0000284102    0.0000265117   -0.0000301036   -0.0000001606   -0.0000247264    0.0000003830    0.0000191427    0.0000225398    0.0000045678    0.0000135826   -0.0000267300    0.0000070917    0.0000080488   -0.0000011644    0.0000168099    0.0000134356   -0.0000126991   -0.0000168907   -0.0000076321 
   0.0000827521   -0.0004252485    0.0001152385   -0.0006470527    0.0002044585    0.0000000000    0.0042075036    0.0021910682   -0.0009789285   -0.0004634310   -0.0000777910    0.0001728247    0.0009878218    0.0008285503   -0.0002290953    0.0001346201    0.0003807450   -0.0000704286   -0.0002055316   -0.0003745932   -0.0000069894   -0.0000250263   -0.0001034126    0.0000345833    0.0000138942   -0.0001596464    0.0000191405   -0.0000015682    0.0000290944   -0.0001288137   -0.0001586615   -0.0000123529    0.0000646318   -0.0001044563   -0.0002024667   -0.0000416017   -0.0000111255    0.0001420655   -0.0000878823   -0.0001110050    0.0000509654   -0.0000303814    0.0000610612   -0.0000401971    0.0000896169   -0.0000226111    0.0000304027   -0.0000310039   -0.0000091623   -0.0000194161    0.0000015402    0.0000460667    0.0001319154    0.0000029733   -0.0000139243   -0.0000159088    0.0000133650    0.0000433510   -0.0000341188    0.0000168385    0.0000496777   -0.0000398436   -0.0000067827    0.0000142257    0.0000538003    0.0000549417   -0.0000005002   -0.0000117216   -0.0000009290   -0.0000515938    0.0000435751   -0.0000257708    0.0000297706   -0.0000022618   -0.0000629678    0.0000703654   -0.0000269622    0.0000097937   -0.0000262486    0.0000004561    0.0000169899    0.0000044154   -0.0000326790    0.0000102001   -0.0000045159   -0.0000070065   -0.0000155428   -0.0000236688    0.0000147534    0.0000099929    0.0000148908   -0.0000025403   -0.0000707777   -0.0000081157   -0.0000099003    0.0000170759   -0.0000114489   -0.0000206120   -0.0000052538   -0.0000061454    0.0000088140   -0.0000111203   -0.0000165754   -0.0000450922    0.0000017912   -0.0000371712    0.0000685544   -0.0000203746    0.0000232432    0.0000267109   -0.0000103868    0.0000673953    0.0000168738    0.0000422250    0.0000367192   -0.0000405477    0.0000161087   -0.0000070669    0.0000441653    0.0000018015   -0.0000143300    0.0000188789    0.0000307489   -0.0000024198    0.0000046285    0.0000235071   -0.0000056016    0.0000237393    0.0000146453   -0.0000028766    0.0000210882    0.0000170407   -0.0000076909   -0.0000120214    0.0000084266    0.0000053678   -0.0000232623    0.0000101649   -0.0000017645    0.0000154443    0.0000076137    0.0000245258    0.0000070692   -0.0000021692   -0.0000173619   -0.0000064097   -0.0000023622    0.0000257091   -0.0000029087   -0.0000108969   -0.0000239731    0.0000281044 
  -0.0000359048   -0.0001723984   -0.0003179037    0.0006295453   -0.0001334882   -0.0042075036    0.0000000000   -0.0131650777   -0.0016381379    0.0005122635   -0.0000421324    0.0002283750   -0.0006123466    0.0003185505   -0.0001657027    0.0002948692    0.0001944921   -0.0001279391    0.0001921255   -0.0000775190    0.0000045618   -0.0000545029    0.0001791750    0.0000694136    0.0000246537    0.0000037894    0.0000741087    0.0000475220   -0.0000672226    0.0000147321    0.0000879632    0.0000186062    0.0000433539    0.0000458690    0.0000094674   -0.0000393049   -0.0000206384    0.0000331016    0.0000655505   -0.0000325158   -0.0000058403    0.0000607180   -0.0000339556   -0.0000043826   -0.0000733869   -0.0000071246    0.0000205546    0.0000281537    0.0000642069   -0.0000298375   -0.0000453303   -0.0001712518    0.0000047865   -0.0000293943    0.0000117568    0.0000056257   -0.0000005933   -0.0000122383    0.0000184393   -0.0000176889    0.0000233027    0.0000218636   -0.0000005760   -0.0000237636   -0.0000018773    0.0000528308   -0.0000155251    0.0000394129    0.0000032098    0.0000238430    0.0000382472    0.0000159624   -0.0000149386   -0.0000118825   -0.0000267359   -0.0000251020    0.0000198895    0.0000259553    0.0000046822   -0.0000031770    0.0000632338    0.0000098628    0.0000259281   -0.0000007357   -0.0000115944    0.0000322806   -0.0000000801    0.0000264117   -0.0000352683    0.0000204282   -0.0000208354   -0.0000050178   -0.0000478969   -0.0000349883   -0.0000098804   -0.0000027837   -0.0000113041    0.0000025788   -0.0000206355   -0.0000038504   -0.0000202540    0.0000007885    0.0000140992   -0.0000015577   -0.0000039252   -0.0000130225   -0.0000314288    0.0000117392   -0.0000248234    0.0000424411    0.0000217166   -0.0000550527    0.0000024700   -0.0000488832   -0.0000231205    0.0000177874    0.0000276245   -0.0000167819    0.0000244721   -0.0000246081    0.0000299860    0.0000059778   -0.0000456346   -0.0000075615   -0.0000181064   -0.0000074307   -0.0000148541    0.0000122890    0.0000008510   -0.0000008510   -0.0000407366   -0.0000069012   -0.0000286439   -0.0000161278   -0.0000018125    0.0000013879   -0.0000256415   -0.0000443954   -0.0000232741    0.0000036563    0.0000010153    0.0000276642    0.0000012567   -0.0000118928    0.0000171538    0.0000194205   -0.0000029414   -0.0000500518    0.0000290739    0.0000103288    0.0000065126   -0.0000086802 
   0.0000187289    0.0000123911    0.0000455662   -0.0001888989    0.0002113086   -0.0021910682    0.0131650777    0.0000000000    0.0033906396   -0.0006425252    0.0000370536   -0.0003168233    0.0000459837    0.0001566624   -0.0001148637    0.0009068998   -0.0004995409   -0.0000056313    0.0000030149    0.0002249573    0.0000224281    0.0000039995    0.0001042284    0.0000313016    0.0001327753   -0.0001979833    0.0000357042    0.0000683310    0.0000230110    0.0001147975    0.0000325209   -0.0000163483    0.0000137766   -0.0000083112    0.0001284168   -0.0000084354   -0.0000314001   -0.0001182446    0.0001572210    0.0000435479    0.0000664986    0.0000395283   -0.0000082216    0.0000801944   -0.0000415047   -0.0000392608    0.0000720228    0.0000324195   -0.0000128520   -0.0000143962   -0.0000001806   -0.0000766223    0.0000394217   -0.0000100304   -0.0000232035   -0.0000698649   -0.0000043702   -0.0000255599    0.0000353543    0.0000353205   -0.0000199277   -0.0000307687    0.0000035578    0.0000393688    0.0000974151   -0.0000075424    0.0000310333    0.0000149504   -0.0000038228    0.0000780188   -0.0000167298   -0.0000166070   -0.0000295060    0.0001056029    0.0000096482    0.0000166952    0.0000215153    0.0000075366   -0.0000055760    0.0000013157    0.0000015419   -0.0000303138   -0.0000167731    0.0000073060   -0.0000153259   -0.0000039511   -0.0000312369   -0.0000528536   -0.0000154634   -0.0000036879   -0.0000147872    0.0000061426    0.0000470957   -0.0000884409   -0.0000109520   -0.0000211882   -0.0000382884   -0.0000146453    0.0000102185    0.0000004201    0.0000000547   -0.0000027114    0.0000037575    0.0000164997    0.0000077673    0.0000103280   -0.0000496961   -0.0000142705   -0.0000079952   -0.0000005350    0.0000222804    0.0000316323   -0.0000091249    0.0000355021    0.0000069386    0.0000063077    0.0000016470   -0.0000090264    0.0000291018   -0.0000315905    0.0000055653    0.0000281566    0.0000268307   -0.0000145549   -0.0000128821    0.0000079371   -0.0000107793   -0.0000343231   -0.0000138685    0.0000341188    0.0000199196    0.0000013015   -0.0000142845   -0.0000138170    0.0000242215    0.0000014121   -0.0000111395   -0.0000512580    0.0000493323   -0.0000139934   -0.0000095284   -0.0000031038   -0.0000328701    0.0000220195    0.0000120869   -0.0000186246   -0.0000001017    0.0000145152   -0.0000116980    0.0000013792   -0.0000026768    0.0000292047 
   0.0000475588    0.0000231535    0.0000561434   -0.0006290749    0.0003469283    0.0009789285    0.0016381379   -0.0033906396    0.0000000000   -0.0003216080    0.0005145861   -0.0002875488    0.0004345167    0.0003865514    0.0008147325   -0.0003453407    0.0001523333   -0.0001664965    0.0001422640   -0.0001185092   -0.0000024302   -0.0000908149   -0.0001132247   -0.0000000192    0.0002498072   -0.0001466960   -0.0001548029   -0.0000754758    0.0000479336    0.0001722955    0.0001151944   -0.0000855965    0.0001490700    0.0000071636    0.0000455302    0.0000776587   -0.0000191758    0.0000263449   -0.0000290724    0.0000470759    0.0000132577   -0.0000191589   -0.0000963126    0.0000210507   -0.0000404919    0.0001013546   -0.0000016184    0.0001186048    0.0000270732   -0.0000192008    0.0000299125   -0.0001732143    0.0000208604    0.0000162557   -0.0000073734    0.0000218850   -0.0000123015    0.0000018943   -0.0000293590   -0.0000022408   -0.0000069659    0.0000137354   -0.0000533137   -0.0000210294    0.0000009761   -0.0000473111    0.0000418457   -0.0000753508   -0.0000279339    0.0000500504    0.0000423191   -0.0000450598    0.0000173942   -0.0000969006    0.0000168341    0.0000432723    0.0000044395   -0.0000555517    0.0000312134    0.0000130372    0.0000087691    0.0000153127   -0.0000116260   -0.0000130482   -0.0000183306   -0.0000221532    0.0000176882   -0.0000221326   -0.0000003588    0.0000098224    0.0000567432   -0.0000169525   -0.0000193154   -0.0000039490    0.0000163674   -0.0000085846   -0.0000214660    0.0000198035   -0.0000113026   -0.0000253034   -0.0000039823   -0.0000072434   -0.0000135076    0.0000003815    0.0000106808    0.0000011997    0.0000119281   -0.0000184283   -0.0000336300   -0.0000116429   -0.0000424932   -0.0000013385   -0.0000041705    0.0000093887    0.0000327187   -0.0000453891    0.0000085229    0.0000237548    0.0000117010   -0.0000102009   -0.0000084854   -0.0000411372   -0.0000112629    0.0000048150    0.0000160440   -0.0000019364    0.0000005642   -0.0000187061   -0.0000150180   -0.0000003147    0.0000147769   -0.0000327400    0.0000258598   -0.0000139692   -0.0000151547   -0.0000170149    0.0000164887   -0.0000111564   -0.0000323365   -0.0000379371   -0.0000102384    0.0000250322    0.0000089889    0.0000257708   -0.0000718067    0.0000463674    0.0000021587    0.0000138317   -0.0000264228   -0.0000319484   -0.0000044475   -0.0000509551 
  -0.0000314582    0.0000040870    0.0000150231    0.0002474405    0.0000371675    0.0004634310   -0.0005122635    0.0006425252    0.0003216080    0.0000000000   -0.0028800445   -0.0102280718   -0.0000372469   -0.0002066708    0.0001900528   -0.0003584235   -0.0003185946    0.0000811646    0.0000959304    0.0001872599    0.0000628355    0.0001274026   -0.0000545904    0.0000516460   -0.0000230631   -0.0001638873    0.0000764533   -0.0000071236    0.0000185680   -0.0002756493   -0.0000928729    0.0000149753   -0.0001696275    0.0000048514   -0.0000120442    0.0000336021   -0.0000254100   -0.0000102148    0.0000563264    0.0000599433    0.0000161366   -0.0001224855   -0.0000584498    0.0000079187    0.0000467562   -0.0000441896   -0.0000476073   -0.0000567189    0.0000059192   -0.0001559641    0.0000495550   -0.0000166070    0.0000118737    0.0000603578    0.0000290129    0.0000268961   -0.0000533314   -0.0000172244    0.0000598389    0.0000706160    0.0000391902   -0.0000241921    0.0000571364   -0.0000025159    0.0000080136   -0.0000058393   -0.0000102156   -0.0000590187   -0.0000009578   -0.0000230308    0.0000279214    0.0000031793    0.0000092454    0.0000329950    0.0000365038   -0.0000372859   -0.0000249976    0.0000079121   -0.0000565021   -0.0001143124    0.0000111218   -0.0000197050    0.0000051799   -0.0000258318   -0.0000246625   -0.0000315890    0.0000123470   -0.0000183688    0.0000162689    0.0000261832    0.0000216461    0.0000327870   -0.0000052156    0.0000066474   -0.0000149673    0.0000268836    0.0000190266   -0.0000698318    0.0000184099    0.0000408976   -0.0000055482    0.0000041502   -0.0000136994    0.0000134583    0.0000115025    0.0000136281   -0.0000034136   -0.0000084053   -0.0000140162   -0.0000308319    0.0000111843    0.0000142242    0.0000109741   -0.0000175721   -0.0000241664    0.0000149709    0.0000233542   -0.0000103280    0.0000134032    0.0000207634   -0.0000343253    0.0000144043    0.0000081944    0.0000013583    0.0000132584   -0.0000162785   -0.0000259230    0.0000170752   -0.0000236100   -0.0000024093    0.0000104258    0.0000112482    0.0000253592   -0.0000464585   -0.0000208251    0.0000002487   -0.0000136957   -0.0000323798    0.0000139192   -0.0000262045   -0.0000154472    0.0000150658   -0.0000043630    0.0000157265    0.0000155075    0.0000060811    0.0000086185   -0.0000202386    0.0000090322    0.0000043907    0.0000130335    0.0000286365 
   0.0001186930   -0.0000367655   -0.0001873260   -0.0003343747    0.0003831264    0.0000777910    0.0000421324   -0.0000370536   -0.0005145861    0.0028800445    0.0000000000    0.0079613735   -0.0017010527    0.0000558737    0.0002448240    0.0000693901    0.0003040566    0.0001015604    0.0000830755    0.0001794984   -0.0000014843   -0.0000052651    0.0000862066    0.0001010165   -0.0000701258    0.0000859126   -0.0000547440   -0.0002562898    0.0000630266    0.0000234181   -0.0000898447    0.0000602667    0.0000422051   -0.0000173222    0.0000428490   -0.0000124595   -0.0000610686    0.0000275627    0.0000618006   -0.0000266705   -0.0000270747   -0.0000457206    0.0000061579   -0.0000970109    0.0000068742   -0.0000051974   -0.0000758506    0.0000248991   -0.0001012517    0.0000049859   -0.0000209780    0.0000173494    0.0000637954   -0.0000296802    0.0000319572    0.0000045479   -0.0000589459   -0.0000468701   -0.0000467826    0.0001710461    0.0000261589    0.0000047204    0.0000144447    0.0000215954   -0.0000419817    0.0000030034    0.0000081826    0.0000588812    0.0000231815   -0.0000354241   -0.0000288644   -0.0000425484    0.0000256444   -0.0000039665   -0.0000073837    0.0000193426    0.0000381237    0.0000264301    0.0000012724   -0.0000125514   -0.0000415187   -0.0000245515   -0.0000147585    0.0000211750    0.0000223135    0.0000012098   -0.0000467782   -0.0000405926    0.0000000847    0.0000018515    0.0000361915   -0.0000223414    0.0000331920    0.0000055627    0.0000110079   -0.0000128299   -0.0000534071    0.0000193787   -0.0000102031   -0.0000129997    0.0000770339    0.0000263030   -0.0000045479    0.0000055828   -0.0000433936   -0.0000121449    0.0000040882    0.0000205701    0.0000223987    0.0000205186    0.0000235953   -0.0000092307   -0.0000352279   -0.0000298904    0.0000127344    0.0000106176   -0.0000044837    0.0000202893    0.0000030024   -0.0000502981    0.0000137744    0.0000142896   -0.0000121442   -0.0000101149    0.0000001843   -0.0000404228    0.0000006039   -0.0000228360   -0.0000066907   -0.0000349508   -0.0000012669    0.0000033884   -0.0000008202    0.0000190766    0.0000086456    0.0000320513   -0.0000331736    0.0000128953   -0.0000200651    0.0000303388   -0.0000022986   -0.0000080253    0.0000117172    0.0000237555   -0.0000105294    0.0000152510   -0.0000186863   -0.0000045005    0.0000177007   -0.0000095350   -0.0000028181    0.0000162902 
  -0.0001203614   -0.0002759874    0.0002711733    0.0002053773    0.0002846162   -0.0001728247   -0.0002283750    0.0003168233    0.0002875488    0.0102280718   -0.0079613735    0.0000000000    0.0016142508    0.0000137163   -0.0002200844   -0.0001620131   -0.0001882668   -0.0001188032   -0.0003170805   -0.0000397995   -0.0001453362   -0.0001588526   -0.0001685030   -0.0000701236    0.0000191089    0.0000073741   -0.0001560156   -0.0001350244   -0.0001834526   -0.0000500599    0.0000113335   -0.0000334801    0.0001346128    0.0000110204   -0.0000019201   -0.0000014845    0.0000441433   -0.0001047723   -0.0001010827    0.0000055135    0.0000001294   -0.0000361665   -0.0000513006    0.0000842001   -0.0000014171    0.0000000776    0.0000731018   -0.0000018553   -0.0000583543    0.0000271996   -0.0000947912    0.0000015904    0.0000148320   -0.0000569298   -0.0000712797   -0.0000669617   -0.0000152260   -0.0000176904   -0.0000881616   -0.0000206957   -0.0000159786    0.0000146174    0.0000344819    0.0000105897    0.0000191310    0.0000266572    0.0000041906   -0.0000324555    0.0000067763    0.0000193279    0.0000052296    0.0000078210   -0.0000138582    0.0000132320    0.0000428534    0.0000206906   -0.0000476014    0.0000050642    0.0000773573    0.0000341012    0.0000380164    0.0000110902    0.0000104045   -0.0000132621   -0.0000457573   -0.0000373954   -0.0000015489   -0.0000137362   -0.0000072913   -0.0000170620    0.0000094879    0.0000178058    0.0000066886   -0.0000050811    0.0000138824   -0.0000167511    0.0000019036   -0.0000060406    0.0000081400    0.0000187201    0.0000761372    0.0000246198    0.0000057722    0.0000009110    0.0000068013    0.0000047071    0.0000160286   -0.0000402809    0.0000192339   -0.0000083237    0.0000028164   -0.0000023257    0.0000051075    0.0000047246   -0.0000294303   -0.0000016014   -0.0000004889   -0.0000257554    0.0000014010   -0.0000005611   -0.0000137097   -0.0000278648   -0.0000170443   -0.0000667404    0.0000378209    0.0000040338    0.0000020822    0.0000171347    0.0000175081    0.0000078269    0.0000010144   -0.0000060943   -0.0000274135   -0.0000207634   -0.0000011647    0.0000047132   -0.0000120281   -0.0000022958    0.0000008561    0.0000024756    0.0000339211    0.0000039415    0.0000040928   -0.0000009758   -0.0000011872   -0.0000073468    0.0000015013   -0.0000179293    0.0000211566   -0.0000490456    0.0000347494   -0.0000001781 
  -0.0000452987    0.0001911920    0.0001124823   -0.0004641734    0.0000914985   -0.0009878218    0.0006123466   -0.0000459837   -0.0004345167    0.0000372469    0.0017010527   -0.0016142508    0.0000000000   -0.0008197304    0.0004107178    0.0000306703    0.0007890815   -0.0002258393   -0.0004671501    0.0000020472   -0.0000343981    0.0000258282    0.0004330246    0.0000336051    0.0000224046    0.0000273239    0.0000237900   -0.0000110064   -0.0000293054    0.0002678070   -0.0003577400   -0.0000044645   -0.0001441602    0.0000510308   -0.0000738808   -0.0000590224   -0.0000156067   -0.0000314214   -0.0000097841    0.0000469171    0.0000316750   -0.0000545948   -0.0000675791   -0.0000129872    0.0000875736   -0.0001295120    0.0000005305   -0.0000960627   -0.0000481820   -0.0000224288    0.0000621064   -0.0001124162    0.0001438516    0.0000003498   -0.0000098415   -0.0000164872    0.0000064000    0.0001189429   -0.0000172398    0.0000479277    0.0000046841   -0.0000042940    0.0000284793    0.0000182343    0.0000180549    0.0000441955   -0.0000346201   -0.0000197160   -0.0000060070   -0.0000235115    0.0000461035    0.0000076181   -0.0000374314    0.0000293759   -0.0000054033    0.0000785113    0.0000215351   -0.0000058803    0.0000074579    0.0000446438   -0.0000522406    0.0000000886    0.0000105596    0.0000068002   -0.0000096166   -0.0000054445   -0.0000458345   -0.0000473133   -0.0000635859   -0.0000262067    0.0000479829    0.0000208369    0.0000758506   -0.0000078063    0.0000749907    0.0000083840   -0.0000138060    0.0000059125    0.0000102479    0.0000039771   -0.0000153928   -0.0000221973    0.0000464695    0.0000267469   -0.0000035540    0.0000163042    0.0000000903    0.0000330906    0.0000179807   -0.0000421816   -0.0000078673   -0.0000087346   -0.0000012526   -0.0000086508    0.0000087199    0.0000086537    0.0000167599    0.0000035540   -0.0000071462    0.0000125550    0.0000283595    0.0000142242    0.0000005039    0.0000052715   -0.0000067657    0.0000078724    0.0000043653    0.0000337256   -0.0000211992   -0.0000268211   -0.0000239576    0.0000100899   -0.0000293458    0.0000035458    0.0000060460   -0.0000169466   -0.0000087015   -0.0000165872   -0.0000123779    0.0000057804   -0.0000103839   -0.0000147078    0.0000153803   -0.0000223914   -0.0000558031    0.0000242744    0.0000013609    0.0000098209   -0.0000324158   -0.0000200563   -0.0000101031    0.0000224818 
  -0.0000264037    0.0000615698   -0.0000585909   -0.0001828646    0.0000649324   -0.0008285503   -0.0003185505   -0.0001566624   -0.0003865514    0.0002066708   -0.0000558737   -0.0000137163    0.0008197304    0.0000000000   -0.0019171387    0.0012513145   -0.0007806291    0.0001506355    0.0009270384    0.0008251693    0.0000754023   -0.0000288262   -0.0000685132    0.0000985396   -0.0000579485    0.0002505422   -0.0000363230    0.0001256753    0.0000370543    0.0005409059    0.0003036670   -0.0000671800   -0.0000367471    0.0000413430   -0.0001186121    0.0001821590   -0.0000045529   -0.0000121920   -0.0000551284   -0.0000270174    0.0000059069    0.0001039491    0.0000168055    0.0000225281    0.0001000537    0.0000461153   -0.0000689248   -0.0000093145    0.0000094034   -0.0000147115    0.0000549932    0.0001338998    0.0000236548    0.0000491067   -0.0000167900    0.0000196366    0.0000202467   -0.0000229007    0.0000015995    0.0000103332    0.0000314163    0.0000476705   -0.0000153575    0.0001164366    0.0000588129    0.0000942547    0.0000640871   -0.0000168995   -0.0000683310    0.0000426755   -0.0000087412    0.0000203738    0.0000210552    0.0000437736   -0.0000256576    0.0000277913   -0.0000130298   -0.0000362848    0.0000215682    0.0000479263    0.0000210405    0.0000079533   -0.0000047911    0.0000007325    0.0000073800   -0.0000379084    0.0000145902   -0.0000338197    0.0000092866    0.0000022954    0.0000087890   -0.0000153855    0.0000096011   -0.0000263698   -0.0000326018   -0.0000146204   -0.0000045704   -0.0000070372    0.0000263103    0.0000301300   -0.0000131835   -0.0000362731    0.0000118142    0.0000213484   -0.0000337087    0.0000307261    0.0000158316   -0.0000423249   -0.0000043689    0.0000146674   -0.0000150327    0.0000476925    0.0000264184    0.0000206590   -0.0000148357    0.0000122765    0.0000127939    0.0000032910    0.0000019235   -0.0000227743   -0.0000004832   -0.0000059874    0.0000612170   -0.0000017948   -0.0000129299    0.0000347634   -0.0000008424    0.0000354829   -0.0000209236    0.0000387713   -0.0000289372   -0.0000062438    0.0000166158   -0.0000077570    0.0000235556    0.0000336043   -0.0000069519   -0.0000087787   -0.0000270982   -0.0000021723   -0.0000028471    0.0000182850   -0.0000189274   -0.0000102854   -0.0000466386    0.0000167371    0.0000035839   -0.0000024757   -0.0000200850   -0.0000101568   -0.0000149768    0.0000091506 
  -0.0000315037   -0.0000654087   -0.0000176581    0.0001585660    0.0000059706    0.0002290953    0.0001657027    0.0001148637   -0.0008147325   -0.0001900528   -0.0002448240    0.0002200844   -0.0004107178    0.0019171387    0.0000000000    0.0035707848   -0.0032002781    0.0004358764   -0.0002363790    0.0001750958    0.0000139434    0.0000213337   -0.0002639483   -0.0000076453   -0.0000440176   -0.0000395261    0.0000304703   -0.0000244096    0.0000662936   -0.0001307908    0.0001302102   -0.0000123970   -0.0001211919   -0.0002455075   -0.0000988998    0.0000665964   -0.0000641592   -0.0001546044   -0.0001014428   -0.0000437574    0.0000914764   -0.0000404213   -0.0000011835   -0.0000261170    0.0000876912    0.0001026629    0.0000349662    0.0000276833   -0.0000463916    0.0000299580    0.0000045582    0.0001655557    0.0002168872    0.0000045221    0.0000177433   -0.0000386625   -0.0000019166    0.0000337506   -0.0000210610    0.0000000367   -0.0000272908   -0.0000069453    0.0000182056    0.0000290996   -0.0001038609    0.0000948647   -0.0000365729   -0.0000493646    0.0000027853   -0.0000265727    0.0000151745    0.0000106485   -0.0000181292    0.0000140294    0.0000055033    0.0000600940    0.0000037873   -0.0000015633   -0.0000087184   -0.0000379488   -0.0000671366    0.0000326826   -0.0000211845   -0.0000057625   -0.0000110292    0.0000017283    0.0000275885    0.0000573363   -0.0000059857    0.0000442087    0.0000764312   -0.0000013086    0.0000355447   -0.0000015276    0.0000226199   -0.0000223723    0.0000006667   -0.0000093167    0.0000587239    0.0000016061   -0.0000093145   -0.0000140544   -0.0000031302   -0.0000208758    0.0000185959   -0.0000515652   -0.0000496932    0.0000190112    0.0000063404    0.0000158654    0.0000484907    0.0000079217   -0.0000229874   -0.0000376739    0.0000181071   -0.0000228140    0.0000398421    0.0000445086    0.0000126734   -0.0000082414   -0.0000273106   -0.0000105831   -0.0000343988   -0.0000035615    0.0000148012    0.0000203871    0.0000200629   -0.0000108609   -0.0000187907    0.0000239113   -0.0000459638    0.0000044165   -0.0000173604    0.0000157383   -0.0000163718    0.0000152429    0.0000097878   -0.0000375607    0.0000290312   -0.0000239437    0.0000278214    0.0000067238    0.0000371793   -0.0000031726    0.0000158985   -0.0000312685   -0.0000019490   -0.0000175948   -0.0000029090    0.0000010576    0.0000039848   -0.0000026393 
  -0.0000250469    0.0000706770   -0.0001128939   -0.0000558075   -0.0000755052   -0.0001346201   -0.0002948692   -0.0009068998    0.0003453407    0.0003584235   -0.0000693901    0.0001620131   -0.0000306703   -0.0012513145   -0.0035707848    0.0000000000    0.0031837409   -0.0004864434    0.0008579497    0.0007792327   -0.0000690454   -0.0000523325   -0.0005252360    0.0000414753   -0.0000068751    0.0002254718    0.0001471149    0.0000188017    0.0000530072   -0.0002397746    0.0000908517   -0.0000597544   -0.0001673785   -0.0000255298   -0.0000082260   -0.0000429129   -0.0000600557   -0.0000209486    0.0000979369    0.0000274679    0.0000146145    0.0000170671    0.0000651367   -0.0000081929   -0.0000340894   -0.0001735744    0.0000903225   -0.0000599161   -0.0000014090    0.0000247845   -0.0000518070   -0.0001878919    0.0001088735   -0.0000072395    0.0000063470    0.0000197476    0.0000071364    0.0000568064   -0.0000071264   -0.0000431143   -0.0000435509    0.0000044103    0.0000378209    0.0000032604   -0.0000310708   -0.0000415319    0.0000042714   -0.0000129924   -0.0000006197   -0.0000085045    0.0001055441    0.0000161197    0.0000392652   -0.0000498740    0.0000527566   -0.0000888378   -0.0000183703    0.0000232410    0.0000303836    0.0000227993    0.0000509287    0.0000112093   -0.0000372587    0.0000066407   -0.0000283675   -0.0000324592    0.0000002661   -0.0000193551   -0.0000450716   -0.0000322740   -0.0000039304   -0.0000084891   -0.0000536400    0.0000092226   -0.0000203804    0.0000042757    0.0000199791   -0.0000058362   -0.0000261486    0.0000291312   -0.0000152627   -0.0000181314    0.0000321446   -0.0000321990   -0.0000534262   -0.0000084884   -0.0000670308   -0.0000521260    0.0000464651    0.0000107580    0.0000163086    0.0000328083   -0.0000097739   -0.0000060379    0.0000212970   -0.0000264573   -0.0000012494    0.0000003783   -0.0000072576    0.0000009301   -0.0000071569   -0.0000037907   -0.0000079753   -0.0000320050    0.0000027832    0.0000216909    0.0000010340    0.0000287336    0.0000029048   -0.0000074608    0.0000094652    0.0000121185   -0.0000137075   -0.0000053484    0.0000090021    0.0000007532   -0.0000255239    0.0000070822    0.0000086501   -0.0000347884   -0.0000088456    0.0000083230   -0.0000151554    0.0000455155    0.0000141720    0.0000061917    0.0000140302   -0.0000091616    0.0000146836    0.0000145189   -0.0000014325   -0.0000183497 
