  -0.2716657011   -0.0009303459    0.0005997563   -0.0000323328   -0.0003370280    0.0002270814    0.0005921125    0.0001431386   -0.0000095401    0.0000681987   -0.0000742116    0.0002235020    0.0000840090    0.0000224266    0.0002847705   -0.0001457772   -0.0003789370   -0.0002278532    0.0001312318   -0.0000669235    0.0001832983   -0.0000643606    0.0000010675   -0.0001209567    0.0000596780    0.0001365531    0.0001953153    0.0000509434    0.0000048189   -0.0000408616   -0.0000021563    0.0000127410   -0.0000319131   -0.0000681083    0.0000643517   -0.0000350736   -0.0000377349   -0.0001075506   -0.0000523090   -0.0000128182    0.0000077717   -0.0000008538   -0.0001155031    0.0000008729   -0.0000380429    0.0000072537    0.0000038003   -0.0000036713   -0.0000117319   -0.0000523729    0.0000078085   -0.0000639673   -0.0000095651   -0.0000004505   -0.0000171818   -0.0000016111   -0.0000056093    0.0000316081   -0.0000176044    0.0000383758   -0.0000054269    0.0000249844   -0.0000158309    0.0000407440    0.0000156515    0.0000125675   -0.0000706998   -0.0000348597    0.0000457786    0.0000199938    0.0000966507   -0.0000139706   -0.0000090962   -0.0000538627    0.0000152774    0.0000223590    0.0000256091   -0.0000334154    0.0000321593   -0.0000237077    0.0000229375    0.0000421831   -0.0000262905    0.0000051595   -0.0000311326    0.0000248528    0.0000104537    0.0000037385    0.0000101208    0.0000272996    0.0000225487    0.0000279141    0.0000222958    0.0000166739   -0.0000356851   -0.0000048209   -0.0000408410    0.0000292951   -0.0000022564   -0.0000113372    0.0000126844   -0.0000035470   -0.0000006621   -0.0000117576    0.0000054454    0.0000117164   -0.0000007434    0.0000040566    0.0000015500    0.0000330104   -0.0000007365   -0.0000010109   -0.0000114276    0.0000119156   -0.0000265992    0.0000126726    0.0000252122    0.0000022528    0.0000103949    0.0000236533   -0.0000028803   -0.0000088801   -0.0000150731    0.0000447717    0.0000260597    0.0000206913    0.0000222649   -0.0000054967   -0.0000130761   -0.0000026152   -0.0000018695   -0.0000035324    0.0000133172    0.0000104559   -0.0000245169   -0.0000253960    0.0000107021   -0.0000080510   -0.0000241693    0.0000331854    0.0000238422    0.0000089463   -0.0000215682   -0.0000003524    0.0000003618    0.0000246551   -0.0000044726   -0.0000126366    0.0000005024    0.0000190281    0.0000013447    0.0000054394 
  -0.0009303459   -0.2709380645   -0.0020872881   -0.0000133209   -0.0006228422   -0.0000328568    0.0005010770   -0.0000150635   -0.0001636962   -0.0000522311   -0.0002106912   -0.0001783665    0.0000077276    0.0000091418    0.0000071814    0.0000331846    0.0000518621   -0.0000160565   -0.0000083178   -0.0000145270   -0.0000241583    0.0001674961   -0.0001080063   -0.0000163630   -0.0000733663   -0.0000116488    0.0001517674    0.0000019393   -0.0000021418    0.0000564697   -0.0000829506    0.0001564860   -0.0000071217    0.0000878162   -0.0000111181   -0.0000458551   -0.0000075064   -0.0000032444   -0.0000155611    0.0000243472    0.0000666236    0.0000151018   -0.0000158243   -0.0000310429   -0.0000052190   -0.0000473713   -0.0000275789    0.0001252490    0.0000385611    0.0000071770   -0.0000341504    0.0000727078   -0.0000046746   -0.0000089110    0.0000425601    0.0000243766   -0.0000408660    0.0000443586    0.0000448423   -0.0000449944   -0.0000310341    0.0000155126    0.0000060222    0.0000109969   -0.0000051057    0.0000335771    0.0000111696    0.0000688102    0.0000197939   -0.0000276414   -0.0000047021   -0.0000178690    0.0000017262   -0.0000004091   -0.0000691233    0.0000131482    0.0000114099    0.0000435509   -0.0000029678    0.0000225854   -0.0000007171    0.0000239517   -0.0000170135   -0.0000046434   -0.0000147593    0.0000208133    0.0000172443   -0.0000181057    0.0000293671    0.0000690865   -0.0000379900    0.0000119200    0.0000070412   -0.0000074322   -0.0000053822   -0.0000240274   -0.0000204995    0.0000076108   -0.0000011417    0.0000324629    0.0000029798    0.0000275943   -0.0000066488    0.0000177132   -0.0000131188   -0.0000353168   -0.0000391483    0.0000096952   -0.0000094946    0.0000258825   -0.0000235718    0.0000297817   -0.0000100164    0.0000599389    0.0000027363   -0.0000208655    0.0000019348   -0.0000372425   -0.0000053775    0.0000575333    0.0000370132   -0.0000149761   -0.0000323864   -0.0000092050   -0.0000230359    0.0000290489    0.0000313736    0.0000011736   -0.0000161719    0.0000074506    0.0000145108   -0.0000108094   -0.0000053381    0.0000077938   -0.0000074403   -0.0000119450    0.0000152664    0.0000504906    0.0000067403   -0.0000010904   -0.0000152429    0.0000155655    0.0000133238    0.0000033711    0.0000299544    0.0000393519   -0.0000175346    0.0000220591    0.0000265021   -0.0000012240    0.0000023197    0.0000038785 
   0.0005997563   -0.0020872881   -0.2707102187   -0.0002321675   -0.0028535115    0.0006047248   -0.0002396864   -0.0002061564   -0.0002373639   -0.0001852680   -0.0000082804   -0.0000315824   -0.0004733607    0.0000075535   -0.0000571577    0.0000386588    0.0001616676    0.0000833548   -0.0000159433    0.0000229257    0.0000975180   -0.0000184562    0.0001170760   -0.0000784819    0.0001054485   -0.0000945119    0.0000217857    0.0000114548   -0.0000068740    0.0000237210    0.0001206186    0.0000192412   -0.0000685544    0.0000011431    0.0000687051   -0.0000559567    0.0000123360    0.0000816423   -0.0000214241    0.0000216880    0.0000060675    0.0000142205    0.0000187554   -0.0000119016   -0.0000592348    0.0000194213   -0.0000077820    0.0000083399   -0.0000068388   -0.0000002624   -0.0000551225   -0.0000185165    0.0000118237    0.0000593457   -0.0000197763    0.0000022524    0.0000047565   -0.0000040534    0.0000141676   -0.0000042187    0.0000167805   -0.0000573605   -0.0000454111    0.0000425263    0.0000106029    0.0000490934   -0.0000186620    0.0000110417   -0.0000034362    0.0000240047   -0.0000216454    0.0000077269   -0.0000317727    0.0000202864   -0.0000035905   -0.0000047589    0.0000386118   -0.0000060649   -0.0000194683   -0.0000619807   -0.0000239819    0.0000168738   -0.0000126660   -0.0000183166   -0.0000166658   -0.0000144836    0.0000133790    0.0000066691   -0.0000293679   -0.0000016025   -0.0000342834    0.0000077526   -0.0000294289    0.0000367030    0.0000929464   -0.0000049655    0.0000885218    0.0000152223   -0.0000475551   -0.0000162388    0.0000146189   -0.0000041785   -0.0000109248   -0.0000380745    0.0000105052    0.0000120582    0.0000136230   -0.0000361621    0.0000237871    0.0000029338    0.0000498843    0.0000082304    0.0000158595   -0.0000137193   -0.0000117774   -0.0000167165    0.0000057829    0.0000045873    0.0000125558    0.0000229059   -0.0000092314   -0.0000111865    0.0000371087    0.0000170840   -0.0000160536   -0.0000030717    0.0000487465   -0.0000135179   -0.0000040662    0.0000231036   -0.0000414437    0.0000170127    0.0000600116    0.0000177624    0.0000035358    0.0000104662   -0.0000097356    0.0000201996   -0.0000207112    0.0000128468    0.0000099598    0.0000154053   -0.0000342915   -0.0000080481    0.0000105346   -0.0000050868   -0.0000277318   -0.0000060359    0.0000031721    0.0000261317    0.0000321623    0.0000087169 
  -0.0000323328   -0.0000133209   -0.0002321675   -0.2701222295    0.0047820425    0.0011667910   -0.0000366839   -0.0000396341    0.0001393975    0.0000148453    0.0003039684    0.0003869189   -0.0000829579   -0.0000819436   -0.0000396606   -0.0000462306    0.0000028743   -0.0000576406    0.0000045699   -0.0000648501    0.0000013791   -0.0001198469   -0.0001733980   -0.0002857701   -0.0000107587   -0.0000040030    0.0000217189    0.0000312083   -0.0000445453    0.0000028609   -0.0000843470   -0.0000125587    0.0000059388    0.0000154810   -0.0001031333    0.0000233145    0.0000766664   -0.0000448320    0.0000395783   -0.0000212014   -0.0000218901   -0.0000381149   -0.0000526743    0.0000128564    0.0000282742   -0.0000210125    0.0000163299    0.0000406352   -0.0000736383   -0.0000271195    0.0000083156    0.0000336359   -0.0000361503    0.0000335602   -0.0001219416    0.0000102861    0.0000337432    0.0000022898    0.0000064741   -0.0000108727   -0.0000226280    0.0000037022   -0.0000010065   -0.0000100517    0.0000112313    0.0000388551   -0.0000541178   -0.0000111534    0.0000182321    0.0000633830    0.0000660760   -0.0000010652   -0.0000026177   -0.0000038460    0.0000018592   -0.0000375843   -0.0000246338   -0.0000108594   -0.0000015009   -0.0000021845   -0.0000046948   -0.0000149996    0.0000556657    0.0000426336   -0.0000039395    0.0000004487    0.0000208060   -0.0000375218    0.0000120141   -0.0000240760   -0.0000160778   -0.0000071159   -0.0000191155   -0.0000174412    0.0000093498   -0.0000201967   -0.0000210383    0.0000024340   -0.0000306930    0.0000290724    0.0000114702    0.0000009642    0.0000278589   -0.0000274922    0.0000320954   -0.0000683692    0.0000060974   -0.0000510647   -0.0000289717    0.0000194595   -0.0000167533   -0.0000106749   -0.0000061955   -0.0000035036    0.0000097055   -0.0000460300    0.0000008822   -0.0000043777    0.0000234101   -0.0000000351   -0.0000041958   -0.0000021278   -0.0000159183   -0.0000055706    0.0000099348   -0.0000045611   -0.0000122030    0.0000088985   -0.0000021676    0.0000082539   -0.0000152319   -0.0000311620   -0.0000358916    0.0000312884    0.0000033493    0.0000127991    0.0000079893    0.0000265881   -0.0000086515   -0.0000100340   -0.0000281485    0.0000060045    0.0000012110    0.0000036326   -0.0000025367    0.0000188127   -0.0000054761    0.0000312134   -0.0000165953    0.0000058091   -0.0000006280   -0.0000108587 
  -0.0003370280   -0.0006228422   -0.0028535115    0.0047820425   -0.2696371384   -0.0004632473    0.0002625225    0.0000473993    0.0000610752   -0.0002354015   -0.0000032461   -0.0004581244    0.0000589672    0.0001803510   -0.0001873407   -0.0000075086    0.0000135348   -0.0001988653   -0.0002200329    0.0000144594   -0.0000169040    0.0000737559   -0.0000122125   -0.0000277795    0.0000519180   -0.0001185313    0.0002317412    0.0000741969   -0.0000090168    0.0000694026    0.0000149386    0.0000787391   -0.0001023322    0.0001986742    0.0000380642   -0.0000093108    0.0000168047    0.0000258164   -0.0001410807    0.0000670455    0.0000111931    0.0000069813    0.0001094615   -0.0000179689   -0.0000802164   -0.0000074711   -0.0000414753   -0.0000592421    0.0000335911    0.0000017643    0.0000585483   -0.0000174567    0.0000031053    0.0000232689    0.0000165423   -0.0000340563    0.0000181409   -0.0001159662   -0.0000334264    0.0000061583    0.0000274415   -0.0000922629    0.0000446798   -0.0000257186   -0.0000336962   -0.0000120332   -0.0000239363   -0.0000012340    0.0000121692    0.0000004111   -0.0000245089   -0.0000124301   -0.0000310039    0.0000297993   -0.0000288320    0.0000084950   -0.0000060583    0.0000955482   -0.0000105875    0.0000272033    0.0000290695    0.0000058045   -0.0000238069    0.0000019090    0.0000303351   -0.0000258958   -0.0000118480    0.0000242670   -0.0000006707   -0.0000268270    0.0000232645   -0.0000164799   -0.0000182637   -0.0000208236   -0.0000011722    0.0000236754    0.0000086978    0.0000274282   -0.0000438478   -0.0000176132    0.0000272599   -0.0000052861   -0.0000327613   -0.0000215888    0.0000325004   -0.0000507229    0.0000150731    0.0000362128   -0.0000103427   -0.0000109381   -0.0000038981   -0.0000007017   -0.0000117186    0.0000011211    0.0000362157   -0.0000295648    0.0000294943   -0.0000063169    0.0000187870    0.0000021137   -0.0000279390    0.0000096063   -0.0000189325    0.0000018398   -0.0000122647    0.0000064330    0.0000138324   -0.0000051014    0.0000004726   -0.0000102935    0.0000167643   -0.0000099142   -0.0000149592    0.0000512065   -0.0000243971   -0.0000040816    0.0000091315    0.0000100135    0.0000014573   -0.0000305446   -0.0000278472    0.0000172479   -0.0000107874   -0.0000077835   -0.0000134855    0.0000124962   -0.0000012734    0.0000039668   -0.0000240289    0.0000260759   -0.0000139420   -0.0000091932 
   0.0002270814   -0.0000328568    0.0006047248    0.0011667910   -0.0004632473   -0.2685567083   -0.0008616246   -0.0009194681   -0.0003070994   -0.0000384405    0.0004873475   -0.0001989682   -0.0001428226    0.0000558509    0.0001650559    0.0001055147    0.0000529631    0.0000234218   -0.0001252564   -0.0000577251    0.0000184533   -0.0003092162   -0.0002532396    0.0000228588    0.0001330620   -0.0000043455   -0.0000327003    0.0000366736   -0.0000011397   -0.0000697701   -0.0001739492   -0.0001092704    0.0000769090   -0.0000020583   -0.0000813998   -0.0000162947    0.0000781070   -0.0000001789   -0.0000699185    0.0000473552    0.0000956438   -0.0000026083    0.0000983338   -0.0000080657   -0.0000547543   -0.0000245875    0.0000180020    0.0000520165    0.0000716435    0.0000312950   -0.0000789375   -0.0000924466    0.0000457941    0.0000341379   -0.0000431731   -0.0001456229    0.0000086728   -0.0000651705    0.0000155266    0.0000459668   -0.0000388110   -0.0000229948    0.0000061418    0.0000350052   -0.0000095828   -0.0000015912   -0.0000330854    0.0000098209   -0.0000131548    0.0000746746    0.0000972093   -0.0000449591    0.0000068423    0.0000054304   -0.0000185297    0.0000130004   -0.0000339762    0.0000087059   -0.0000048000    0.0000104868   -0.0000355491    0.0000330391    0.0000459991   -0.0000943943    0.0000094034   -0.0000340938    0.0000205899    0.0000079974   -0.0000295384    0.0000135480    0.0000280522   -0.0000172009    0.0000038589   -0.0000058157   -0.0000010898    0.0000193228    0.0000045149   -0.0000119450   -0.0000448187    0.0000124529    0.0000050095   -0.0000261736   -0.0000332464   -0.0000016985   -0.0000158051   -0.0000183548   -0.0000275914   -0.0000192530    0.0000238158    0.0000208280    0.0000114599   -0.0000160639   -0.0000093968    0.0000236835    0.0000035461   -0.0000026415   -0.0000113511   -0.0000313817   -0.0000085685   -0.0000112321   -0.0000115643   -0.0000060040   -0.0000262478    0.0000234372    0.0000490405    0.0000410512   -0.0000009219   -0.0000152414    0.0000001493   -0.0000324460    0.0000575634   -0.0000121501   -0.0000028811    0.0000015692   -0.0000294134    0.0000105066   -0.0000124330   -0.0000182218   -0.0000121412    0.0000210801    0.0000043852    0.0000316052    0.0000247801   -0.0000120883   -0.0000168694   -0.0000487480    0.0000026005    0.0000611406   -0.0000048381   -0.0000072459   -0.0000229529   -0.0000060361 
   0.0005921125    0.0005010770   -0.0002396864   -0.0000366839    0.0002625225   -0.0008616246   -0.2678731709   -0.0191434577   -0.0005847920   -0.0019793921   -0.0001636962   -0.0002134033   -0.0001809243   -0.0005301825    0.0001556040    0.0001326577   -0.0000901314   -0.0000510331    0.0001876273   -0.0001413746   -0.0001088515    0.0000134076    0.0000576435   -0.0001922651   -0.0002993820   -0.0000478954    0.0000038494   -0.0000294759   -0.0000195830   -0.0000343606    0.0000508258    0.0001271894    0.0000071630    0.0000104552   -0.0000405066   -0.0000488171    0.0000258392   -0.0000461696   -0.0000128005   -0.0000444204   -0.0000251204   -0.0000225509    0.0000097996    0.0000503091   -0.0000065922    0.0001007740    0.0000282521   -0.0000331405    0.0000082995   -0.0001027511   -0.0000008094    0.0000178888   -0.0000008749    0.0000449848    0.0000227875    0.0000133033    0.0000073712    0.0000082252    0.0000441668    0.0000070322    0.0000671219   -0.0000292995   -0.0000193353    0.0000511999   -0.0000242406   -0.0000066347   -0.0000108910   -0.0000367177   -0.0000134407    0.0000108352    0.0000258208   -0.0000084296    0.0000029266   -0.0000400818    0.0000519665   -0.0000023670   -0.0000261479    0.0000001365   -0.0000003632    0.0000126278    0.0000119781    0.0000092888   -0.0000623313    0.0000216211    0.0000011464   -0.0000010777   -0.0000246301    0.0000139905   -0.0000121376    0.0000110652   -0.0000334830    0.0000311443   -0.0000038744    0.0000065101   -0.0000024204    0.0000163512   -0.0000105772   -0.0000153906   -0.0000407859   -0.0000098341   -0.0000099084    0.0000562125    0.0000048095   -0.0000050977    0.0000241355   -0.0000106316   -0.0000094409    0.0000029808   -0.0000092910    0.0000180902   -0.0000179616    0.0000352757    0.0000222833   -0.0000383237   -0.0000170267    0.0000076652    0.0000124882    0.0000270938    0.0000182865    0.0000121559    0.0000140397    0.0000192522   -0.0000035576   -0.0000048422   -0.0000070398   -0.0000152554    0.0000157890    0.0000127064   -0.0000064066   -0.0000149658    0.0000221826    0.0000485201    0.0000163424    0.0000128292   -0.0000188024    0.0000208457   -0.0000008388    0.0000274929   -0.0000507030   -0.0000072987   -0.0000120707    0.0000060219   -0.0000022418   -0.0000056309    0.0000265558    0.0000023056   -0.0000167276   -0.0000124815   -0.0000439037    0.0000093402    0.0000043996    0.0000094350 
   0.0001431386   -0.0000150635   -0.0002061564   -0.0000396341    0.0000473993   -0.0009194681   -0.0191434577   -0.2677335234    0.0001032803   -0.0003133100   -0.0002892392    0.0001028467    0.0000500085   -0.0002361879   -0.0000038753   -0.0007961374   -0.0001476073    0.0003880876    0.0000509052   -0.0000902490   -0.0000698480   -0.0000603233   -0.0001656954    0.0001682237    0.0003163676   -0.0000083259   -0.0000127020    0.0000043782   -0.0000731811   -0.0000057647   -0.0001750811    0.0000221128   -0.0000034212   -0.0000014215    0.0000150092   -0.0000018472   -0.0000485400    0.0000291121   -0.0000293252   -0.0000252527   -0.0000904548    0.0000086552   -0.0000079173    0.0000501422    0.0000662186   -0.0000085266    0.0000739323   -0.0000235335   -0.0000840310   -0.0000612898   -0.0000549094   -0.0001236100    0.0000519055    0.0000000687   -0.0000304961    0.0000468767   -0.0000565300    0.0000514197    0.0000666096    0.0000435244   -0.0000188598    0.0000133768   -0.0000040134   -0.0000076005   -0.0000333971   -0.0000123933    0.0000019144   -0.0000257848   -0.0000238371   -0.0000398965    0.0000111505    0.0000297853   -0.0000117025   -0.0000355682   -0.0000350442    0.0000294120    0.0000136744   -0.0000158632    0.0000427872   -0.0000254055    0.0000223627   -0.0000021097    0.0000189840    0.0000003477   -0.0000241958   -0.0000062377   -0.0000012795    0.0000094225    0.0000176735   -0.0000296788   -0.0000341409    0.0000002735    0.0000211353    0.0000255187    0.0000120361    0.0000046149   -0.0000092755   -0.0000243082    0.0000187164   -0.0000504965   -0.0000081098    0.0000032403    0.0000349912   -0.0000050351   -0.0000037150   -0.0000017124    0.0000165864    0.0000041590    0.0000046819    0.0000340674    0.0000277038   -0.0000025627    0.0000030475   -0.0000765856    0.0000004994    0.0000080488   -0.0000092336   -0.0000137803    0.0000096019    0.0000009517   -0.0000040776    0.0000003522   -0.0000129159   -0.0000324379    0.0000008118   -0.0000110946   -0.0000265911   -0.0000103979   -0.0000102781   -0.0000145763   -0.0000082208   -0.0000079062    0.0000127483    0.0000029370    0.0000062648   -0.0000247088   -0.0000240862   -0.0000618506   -0.0000065603    0.0000074726   -0.0000038255   -0.0000003850   -0.0000106081   -0.0000416656   -0.0000053724    0.0000073837    0.0000027128   -0.0000074866   -0.0000049809   -0.0000022449   -0.0000075990   -0.0000131688 
  -0.0000095401   -0.0001636962   -0.0002373639    0.0001393975    0.0000610752   -0.0003070994   -0.0005847920    0.0001032803   -0.2666971925    0.0015606703   -0.0000849056    0.0012963691   -0.0001160617   -0.0003530287   -0.0004332745   -0.0000635388   -0.0001364796   -0.0002432511    0.0000695128    0.0000085788    0.0000449209   -0.0000225428   -0.0000001018    0.0001363106    0.0000837811    0.0000151054    0.0001913611   -0.0001345319    0.0000249197   -0.0001971381   -0.0000187186    0.0000013951   -0.0001358476    0.0000798783   -0.0000351397    0.0000050706    0.0000432981    0.0000342063    0.0000629663    0.0000070155   -0.0000075660   -0.0000123051    0.0000658401   -0.0000332493   -0.0000666478   -0.0000290731    0.0000164394   -0.0000853613    0.0000490185    0.0000073366    0.0000333030    0.0001509736   -0.0000091903    0.0000401310    0.0000216821   -0.0000113063    0.0000050466    0.0000018707   -0.0000761078    0.0000051286   -0.0000320094    0.0000176198    0.0000128138   -0.0000478932    0.0000383024    0.0000074902   -0.0001942937    0.0000259112   -0.0000143197    0.0000097275    0.0000308312    0.0000146174    0.0000159514   -0.0000680664   -0.0000239892    0.0000309767   -0.0000159125   -0.0000645664   -0.0000213874    0.0000439118    0.0000221643   -0.0000186789    0.0000349420    0.0000020719   -0.0000012998    0.0000332743   -0.0000064458   -0.0000272856   -0.0000044366   -0.0000092145   -0.0000140302    0.0000010854    0.0000166438   -0.0000057485    0.0000040050   -0.0000163887   -0.0000615412   -0.0000161873   -0.0000384655    0.0000244773   -0.0000649169    0.0000079893    0.0000119612   -0.0000267873   -0.0000112277   -0.0000046621   -0.0000332207    0.0000449679   -0.0000053875   -0.0000103633    0.0000133635    0.0000014794   -0.0000002541    0.0000102487    0.0000627576    0.0000312715   -0.0000302285   -0.0000315434    0.0000036696    0.0000009537   -0.0000265029   -0.0000016052    0.0000033400   -0.0000192221    0.0000276120   -0.0000032458   -0.0000107756   -0.0000179344    0.0000211529    0.0000158610    0.0000186907    0.0000231293    0.0000446637    0.0000050309    0.0000200578    0.0000000477    0.0000143124    0.0000020400   -0.0000095725    0.0000156067   -0.0000271857    0.0000081429   -0.0000064874   -0.0000190626    0.0000211992    0.0000545867   -0.0000108315   -0.0000380804    0.0000142374    0.0000020260   -0.0000062215   -0.0000289298 
   0.0000681987   -0.0000522311   -0.0001852680    0.0000148453   -0.0002354015   -0.0000384405   -0.0019793921   -0.0003133100    0.0015606703   -0.2658446082   -0.0025111548    0.0006503675   -0.0002855496   -0.0000651698   -0.0000776293    0.0000953571    0.0004378682   -0.0003414453    0.0001065363    0.0000203356    0.0000501077   -0.0001753457    0.0000273569    0.0000778057   -0.0001273438    0.0000208104    0.0001097335    0.0000432201    0.0000165585    0.0000818995   -0.0004239990   -0.0000817893    0.0000892200    0.0000491405   -0.0000926083   -0.0000547712   -0.0000231668    0.0000181431   -0.0000080033   -0.0000452928    0.0001694291    0.0000704617   -0.0000042019    0.0000412636    0.0000506428   -0.0000031678    0.0002359821    0.0000468414    0.0000910134   -0.0000425550   -0.0000500460    0.0000281103   -0.0000789890    0.0000463387    0.0000062783   -0.0000191729    0.0001693335    0.0000100311   -0.0000633448    0.0000650676    0.0000007956    0.0000432900    0.0000330009    0.0000165541    0.0000065817    0.0000112482    0.0000265205   -0.0000443013    0.0000130357    0.0000168562   -0.0000252122   -0.0000113144   -0.0000174317    0.0000553460   -0.0000380458   -0.0000487965    0.0000596978    0.0000514373    0.0000041231   -0.0000578640   -0.0000109557   -0.0000119347   -0.0000009117    0.0000936152    0.0000463879   -0.0000016143   -0.0000011200    0.0000026174   -0.0000274775    0.0000280757   -0.0000032330    0.0000606239    0.0000441587    0.0000355557    0.0000176897   -0.0000337491   -0.0000056613   -0.0000156016    0.0000091285    0.0000214241   -0.0000368059   -0.0000267609   -0.0000129732   -0.0000025225   -0.0000172531   -0.0000131063    0.0000003434    0.0000026058    0.0000243464    0.0000727960    0.0000306754   -0.0000312325   -0.0000298603   -0.0000377283    0.0000026431    0.0000272967    0.0000058315   -0.0000168341    0.0000125300    0.0000216696    0.0000056188   -0.0000030060    0.0000475580    0.0000176228    0.0000082069   -0.0000254394    0.0000277854    0.0000393894   -0.0000043987   -0.0000026861   -0.0000033901    0.0000083686    0.0000288659    0.0000228662   -0.0000074439    0.0000058273   -0.0000022174   -0.0000000278   -0.0000063307    0.0000188333    0.0000019856   -0.0000153333   -0.0000058099   -0.0000023985   -0.0000118201    0.0000040293   -0.0000046271    0.0000062986    0.0000109057    0.0000060958    0.0000030080   -0.0000173641 
  -0.0000742116   -0.0002106912   -0.0000082804    0.0003039684   -0.0000032461    0.0004873475   -0.0001636962   -0.0002892392   -0.0000849056   -0.0025111548   -0.2652125198   -0.0001462329    0.0000023323    0.0005280584   -0.0012564594    0.0003103848    0.0001575517   -0.0001465563    0.0002657491    0.0001927943    0.0001334515   -0.0000234380    0.0000394041    0.0000783863   -0.0000040443   -0.0002111469   -0.0000258576   -0.0002739295   -0.0001853342   -0.0000313553    0.0000087236   -0.0000461998   -0.0000221797    0.0000513991   -0.0000754023    0.0001654087    0.0000165651   -0.0000746746   -0.0000224641   -0.0000825169   -0.0000125786    0.0000269277   -0.0000136164    0.0000962465    0.0000262155    0.0000345076    0.0000258362    0.0000914176    0.0000095012   -0.0000716957    0.0000254100    0.0000584344   -0.0000532836   -0.0001169804   -0.0000209243   -0.0000168812    0.0000052730    0.0000374887    0.0000047805    0.0000268924   -0.0000619314    0.0000102670    0.0000611781   -0.0000289783   -0.0000223870    0.0000478888   -0.0000064533    0.0000296604   -0.0000336962    0.0000058548    0.0000422772    0.0000005408    0.0000315993   -0.0000063866   -0.0000086662    0.0000157000    0.0000262589   -0.0000468605    0.0000448570    0.0000201732    0.0000073062   -0.0000656527   -0.0000190325   -0.0000220658    0.0000078475    0.0000373425    0.0000425366   -0.0000127204    0.0000022320    0.0000064596   -0.0000012727    0.0000310377    0.0000104074    0.0000279559    0.0000081554    0.0000812969    0.0000147622   -0.0000083362    0.0000267719   -0.0000062688   -0.0000133870    0.0000083347    0.0000085597    0.0000210405    0.0000006351    0.0000043212    0.0000052972    0.0000008710   -0.0000235923   -0.0000147144   -0.0000010604    0.0000032282    0.0000563058   -0.0000189825    0.0000039153   -0.0000076791    0.0000208075   -0.0000182306   -0.0000344988   -0.0000313259   -0.0000600807    0.0000008137    0.0000139346    0.0000032858   -0.0000201026   -0.0000124227   -0.0000198086   -0.0000094865   -0.0000043514    0.0000272327    0.0000003648   -0.0000004116   -0.0000103508    0.0000355770   -0.0000047246   -0.0000283484    0.0000141206    0.0000125286    0.0000213999    0.0000027211    0.0000198674    0.0000285564   -0.0000202173    0.0000504142    0.0000159088    0.0000031667    0.0000059440   -0.0000145689   -0.0000146615   -0.0000125058    0.0000019501   -0.0000172538 
   0.0002235020   -0.0001783665   -0.0000315824    0.0003869189   -0.0004581244   -0.0001989682   -0.0002134033    0.0001028467    0.0012963691    0.0006503675   -0.0001462329   -0.2646024811   -0.0006984062    0.0008121601   -0.0011372446   -0.0001424992    0.0000341629   -0.0000264095   -0.0002532837   -0.0000204260    0.0000615735   -0.0000601704   -0.0001285124   -0.0000934094    0.0000222333   -0.0001521716   -0.0000351000   -0.0001060732   -0.0001680326    0.0000918807    0.0000427108   -0.0000225229    0.0000083752   -0.0000140816   -0.0000568299   -0.0000107955   -0.0000081069    0.0000010673   -0.0000059976    0.0000327620    0.0000440235   -0.0000300323    0.0000061129    0.0001498343   -0.0000397539   -0.0000213918    0.0000179535    0.0000084288    0.0000296832   -0.0000597250   -0.0000792903   -0.0000018525   -0.0000246198   -0.0000392784   -0.0000016739    0.0000370808   -0.0000116069    0.0000044993   -0.0000383656   -0.0000356255    0.0000272996   -0.0000134605   -0.0000235218    0.0000143690   -0.0000095129   -0.0000063595    0.0000536202    0.0000246853   -0.0000291018    0.0000095563   -0.0000100274    0.0000068475    0.0000115290   -0.0000395842   -0.0000545250    0.0000188531    0.0000003476   -0.0000306879   -0.0000010633   -0.0000360077    0.0000059697   -0.0000219871   -0.0000239723    0.0000035260   -0.0000148695    0.0000177815   -0.0000051324    0.0000481475   -0.0000082796    0.0000082135   -0.0000187025    0.0000091043    0.0000082929    0.0000351044   -0.0000164975   -0.0000170083    0.0000023028    0.0000109212    0.0000185408   -0.0000065010    0.0000054865   -0.0000080863   -0.0000198740   -0.0000114592    0.0000129850    0.0000017013   -0.0000145182    0.0000154016   -0.0000034000   -0.0000660003    0.0000180086   -0.0000152017    0.0000074675   -0.0000176478    0.0000088647    0.0000088242    0.0000147754    0.0000076622    0.0000253372   -0.0000307393   -0.0000034924    0.0000148791   -0.0000180270   -0.0000153017    0.0000110777    0.0000050344    0.0000175206    0.0000189215   -0.0000021162    0.0000474779   -0.0000172612   -0.0000111475    0.0000342959    0.0000067783    0.0000037659   -0.0000011535   -0.0000346443    0.0000022748    0.0000081025   -0.0000133892    0.0000001470   -0.0000010643    0.0000021296   -0.0000044256   -0.0000353058    0.0000232564    0.0000231021   -0.0000119920    0.0000041149   -0.0000146850    0.0000167893    0.0000071754 
   0.0000840090    0.0000077276   -0.0004733607   -0.0000829579    0.0000589672   -0.0001428226   -0.0001809243    0.0000500085   -0.0001160617   -0.0002855496    0.0000023323   -0.0006984062   -0.2638968940    0.0001905011    0.0001613075   -0.0011204134    0.0000086074   -0.0000172707   -0.0005023339    0.0000594031    0.0001322535   -0.0001666141   -0.0002378931    0.0000603365   -0.0004056758    0.0000208273    0.0000044908   -0.0000303498    0.0001191707    0.0000120435    0.0000257760   -0.0000906826    0.0000506663   -0.0000103383   -0.0000333816   -0.0000772471   -0.0000293987   -0.0000076277   -0.0000732737   -0.0000934021    0.0000470318   -0.0000140066    0.0000064124    0.0000236570   -0.0000014059    0.0001676945   -0.0000628568    0.0000423543   -0.0000277252    0.0000090330   -0.0000097371   -0.0000003065    0.0001097041   -0.0000225046    0.0000171722   -0.0000291709    0.0000324879   -0.0000064644   -0.0000788273    0.0000991056   -0.0000330869    0.0000303086   -0.0000095769   -0.0000144263   -0.0000155200   -0.0000103133    0.0000261104   -0.0000718817   -0.0000392718   -0.0000334500   -0.0000148622   -0.0000118509   -0.0000038754   -0.0000029888    0.0000405080    0.0000348428    0.0000079952   -0.0000063807   -0.0000054175   -0.0000305541    0.0000438000   -0.0000105309    0.0000176617    0.0000371300    0.0000146630   -0.0000098246   -0.0000361172    0.0000053451   -0.0000565807    0.0000008205    0.0000235335    0.0000395834    0.0000061695   -0.0000167136   -0.0000569541    0.0000038812    0.0000017227    0.0000273591   -0.0000349773    0.0000341541    0.0000085516   -0.0000069364   -0.0000274429   -0.0000161579   -0.0000249058    0.0000017357    0.0000081730   -0.0000190464    0.0000142881   -0.0000371756   -0.0000266624    0.0000563918    0.0000169150   -0.0000433069   -0.0000360217    0.0000042751    0.0000323534   -0.0000000480    0.0000361753   -0.0000062815   -0.0000035227   -0.0000336609    0.0000207391   -0.0000087022   -0.0000056005   -0.0000070109    0.0000691372   -0.0000566513   -0.0000115628    0.0000044126    0.0000161484    0.0000275010    0.0000440558    0.0000085361    0.0000043629    0.0000460160    0.0000337403    0.0000099113   -0.0000150268   -0.0000072214   -0.0000106970    0.0000006857    0.0000195786    0.0000312935   -0.0000003570   -0.0000040773    0.0000172854    0.0000062209   -0.0000044093   -0.0000020844    0.0000272643   -0.0000033596 
   0.0000224266    0.0000091418    0.0000075535   -0.0000819436    0.0001803510    0.0000558509   -0.0005301825   -0.0002361879   -0.0003530287   -0.0000651698    0.0005280584    0.0008121601    0.0001905011   -0.2632721555   -0.0012347038   -0.0018122562   -0.0001697525    0.0005403988   -0.0000078467   -0.0000334852   -0.0001192516   -0.0004277180   -0.0002909370   -0.0000343371   -0.0000013411   -0.0001927135   -0.0000175846    0.0000105419    0.0000162858   -0.0000218688    0.0003299575    0.0000127042    0.0000124507   -0.0000334095   -0.0002230978    0.0000002714   -0.0000255077   -0.0001220960   -0.0000050603   -0.0000096019   -0.0003169482    0.0000055411   -0.0000048885   -0.0000273459    0.0000023448   -0.0000538179    0.0000644436    0.0000015998   -0.0000522443   -0.0000301874    0.0001581544    0.0000001662    0.0000145123    0.0000016315   -0.0000421698   -0.0000603975    0.0000152392    0.0000123955    0.0000328649    0.0000419398    0.0000312862    0.0000312325   -0.0000068194   -0.0000049290   -0.0000296435   -0.0000260832    0.0000384141    0.0000395070   -0.0000064165   -0.0000563286    0.0000045442    0.0000309238   -0.0000015571   -0.0000257010   -0.0000237687    0.0000760931   -0.0000045647    0.0000071621    0.0000142315    0.0000282470   -0.0000044437    0.0000234152   -0.0000110491    0.0000470303   -0.0000500386   -0.0000437045   -0.0000048257   -0.0000243575    0.0000134231    0.0000226883   -0.0000040535   -0.0000377327    0.0000108183   -0.0000146358    0.0000328245    0.0000115981    0.0000045288   -0.0000412607   -0.0000055545   -0.0000005828   -0.0000141397    0.0000335808   -0.0000653182    0.0000197822    0.0000071706    0.0000190442   -0.0000025413   -0.0000253085   -0.0000209442   -0.0000184188    0.0000092211   -0.0000103413   -0.0000175507    0.0000004723   -0.0000020990    0.0000343165    0.0000031167   -0.0000201577   -0.0000140118   -0.0000063859   -0.0000200019   -0.0000114628   -0.0000488766    0.0000129211   -0.0000013610    0.0000154450    0.0000015091    0.0000130482    0.0000052893   -0.0000248874   -0.0000441374    0.0000042474   -0.0000430687   -0.0000019260   -0.0000214057   -0.0000163432    0.0000019371   -0.0000162212   -0.0000144388    0.0000127116    0.0000113967   -0.0000182688    0.0000028851    0.0000160587   -0.0000295443   -0.0000308540   -0.0000021675    0.0000110505    0.0000114783    0.0000368757   -0.0000150400   -0.0000148989 
   0.0002847705    0.0000071814   -0.0000571577   -0.0000396606   -0.0001873407    0.0001650559    0.0001556040   -0.0000038753   -0.0004332745   -0.0000776293   -0.0012564594   -0.0011372446    0.0001613075   -0.0012347038   -0.2626180176    0.0003496919    0.0001439324   -0.0000357799    0.0000827595   -0.0000217497    0.0000169561    0.0002367391    0.0001759337    0.0000532064    0.0000282147    0.0000194816   -0.0001143271    0.0000949382   -0.0000142426    0.0000517114   -0.0000104111    0.0000421463   -0.0000541420   -0.0000989512    0.0000183783   -0.0000120611    0.0000976283   -0.0000065734    0.0000096327    0.0000464247    0.0001032656   -0.0000218342    0.0000228316   -0.0000439889    0.0000709666    0.0000241061   -0.0000270306   -0.0001430210   -0.0000214035   -0.0000304490   -0.0000283212   -0.0000146791    0.0000809000    0.0000390866    0.0000374424   -0.0000726181    0.0000197138    0.0001492170   -0.0000124338   -0.0001107110    0.0000137251    0.0000406131   -0.0000060815    0.0000267991   -0.0000469899   -0.0000054344   -0.0000193691    0.0000185297   -0.0000183063   -0.0000050604   -0.0001276231   -0.0000008810    0.0000089360    0.0000135737    0.0000332096    0.0000037581   -0.0000442535    0.0000118862    0.0000759829   -0.0000051702   -0.0000507126    0.0000120986    0.0000226824    0.0000243288   -0.0000285101    0.0000432606   -0.0000012326    0.0000657071    0.0000083803   -0.0001279097   -0.0000351566    0.0000094152    0.0000191824    0.0000163307    0.0000579044    0.0000017726    0.0000300911    0.0000098246    0.0000317279   -0.0000094196   -0.0000251946    0.0000092233    0.0000138780    0.0000377621    0.0000075343   -0.0000061454   -0.0000415488   -0.0000052798   -0.0000387933    0.0000061261   -0.0000162572   -0.0000441323   -0.0000223083    0.0000075865   -0.0000021506    0.0000015487    0.0000097474   -0.0000516144   -0.0000417825   -0.0000429747    0.0000524148    0.0000123081   -0.0000248617   -0.0000353132   -0.0000115393   -0.0000283859    0.0000083730    0.0000053059   -0.0000382847    0.0000215079    0.0000113761   -0.0000005209    0.0000033960    0.0000187304    0.0000233042   -0.0000358166   -0.0000140309    0.0000246066   -0.0000180255    0.0000084141   -0.0000116532   -0.0000156574    0.0000137729   -0.0000178521   -0.0000059643    0.0000019922    0.0000114107    0.0000326488    0.0000024002    0.0000145711    0.0000095181   -0.0000061960 
  -0.0001457772    0.0000331846    0.0000386588   -0.0000462306   -0.0000075086    0.0001055147    0.0001326577   -0.0007961374   -0.0000635388    0.0000953571    0.0003103848   -0.0001424992   -0.0011204134   -0.0018122562    0.0003496919   -0.2623460726   -0.0041959643    0.0025084353    0.0006968186   -0.0006824937    0.0004158553   -0.0000005258   -0.0000989145   -0.0000482886    0.0002820805    0.0000162954    0.0000495763   -0.0000205752   -0.0001621527   -0.0001406176    0.0001174288   -0.0000873237   -0.0000097062   -0.0000056692    0.0000747849    0.0000503414    0.0000322659   -0.0000718354    0.0000724138    0.0001368398    0.0000216652    0.0000017851    0.0000222605    0.0000073180    0.0000431342   -0.0000314119    0.0000393622   -0.0000249425    0.0000193162   -0.0000101237   -0.0000173596   -0.0000467459    0.0000503378    0.0000769825    0.0000210853    0.0000223686   -0.0000221356   -0.0000182945   -0.0000194441   -0.0000144168   -0.0000916308    0.0000420537   -0.0000037551   -0.0000344451    0.0000196631   -0.0000748216    0.0000130754   -0.0000337351   -0.0000130357    0.0000571437    0.0000125492    0.0000287409    0.0000209942   -0.0000277751   -0.0000134363   -0.0000673740   -0.0000158338    0.0000382884   -0.0000134186    0.0000091660   -0.0000293958   -0.0000190354    0.0000126917   -0.0000100267   -0.0000433414   -0.0000282749    0.0000255915    0.0000386265    0.0000123434   -0.0000053672    0.0000432429   -0.0000074123   -0.0000035375    0.0000082958    0.0000298941   -0.0000039583    0.0000216718    0.0000086082    0.0000016591    0.0000261927    0.0000005518   -0.0000124066    0.0000051767   -0.0000243332   -0.0000312759    0.0000385405   -0.0000173758   -0.0000458595   -0.0000479476   -0.0000195190    0.0000176757    0.0000107793   -0.0000360761    0.0000115400    0.0000125087    0.0000036197   -0.0000219901   -0.0000053938    0.0000048499    0.0000161521    0.0000046199    0.0000172303    0.0000129821   -0.0000004013    0.0000147549   -0.0000059823   -0.0000002117   -0.0000216608    0.0000080003   -0.0000191192    0.0000344525    0.0000031158    0.0000105860    0.0000082164   -0.0000027070    0.0000275693    0.0000301315   -0.0000023641    0.0000178536    0.0000275546    0.0000240657    0.0000003666    0.0000076034   -0.0000396533   -0.0000120773   -0.0000031731    0.0000154869    0.0000075829    0.0000474713   -0.0000175331    0.0000071418   -0.0000040167 
