   0.0000000000    0.0001894869    0.0015716216   -0.0012811549    0.0005878863   -0.0001568608    0.0005937074    0.0001169951   -0.0000068662    0.0000918880    0.0001095424   -0.0003514705    0.0000728614    0.0002563045    0.0000890951   -0.0003841407   -0.0000258002    0.0003658763   -0.0000163777   -0.0000122008    0.0001196190    0.0000409880    0.0000279486   -0.0000318543    0.0000980398   -0.0000716531    0.0001737508   -0.0000449650   -0.0000997671    0.0000645259    0.0000014755   -0.0000131563    0.0000200431   -0.0000594170    0.0000107036    0.0000899697   -0.0000445791   -0.0001256533    0.0000324180    0.0000332229    0.0001095350   -0.0000131518   -0.0000779453    0.0000264051   -0.0000276311   -0.0000428328   -0.0000008516   -0.0000384339   -0.0000265962   -0.0000103920   -0.0000084678    0.0000302506    0.0000273099   -0.0000569842   -0.0000579823   -0.0000073749   -0.0000175081   -0.0000286387   -0.0000158713   -0.0000593693   -0.0000208979   -0.0000544772    0.0000000326    0.0000118803    0.0000055242    0.0000289416    0.0000310422   -0.0000671653   -0.0000146409    0.0000206708   -0.0001071610    0.0000205987   -0.0000659555   -0.0000454868    0.0000109491    0.0000398135   -0.0000197278    0.0000456801    0.0000052495    0.0000133657    0.0000231403   -0.0000084759   -0.0000446343   -0.0000140566    0.0000102957    0.0000443278   -0.0000135399   -0.0000198851   -0.0000045187   -0.0000196932   -0.0000075961   -0.0000324739   -0.0000091094   -0.0000075094    0.0000728497   -0.0000043242    0.0000297647   -0.0000043865   -0.0000089683   -0.0000390748    0.0000447460    0.0000026653    0.0000069242    0.0000310289   -0.0000025956   -0.0000131915   -0.0000098679   -0.0000130570    0.0000108072    0.0000094784    0.0000085501    0.0000014458    0.0000048834    0.0000080871    0.0000311789   -0.0000264095    0.0000075968   -0.0000380958    0.0000161734   -0.0000136656   -0.0000025920   -0.0000155134    0.0000365450   -0.0000112512   -0.0000020881   -0.0000371786    0.0000247499    0.0000019996   -0.0000150680    0.0000114878   -0.0000239407   -0.0000273341    0.0000149687   -0.0000120295    0.0000032100   -0.0000168143   -0.0000109160   -0.0000198667    0.0000689888   -0.0000336175   -0.0000080246   -0.0000191148    0.0000075189    0.0000002055    0.0000084935    0.0000290070   -0.0000001462    0.0000229691    0.0000086001    0.0000263588   -0.0000135002    0.0000015846 
  -0.0001894869    0.0000000000    0.0044361579    0.0021678426    0.0002765166   -0.0003386156   -0.0003393727   -0.0000554070   -0.0000208082   -0.0000260942   -0.0000984882    0.0002880118    0.0006038649    0.0001255210   -0.0000448849   -0.0000106720    0.0000449099   -0.0002459559    0.0000529345   -0.0000237562    0.0000392468    0.0000069406   -0.0000007792   -0.0000228787   -0.0000877941   -0.0000422992   -0.0000827448   -0.0001535901   -0.0000901681    0.0001709873   -0.0000461402    0.0000313126    0.0000017723    0.0000851629    0.0000191479    0.0000466136   -0.0000342754   -0.0000287233    0.0000327466   -0.0000290753    0.0000374586   -0.0000424903    0.0000152767   -0.0000063215    0.0000565719   -0.0000198321    0.0000153759    0.0001209641    0.0000499350    0.0000110902   -0.0000761078   -0.0000959231    0.0000007772    0.0000123066    0.0000297339    0.0000040840    0.0000084884   -0.0000637050    0.0000819804    0.0000500261    0.0000259597    0.0000267550    0.0000852437    0.0000134120    0.0000046229   -0.0000062009   -0.0000593774    0.0000127586   -0.0000377349   -0.0000137376    0.0000380150   -0.0000130122   -0.0000209986   -0.0000021896   -0.0000552982   -0.0000150496   -0.0000177602    0.0000046667   -0.0000110733    0.0000204223    0.0000018017   -0.0000216454   -0.0000107102    0.0000151598    0.0000184129    0.0000190112   -0.0000038973   -0.0000323468    0.0000031218   -0.0000205958    0.0000361231   -0.0000315148    0.0000335007    0.0000166254   -0.0000028335   -0.0000071233    0.0000403860   -0.0000023728   -0.0000366222    0.0000359048   -0.0000126109   -0.0000253806    0.0000081113   -0.0000669580   -0.0000188179    0.0000131857    0.0000289078    0.0000370124    0.0000216961   -0.0000076314    0.0000099921   -0.0000138765   -0.0000072125   -0.0000205752   -0.0000025807    0.0000128321   -0.0000005641    0.0000595119    0.0000105618   -0.0000421199    0.0000684691    0.0000202290   -0.0000403750   -0.0000031631   -0.0000120744   -0.0000194081   -0.0000232403   -0.0000246470    0.0000179226    0.0000209045   -0.0000082054    0.0000183328    0.0000025945    0.0000053280    0.0000197822   -0.0000273533    0.0000292598   -0.0000667691   -0.0000047880    0.0000057096   -0.0000120494   -0.0000508434    0.0000011412   -0.0000059041   -0.0000192905    0.0000715612   -0.0000103038   -0.0000062364   -0.0000208133   -0.0000141683    0.0000128409    0.0000080091 
  -0.0015716216   -0.0044361579    0.0000000000    0.0001223458   -0.0005035392   -0.0004385076   -0.0010264821    0.0002311826   -0.0000300286   -0.0003123105    0.0001553026    0.0005154754   -0.0002751054   -0.0001189649    0.0000233027    0.0000451554    0.0000822082   -0.0002440008    0.0000253923   -0.0000041811    0.0001165689   -0.0000757036    0.0000211169    0.0000076549    0.0001329664    0.0000413849   -0.0000824508   -0.0000260229   -0.0000715142   -0.0000916014   -0.0000998920   -0.0000178800   -0.0000131041    0.0000698156   -0.0000395673    0.0001128351    0.0000192699   -0.0000275355    0.0000159242    0.0000413650    0.0000310620   -0.0000030015    0.0000502371    0.0000115959   -0.0000160587   -0.0000034001   -0.0000168584    0.0000275943    0.0000390800    0.0000153575    0.0000436927   -0.0000228860   -0.0000044209   -0.0000776440    0.0001059263   -0.0000014356    0.0000026129   -0.0000017692    0.0000490537    0.0000257635    0.0000077379   -0.0000764533   -0.0000131070    0.0000375446    0.0000211367    0.0000629619    0.0000151811   -0.0000854495   -0.0000158456   -0.0000222620   -0.0000232160   -0.0000210963    0.0000392718   -0.0000374534    0.0000158669    0.0000094644    0.0000187833   -0.0000137465   -0.0000207641   -0.0000305210    0.0000192816    0.0000187539    0.0000371308    0.0000294575    0.0000376717    0.0000242119   -0.0000020629   -0.0000112350    0.0000088706   -0.0000422162    0.0000159036    0.0000261310   -0.0000060630    0.0000148225   -0.0000294869   -0.0000293737    0.0000359247    0.0000113151    0.0000099855   -0.0000501988    0.0000081231    0.0000087721    0.0000039727    0.0000387999   -0.0000072167    0.0000111034   -0.0000010562   -0.0000237004   -0.0000376350   -0.0000026299    0.0000329899   -0.0000035639    0.0000160271   -0.0000133716    0.0000151694    0.0000081076   -0.0000012027   -0.0000165850   -0.0000102839   -0.0000484893   -0.0000403339   -0.0000083649   -0.0000446519   -0.0000099664   -0.0000491081   -0.0000154443    0.0000148284    0.0000009906    0.0000158176   -0.0000127520    0.0000279567   -0.0000053747    0.0000190126    0.0000039329    0.0000086905    0.0000354785    0.0000234086    0.0000609201    0.0000163373    0.0000116113    0.0000022136   -0.0000306181   -0.0000169966    0.0000257774   -0.0000031354   -0.0000037356    0.0000046466    0.0000206818   -0.0000019836    0.0000351515    0.0000172920    0.0000119876 
   0.0012811549   -0.0021678426   -0.0001223458    0.0000000000    0.0005504534   -0.0006751292    0.0006758054   -0.0005962504   -0.0000228375    0.0000044832   -0.0002770311    0.0008802198    0.0000482467   -0.0000760858    0.0000139846   -0.0000675048   -0.0000728092    0.0001358623   -0.0000248837   -0.0000020502   -0.0000237945   -0.0000071158   -0.0000381384    0.0000969741   -0.0000166041    0.0000209648   -0.0001119752   -0.0000634374   -0.0001742212    0.0000377482    0.0000069930   -0.0000049739   -0.0000364009    0.0000536004    0.0000438919   -0.0000792315    0.0000269373   -0.0000443572    0.0000704029   -0.0000553254    0.0000328076   -0.0000696517    0.0001484085   -0.0000248514    0.0000322578    0.0000061188   -0.0000253622    0.0000700119   -0.0000427725    0.0000082870   -0.0000017247    0.0000295545    0.0000622534   -0.0000704404    0.0000721955   -0.0000295104   -0.0000228081   -0.0000181917   -0.0000452406   -0.0000122934   -0.0000013631    0.0000248506    0.0000148872   -0.0000124007    0.0000098055   -0.0000112188   -0.0000324614    0.0000855451   -0.0000096386   -0.0000065408    0.0000447335    0.0000125403   -0.0000292554    0.0000225700   -0.0000211728   -0.0000145667   -0.0000313979   -0.0000040650   -0.0000025095   -0.0000260619    0.0000104250    0.0000138890   -0.0000616977   -0.0000398083   -0.0000604975    0.0000021631   -0.0000072864    0.0000057278    0.0000247000   -0.0000343378   -0.0000430460   -0.0000154252    0.0000079143   -0.0000118193    0.0000065043   -0.0000023248   -0.0000276583   -0.0000114452    0.0000597728    0.0000531094    0.0000265058    0.0000026423   -0.0000158154   -0.0000463402   -0.0000231587   -0.0000154171   -0.0000024091   -0.0000524869   -0.0000101722    0.0000135818   -0.0000040095    0.0000028133    0.0000033046    0.0000019575    0.0000021149   -0.0000167437    0.0000109572    0.0000099723   -0.0000120795   -0.0000214021   -0.0000480652    0.0000081583    0.0000255665   -0.0000259641   -0.0000469715    0.0000030406   -0.0000368243    0.0000032539    0.0000228529   -0.0000007152    0.0000192353    0.0000072019    0.0000022194   -0.0000152025   -0.0000089926   -0.0000396871    0.0000003315    0.0000163402    0.0000118318    0.0000010613    0.0000226398   -0.0000231219    0.0000032967    0.0000036555    0.0000029616   -0.0000176845    0.0000047820   -0.0000032765   -0.0000207325    0.0000207972   -0.0000125065   -0.0000006554 
  -0.0005878863   -0.0002765166    0.0005035392   -0.0005504534    0.0000000000    0.0039275472    0.0001555011    0.0000980619   -0.0004784321    0.0004059551    0.0001435061   -0.0001671653    0.0000071283   -0.0001167232    0.0000782026   -0.0000927626    0.0000587938   -0.0001330914   -0.0001879213    0.0002356587   -0.0002198271   -0.0002294628   -0.0000091895    0.0000402074    0.0001158412   -0.0000665567    0.0000480586    0.0000909913   -0.0000005196    0.0000101840    0.0001298354    0.0000120023   -0.0000390219   -0.0001977555   -0.0000721338   -0.0000828550    0.0000376115   -0.0001278509    0.0001048017   -0.0000909766   -0.0000438860    0.0000037829    0.0000169150    0.0000209750    0.0000284278   -0.0000044201   -0.0000222635    0.0000909178   -0.0000043169   -0.0000244390   -0.0000731995   -0.0000057583   -0.0000100098    0.0000742483    0.0000055789   -0.0000038285    0.0000022051   -0.0001099907    0.0000058146   -0.0000004495   -0.0000055048   -0.0000226023   -0.0000376306   -0.0000269696   -0.0000044426    0.0000524773   -0.0000005474    0.0000034006   -0.0000343665   -0.0000455949   -0.0000456250   -0.0000075799    0.0000210493   -0.0000022445    0.0000626943   -0.0000059534   -0.0000069242    0.0001162087   -0.0000467481    0.0000107933   -0.0000183725    0.0000160668    0.0000004184   -0.0001025453   -0.0000050079    0.0000165886    0.0000158029    0.0000004355   -0.0000016265   -0.0000301315    0.0000082061    0.0000088140    0.0000465746   -0.0000155170   -0.0000164946    0.0000222723    0.0000312979   -0.0000075814    0.0000482746    0.0000173523    0.0000083891   -0.0000004016   -0.0000059568    0.0000210632    0.0000039602    0.0000189928   -0.0000423521    0.0000169025   -0.0000183666   -0.0000143242   -0.0000209971   -0.0000289129    0.0000228823   -0.0000099422   -0.0000072001   -0.0000128013    0.0000228132    0.0000122272   -0.0000115165   -0.0000044675   -0.0000343981   -0.0000250182   -0.0000046319    0.0000255922    0.0000039766    0.0000008611   -0.0000023715   -0.0000081539   -0.0000333324   -0.0000160411    0.0000057685    0.0000011637   -0.0000216880    0.0000122647   -0.0000074513    0.0000091307   -0.0000081098    0.0000266506   -0.0000226126   -0.0000040035   -0.0000167261   -0.0000021983   -0.0000178242    0.0000242097    0.0000176309   -0.0000140581   -0.0000039094    0.0000167231   -0.0000018672    0.0000093005   -0.0000016253   -0.0000127042 
   0.0001568608    0.0003386156    0.0004385076    0.0006751292   -0.0039275472    0.0000000000    0.0000500805    0.0011073306   -0.0014592421   -0.0000836635   -0.0003013886    0.0000613177   -0.0000951072   -0.0000235424   -0.0001025233    0.0000741748    0.0001607489   -0.0000136950   -0.0001239775    0.0002621770   -0.0001182373   -0.0000651911   -0.0000689983    0.0000138736   -0.0001082709   -0.0000852584    0.0000192405   -0.0000241002   -0.0000239657    0.0000101737   -0.0000124249   -0.0000595978   -0.0002789053   -0.0000201702    0.0001395298   -0.0001145403   -0.0001008475    0.0000246235    0.0001935072    0.0000455515    0.0000404786   -0.0000205620    0.0000819142    0.0000750495    0.0000962171   -0.0000107896    0.0000384222   -0.0000228772    0.0000310422   -0.0000388279    0.0000112989   -0.0000017115   -0.0000174890    0.0000641290   -0.0000037107    0.0000115827    0.0000916161   -0.0000227397    0.0000058782    0.0000046389   -0.0000512999   -0.0000483401   -0.0000129225    0.0000067093    0.0000410828   -0.0000135017    0.0000011893   -0.0000127697   -0.0000449474    0.0000031779    0.0000428144   -0.0000027846   -0.0000127623   -0.0000043585   -0.0000168172    0.0000320109   -0.0000077468    0.0000219710    0.0000450907    0.0000068868    0.0000283109    0.0000038754    0.0000115937   -0.0000080525   -0.0000043067   -0.0000129336   -0.0000183401    0.0000380517    0.0000047195   -0.0000002510   -0.0000046373    0.0000060425    0.0000158096    0.0000067146   -0.0000073029    0.0000091050   -0.0000075535    0.0000231293    0.0000498321    0.0000032707    0.0000044726   -0.0000113166   -0.0000367846   -0.0000121258    0.0000240539   -0.0000122324   -0.0000275789    0.0000261912   -0.0000199674    0.0000203569   -0.0000241120   -0.0000051949   -0.0000090719   -0.0000142609    0.0000184048   -0.0000122037   -0.0000261530    0.0000073017    0.0000302035    0.0000091476   -0.0000036912   -0.0000037665   -0.0000188987   -0.0000228867    0.0000039625    0.0000222084    0.0000165438    0.0000007923    0.0000044889    0.0000162439    0.0000003600   -0.0000387889    0.0000071770    0.0000095431   -0.0000193544    0.0000078511    0.0000106955   -0.0000006935   -0.0000177595    0.0000167467    0.0000041437    0.0000398458   -0.0000111159   -0.0000147225   -0.0000112842    0.0000267484   -0.0000475867    0.0000036196   -0.0000006683    0.0000012285   -0.0000181696   -0.0000006386 
  -0.0005937074    0.0003393727    0.0010264821   -0.0006758054   -0.0001555011   -0.0000500805    0.0000000000    0.0050974987    0.0000003997   -0.0002640806   -0.0000887570   -0.0007685754   -0.0002067811    0.0000137722    0.0001471002    0.0000529036   -0.0000712760    0.0002806178   -0.0000036444    0.0000186238    0.0000071284    0.0000118766   -0.0000600381    0.0002360777    0.0001393461   -0.0000269814   -0.0000735868    0.0000496733    0.0000678099   -0.0000037001    0.0000152355   -0.0000155185   -0.0000031099    0.0000112203   -0.0000007756   -0.0000473339    0.0000618822   -0.0000056500   -0.0000276414   -0.0000178190    0.0000126543    0.0000268285    0.0000069163   -0.0000152686   -0.0000453163    0.0000427101    0.0000210000   -0.0001306806   -0.0000673181   -0.0000510404    0.0000003389    0.0001742506   -0.0000195139    0.0000321946   -0.0000050530    0.0000099907   -0.0000264110   -0.0000127902    0.0000183438   -0.0000273628    0.0000007249   -0.0000043867   -0.0000024884    0.0000590936    0.0000208677    0.0000129108    0.0000062078   -0.0000366060    0.0000062588    0.0000084112    0.0000361268    0.0000591098   -0.0000235710   -0.0000357703    0.0000176955    0.0000044544   -0.0000471068   -0.0000242244   -0.0000118252    0.0000012124    0.0000089690    0.0000107249    0.0000296133   -0.0000333089   -0.0000111630    0.0000233336    0.0000106654    0.0000090771   -0.0000502878    0.0000482938   -0.0000035090   -0.0000184886   -0.0000288196   -0.0000308856   -0.0000093336    0.0000194110   -0.0000111600   -0.0000101605    0.0000110255    0.0000126506    0.0000108072   -0.0000098892    0.0000182012   -0.0000247492    0.0000066895   -0.0000037392   -0.0000098841    0.0000007014   -0.0000201335    0.0000458426    0.0000023440    0.0000215821   -0.0000056263    0.0000928361   -0.0000105698   -0.0000432018   -0.0000405617    0.0000146079    0.0000365288    0.0000120883   -0.0000213455   -0.0000115849    0.0000128093    0.0000156435   -0.0000077732    0.0000312016   -0.0000050611    0.0000110050    0.0000251902   -0.0000024005   -0.0000210860   -0.0000142492    0.0000041684   -0.0000139155    0.0000025293   -0.0000246948    0.0000017275    0.0000232601    0.0000003314   -0.0000001140   -0.0000027341    0.0000005252   -0.0000053973    0.0000377357   -0.0000048628   -0.0000086346    0.0000000865    0.0000066738   -0.0000079011    0.0000060328   -0.0000103934    0.0000122640 
  -0.0001169951    0.0000554070   -0.0002311826    0.0005962504   -0.0000980619   -0.0011073306   -0.0050974987    0.0000000000    0.0003230266   -0.0010368454    0.0000140640   -0.0003127441   -0.0001159368    0.0003117519    0.0006039678   -0.0010053145   -0.0000540612   -0.0000422558   -0.0000501474   -0.0000276950   -0.0000241252    0.0000480880    0.0000507324    0.0002308078   -0.0001422199   -0.0001078372   -0.0000199394    0.0000113901    0.0000328047    0.0000571562    0.0000430430   -0.0000596765   -0.0000072648    0.0000096937   -0.0000011289    0.0000070525    0.0000164894   -0.0000114783   -0.0000206957   -0.0000088875    0.0001989682   -0.0000016032   -0.0000905356   -0.0001086310   -0.0000504664   -0.0000296795   -0.0000645443    0.0000268880   -0.0000154898    0.0000672079    0.0000154965    0.0000070286   -0.0000479571   -0.0000751083    0.0000040493    0.0000212654   -0.0000294663    0.0000121420   -0.0000392461   -0.0000508787    0.0000078173    0.0000478065   -0.0000149790    0.0000169172   -0.0000214690   -0.0000131077   -0.0000222863    0.0000141404    0.0000490023    0.0000483158   -0.0000168657   -0.0000531814    0.0000244486    0.0000001226    0.0000163498    0.0000643833    0.0000214785    0.0000183769    0.0000426513   -0.0000627598   -0.0000258318   -0.0000204576   -0.0000221194   -0.0000014075   -0.0000432047   -0.0000043579    0.0000162270    0.0000365252   -0.0000218019   -0.0000106647    0.0000004973    0.0000019640    0.0000225406    0.0000607319    0.0000290099    0.0000113982    0.0000123955   -0.0000556870   -0.0000272768    0.0000122860    0.0000010717   -0.0000531594   -0.0000203834   -0.0000067890    0.0000097033    0.0000412269    0.0000463497   -0.0000072947    0.0000215542   -0.0000027439    0.0000197888   -0.0000352889    0.0000005966    0.0000005998    0.0000185342   -0.0000267579   -0.0000025525   -0.0000260582    0.0000087779   -0.0000343496    0.0000177433   -0.0000178153    0.0000206788    0.0000135465   -0.0000008916    0.0000201541   -0.0000520422   -0.0000179212    0.0000022134   -0.0000288269    0.0000213381   -0.0000407954   -0.0000344224   -0.0000213844    0.0000192456    0.0000177014    0.0000083531   -0.0000385956    0.0000694217   -0.0000212911    0.0000009181   -0.0000115702   -0.0000093534    0.0000069515   -0.0000271754   -0.0000126675   -0.0000178271    0.0000082083    0.0000126432    0.0000002950    0.0000020635    0.0000216005 
   0.0000068662    0.0000208082    0.0000300286    0.0000228375    0.0004784321    0.0014592421   -0.0000003997   -0.0003230266    0.0000000000   -0.0004968656    0.0007208380    0.0001049414   -0.0001177816    0.0000437883   -0.0001574268    0.0000290261   -0.0004226907    0.0000150724    0.0000046352   -0.0000368963    0.0000228309   -0.0000053692   -0.0002156156   -0.0001084914   -0.0000353587   -0.0000413342    0.0000351228   -0.0002768400   -0.0000711592    0.0000212088    0.0000173163    0.0000235784    0.0000601917   -0.0000006538   -0.0000781511    0.0000100384    0.0000417796   -0.0000085817    0.0000248271   -0.0000163270    0.0000219099   -0.0000107065    0.0000215660   -0.0000323953   -0.0000464210    0.0000010612   -0.0000162403    0.0000654645   -0.0001954844   -0.0000282235   -0.0000044436   -0.0000781291    0.0000043239   -0.0000536467    0.0000204054    0.0000289592   -0.0000093380   -0.0000081804   -0.0000194220   -0.0000002020   -0.0000060535    0.0000225611   -0.0000333184   -0.0000453825    0.0000242296    0.0000070905    0.0000079334   -0.0000402493    0.0000569269    0.0000085200    0.0000170289    0.0000123272   -0.0000381634    0.0000151503    0.0000289974    0.0000024288    0.0000617440   -0.0000696216   -0.0000266117    0.0000306048   -0.0000113063   -0.0000205091    0.0000081583   -0.0000140890   -0.0000009536   -0.0000277700   -0.0000053243    0.0000279905    0.0000017924   -0.0000057079   -0.0000156023   -0.0000539509    0.0000194382   -0.0000003988    0.0000093814    0.0000302910   -0.0000366648   -0.0000167768    0.0000145946    0.0000560861   -0.0000440345   -0.0000196594   -0.0000327098    0.0000338932    0.0000221892    0.0000015796    0.0000084568    0.0000198542   -0.0000005357   -0.0000399201   -0.0000290004   -0.0000010144    0.0000022624   -0.0000003928   -0.0000417921    0.0000068136   -0.0000342085    0.0000262897    0.0000033374    0.0000104170   -0.0000224193    0.0000288813   -0.0000173031    0.0000141250    0.0000341276   -0.0000431606   -0.0000093189   -0.0000231337   -0.0000171222   -0.0000166291   -0.0000271034    0.0000080988    0.0000048217    0.0000087610    0.0000038946   -0.0000103427   -0.0000072160   -0.0000258407    0.0000279765   -0.0000163681   -0.0000036088   -0.0000126153    0.0000043571    0.0000423889   -0.0000204819    0.0000231815   -0.0000112203   -0.0000258421   -0.0000174037    0.0000028738   -0.0000040878   -0.0000328752 
  -0.0000918880    0.0000260942    0.0003123105   -0.0000044832   -0.0004059551    0.0000836635    0.0002640806    0.0010368454    0.0004968656    0.0000000000    0.0015097357   -0.0009289494   -0.0000023141   -0.0000479410    0.0000718413   -0.0000457264   -0.0000213999   -0.0000579978   -0.0001298942   -0.0002309695   -0.0000634330    0.0001028761   -0.0000409696    0.0000960921    0.0000462365   -0.0000060292   -0.0002211427    0.0000599903    0.0000545919    0.0000341416   -0.0000360063   -0.0000327973   -0.0000945634   -0.0000064271   -0.0000158066    0.0000354580    0.0000006504    0.0001040079    0.0000059879    0.0000646869    0.0000211228   -0.0000679870    0.0000516299    0.0000023120    0.0000201283    0.0000147475    0.0002379886   -0.0000421640   -0.0000030051   -0.0000680612    0.0001189208    0.0000129240   -0.0001151871   -0.0000154825   -0.0000416833   -0.0000105588   -0.0000060015    0.0000273959   -0.0000257914    0.0000736603   -0.0000016355   -0.0000682259    0.0000410409    0.0000191023    0.0000318124    0.0000030721    0.0000036216    0.0000266403    0.0000011741   -0.0000080187   -0.0000391520   -0.0000082363    0.0000206737    0.0000106264   -0.0000378312   -0.0000396944    0.0000201166   -0.0000205679   -0.0000044129    0.0000534629   -0.0000080621   -0.0000325533    0.0000024712   -0.0000517710   -0.0000232807   -0.0000105985    0.0000193323    0.0000199439    0.0000234990   -0.0000281000    0.0000108903   -0.0000432047   -0.0000535776   -0.0000154509    0.0000022815   -0.0000311076    0.0000073358    0.0000131776   -0.0000194580   -0.0000492404    0.0000272379   -0.0000236210   -0.0000059150    0.0000042960    0.0000220643    0.0000103082   -0.0000057207   -0.0000046596    0.0000205201   -0.0000298919    0.0000025294   -0.0000590804   -0.0000029060    0.0000385464   -0.0000056917   -0.0000402537   -0.0000097283   -0.0000001287    0.0000004019    0.0000070570   -0.0000098055   -0.0000208229    0.0000201011    0.0000296516   -0.0000104714   -0.0000107955    0.0000150569   -0.0000026911    0.0000361393    0.0000067373    0.0000025721    0.0000086530   -0.0000162013   -0.0000010133   -0.0000387213    0.0000019224    0.0000125749   -0.0000118436   -0.0000108028    0.0000156912   -0.0000047426   -0.0000010865    0.0000180763    0.0000047185   -0.0000002350    0.0000029264    0.0000164130   -0.0000098415   -0.0000006588   -0.0000092189    0.0000060118   -0.0000237592 
  -0.0001095424    0.0000984882   -0.0001553026    0.0002770311   -0.0001435061    0.0003013886    0.0000887570   -0.0000140640   -0.0007208380   -0.0015097357    0.0000000000   -0.0010495607    0.0001696569   -0.0001117032    0.0006474496   -0.0010907934    0.0000219114    0.0000614338   -0.0005813302   -0.0000430783   -0.0000258230   -0.0000328532    0.0000906753   -0.0000026659    0.0000321174   -0.0001754339    0.0000385647   -0.0000661164   -0.0000811205    0.0001338190    0.0000755125   -0.0000489538   -0.0000428130   -0.0000926891   -0.0000053284    0.0000937402   -0.0000017224    0.0000866329    0.0000377313   -0.0000456081   -0.0001263001    0.0000018774    0.0000137516   -0.0000224531    0.0000031103   -0.0000198468    0.0000446034    0.0000063036   -0.0000589253   -0.0000413974    0.0000377688    0.0000010512   -0.0000538495   -0.0001853121   -0.0000474272   -0.0000095122   -0.0000003244    0.0000605938   -0.0000609598   -0.0000411467    0.0000123390   -0.0000034139   -0.0000642841    0.0000176632   -0.0000496660   -0.0000508758   -0.0000142205   -0.0000044749   -0.0000068345    0.0000469326    0.0000539715   -0.0000260560    0.0000274400   -0.0000053008    0.0000193823    0.0000060846    0.0000163020   -0.0000535261   -0.0000325136    0.0000167511   -0.0000665920   -0.0000201386    0.0000150474   -0.0000144734   -0.0000046815   -0.0000040964    0.0000114665   -0.0000110498   -0.0000101391   -0.0000097863   -0.0000130306    0.0000079489   -0.0000545617   -0.0000105441   -0.0000070289    0.0000052393   -0.0000066031    0.0000087566   -0.0000099510    0.0000051251    0.0000154369   -0.0000111872   -0.0000029330   -0.0000000617   -0.0000084207    0.0000018267   -0.0000071660   -0.0000355733    0.0000063119   -0.0000167239    0.0000042931    0.0000139986    0.0000412761    0.0000235196   -0.0000100495   -0.0000144704    0.0000107815   -0.0000013300    0.0000342776   -0.0000085016   -0.0000498108   -0.0000028997   -0.0000102589   -0.0000085288   -0.0000038884   -0.0000105368    0.0000366398   -0.0000126660   -0.0000439867    0.0000218269    0.0000120332    0.0000089536   -0.0000153840   -0.0000087882   -0.0000355983    0.0000226097   -0.0000036496    0.0000447210    0.0000125991   -0.0000005154   -0.0000063870    0.0000267623   -0.0000048823   -0.0000047969    0.0000034891   -0.0000178499   -0.0000054022   -0.0000286527   -0.0000295428    0.0000101825   -0.0000046170    0.0000163689 
   0.0003514705   -0.0002880118   -0.0005154754   -0.0008802198    0.0001671653   -0.0000613177    0.0007685754    0.0003127441   -0.0001049414    0.0009289494    0.0010495607    0.0000000000    0.0083046122   -0.0010840316   -0.0004537586   -0.0003214316   -0.0000095504   -0.0008134095   -0.0000190810    0.0000044281    0.0000431988    0.0000066936    0.0000579860    0.0000729768   -0.0000572422    0.0000578662   -0.0002301096   -0.0000235982    0.0002393042    0.0003242981    0.0001126661   -0.0000063359    0.0000213330   -0.0000016904    0.0000068303    0.0000140691    0.0000386228   -0.0000154972    0.0000120905   -0.0000882204    0.0000414400    0.0000042810    0.0001440353   -0.0000605989   -0.0000137560   -0.0000334926    0.0000366354   -0.0000967610   -0.0000317558    0.0000105544   -0.0000041885   -0.0000076372    0.0000342445   -0.0000715840   -0.0000429364   -0.0000466540   -0.0000425234   -0.0000097761    0.0001146505    0.0000625885   -0.0000616124   -0.0000323732   -0.0000411637    0.0000305593    0.0000423213   -0.0000054199    0.0000164380    0.0000854422   -0.0000152098   -0.0000094343    0.0000660282   -0.0000139059    0.0000151422    0.0000012638    0.0000177786    0.0000504260    0.0000047413    0.0000155104    0.0000054071   -0.0000135723   -0.0000046699    0.0000053061   -0.0000068843   -0.0000157750   -0.0000437038   -0.0000100135    0.0000064535    0.0000313832   -0.0000045483   -0.0000003496    0.0000000191    0.0000151062    0.0000228008    0.0000340975   -0.0000436935   -0.0000102479    0.0000375585   -0.0000046000    0.0000182482    0.0000171884    0.0000168665    0.0000164791    0.0000043715    0.0000348810    0.0000276134   -0.0000000315    0.0000067670    0.0000670984   -0.0000080981    0.0000043746   -0.0000080510    0.0000091418   -0.0000039989   -0.0000073309    0.0000103111    0.0000134488   -0.0000069829    0.0000120222    0.0000343959   -0.0000360224    0.0000038083   -0.0000005099   -0.0000007318   -0.0000117598    0.0000082840   -0.0000060121    0.0000022134   -0.0000094299   -0.0000076622    0.0000186981   -0.0000189729   -0.0000098870    0.0000090447    0.0000048311   -0.0000000061   -0.0000078989   -0.0000258936    0.0000193845   -0.0000113871   -0.0000153156    0.0000126932   -0.0000270137    0.0000001529    0.0000531954    0.0000319829    0.0000340512    0.0000186518   -0.0000023842   -0.0000574627    0.0000442837   -0.0000153487   -0.0000015824 
  -0.0000728614   -0.0006038649    0.0002751054   -0.0000482467   -0.0000071283    0.0000951072    0.0002067811    0.0001159368    0.0001177816    0.0000023141   -0.0001696569   -0.0083046122    0.0000000000   -0.0000721161    0.0001189429    0.0006731962    0.0000529367   -0.0006355943   -0.0004931906    0.0001775580   -0.0000017731   -0.0000368853    0.0001364061   -0.0000275539   -0.0004109162   -0.0000491596   -0.0000137134   -0.0000437582   -0.0001154737    0.0000541001    0.0000562199   -0.0000852437    0.0000884409   -0.0000223090    0.0000636028    0.0001630053   -0.0000015371   -0.0001031407    0.0000235629    0.0001069479    0.0001016192    0.0000232190    0.0000217659    0.0000131092   -0.0000062411    0.0001177375    0.0000080312    0.0000139126   -0.0000757257   -0.0000246375   -0.0000634999   -0.0000359636   -0.0000331398    0.0000662862    0.0000261376   -0.0000183938   -0.0000242200   -0.0000439610   -0.0000385522   -0.0001220078    0.0000412533    0.0000109917    0.0000093542   -0.0000193257   -0.0000306967   -0.0000253460   -0.0000368735   -0.0000251652    0.0000256091   -0.0000220614    0.0000445299   -0.0000509331   -0.0000412423   -0.0000085935    0.0000894111    0.0000457191   -0.0000039265    0.0000526265   -0.0000328017    0.0000139493   -0.0000469546    0.0000153046   -0.0000901902    0.0000316742    0.0000343356   -0.0000313648   -0.0000077578    0.0000421368   -0.0000177264    0.0000006417   -0.0000190200   -0.0000331023    0.0000301499    0.0000107198   -0.0000624988    0.0000002410   -0.0000126212   -0.0000229977    0.0000268108   -0.0000344819   -0.0000099128    0.0000104963   -0.0000292054    0.0000306776   -0.0000093233    0.0000085376    0.0000062304    0.0000078247    0.0000234049    0.0000419935    0.0000083406   -0.0000076615   -0.0000028164    0.0000119575    0.0000008908    0.0000034599    0.0000177859   -0.0000090565    0.0000288703   -0.0000001549   -0.0000067222    0.0000098341    0.0000190486    0.0000144667    0.0000058846   -0.0000170679   -0.0000353962   -0.0000101524    0.0000187818    0.0000254313    0.0000423874   -0.0000281323   -0.0000115915   -0.0000039672   -0.0000020222    0.0000745423    0.0000014952   -0.0000217710    0.0000083289   -0.0000006478   -0.0000065394    0.0000002121    0.0000284425   -0.0000192148    0.0000054767    0.0000335698   -0.0000006328    0.0000283822   -0.0000386096    0.0000024199   -0.0000138927   -0.0000176132 
  -0.0002563045   -0.0001255210    0.0001189649    0.0000760858    0.0001167232    0.0000235424   -0.0000137722   -0.0003117519   -0.0000437883    0.0000479410    0.0001117032    0.0010840316    0.0000721161    0.0000000000   -0.0038218562   -0.0000320969   -0.0000459763   -0.0002102576   -0.0001059483   -0.0000542170    0.0000221209    0.0000210346   -0.0001029569    0.0001281522    0.0001072713   -0.0000677782    0.0001540899   -0.0000179226    0.0002617434    0.0000106742    0.0001028246   -0.0000215520   -0.0000070744    0.0000223855   -0.0000369257   -0.0000984294   -0.0000159779   -0.0000110329   -0.0000222980    0.0000977679    0.0000412849   -0.0000736530   -0.0000378849   -0.0000193022   -0.0000547146   -0.0001349656   -0.0000604284    0.0000477058    0.0000265793   -0.0000078063   -0.0000197366    0.0000954306    0.0000182798    0.0000029532    0.0000415628   -0.0000175338   -0.0000653124    0.0000093321   -0.0000083480    0.0000070757    0.0000050197    0.0000126499    0.0000105735    0.0000600161    0.0000069785    0.0000430886   -0.0000581632   -0.0000431841   -0.0000117054   -0.0000299698   -0.0000068103   -0.0000214403   -0.0000097327    0.0000075527    0.0000215608    0.0000574951   -0.0000266139   -0.0000007775    0.0000021162    0.0000112137    0.0000059247   -0.0000043529    0.0000055154   -0.0000412805    0.0000139331   -0.0000234306    0.0000126881    0.0000209978   -0.0000154568   -0.0000133209    0.0000025000   -0.0000113769    0.0000038847    0.0000126182    0.0000436031    0.0000052963    0.0000003103    0.0000076843    0.0000427446   -0.0000367412    0.0000005452    0.0000333008    0.0000440896   -0.0000126932   -0.0000062122   -0.0000081745   -0.0000032733    0.0000151312   -0.0000125418   -0.0000130078   -0.0000020358    0.0000170487    0.0000160271    0.0000158926   -0.0000178212    0.0000058015    0.0000043123   -0.0000365075    0.0000061285   -0.0000242935   -0.0000379760    0.0000046746    0.0000247470   -0.0000164387   -0.0000096099    0.0000036022    0.0000039609   -0.0000226229    0.0000319168    0.0000017448    0.0000206766    0.0000012231   -0.0000301785   -0.0000080246   -0.0000116731   -0.0000061121   -0.0000028659   -0.0000113195    0.0000016244   -0.0000015361   -0.0000064425    0.0000196697    0.0000130034    0.0000144021   -0.0000069455    0.0000272717    0.0000002137   -0.0000166298   -0.0000355763    0.0000313156   -0.0000068620   -0.0000108587 
  -0.0000890951    0.0000448849   -0.0000233027   -0.0000139846   -0.0000782026    0.0001025233   -0.0001471002   -0.0006039678    0.0001574268   -0.0000718413   -0.0006474496    0.0004537586   -0.0001189429    0.0038218562    0.0000000000    0.0009669482    0.0001762057   -0.0009662867    0.0003387112   -0.0000617719    0.0002429865    0.0000640048   -0.0004158553   -0.0000462431    0.0000152392    0.0000503150   -0.0000856847   -0.0000387441   -0.0000061318    0.0000873825    0.0000417222   -0.0000913294   -0.0000273334   -0.0000905650   -0.0000304769   -0.0000134642   -0.0001133349    0.0000526471    0.0000330612    0.0000559553   -0.0000977459    0.0000957834    0.0000022705    0.0000139184   -0.0001018397   -0.0000633397    0.0000337653   -0.0000463291    0.0000497762    0.0000676430    0.0000305034    0.0000498078    0.0000362708   -0.0000082987    0.0000015968   -0.0000473934    0.0000481137    0.0000043761   -0.0000244192    0.0000442513    0.0000061805    0.0000437376    0.0000121383   -0.0000153575   -0.0000391005   -0.0000342504    0.0000255915    0.0000193522    0.0000493455    0.0000260545    0.0000361062    0.0000019939   -0.0000003849    0.0000177382    0.0000367471   -0.0000198388    0.0000789816    0.0000439081    0.0000925936    0.0000216431    0.0000681399    0.0000188061    0.0000291106    0.0000190685   -0.0000026588    0.0000321976   -0.0000038951    0.0000180395   -0.0000002250    0.0001162749    0.0000155053   -0.0000079401    0.0000261214   -0.0000309510   -0.0000020763   -0.0000330185    0.0000152282    0.0000166717    0.0000125587   -0.0000008255   -0.0000197212   -0.0000176985   -0.0000014825   -0.0000198593   -0.0000049922    0.0000031632    0.0000000935    0.0000004721    0.0000392299   -0.0000011730   -0.0000511051   -0.0000273518   -0.0000363767   -0.0000153274    0.0000095975    0.0000140280    0.0000234843   -0.0000178793   -0.0000037182   -0.0000091190    0.0000263449   -0.0000089661    0.0000314148    0.0000168055   -0.0000297772   -0.0000185841   -0.0000260582    0.0000070961   -0.0000471597   -0.0000022414    0.0000165637    0.0000033766    0.0000555900    0.0000421934    0.0000050273    0.0000041164    0.0000376298    0.0000241134   -0.0000125323    0.0000323159   -0.0000008624   -0.0000090337   -0.0000502892    0.0000093571   -0.0000010244   -0.0000024183    0.0000095460   -0.0000108293    0.0000178469   -0.0000030751    0.0000051104   -0.0000035551 
   0.0003841407    0.0000106720   -0.0000451554    0.0000675048    0.0000927626   -0.0000741748   -0.0000529036    0.0010053145   -0.0000290261    0.0000457264    0.0010907934    0.0003214316   -0.0006731962    0.0000320969   -0.0009669482    0.0000000000   -0.0001659526   -0.0012346303   -0.0000078783   -0.0004679365   -0.0000772103    0.0000028943   -0.0003069965    0.0001798144    0.0003112080    0.0000713738   -0.0000753508   -0.0000606790    0.0001739345   -0.0000140529    0.0000885438   -0.0001718986    0.0000150466   -0.0003199029    0.0000183754    0.0000220342    0.0000043778   -0.0000201203    0.0000053777   -0.0000714951   -0.0000060970    0.0000422301   -0.0000690975    0.0000002746    0.0000385001    0.0000578633    0.0000120163    0.0000020288   -0.0000422669   -0.0000415701    0.0000274878   -0.0000339983    0.0000427703   -0.0000006981    0.0000361900   -0.0000053792    0.0000077710   -0.0000012908   -0.0000239731    0.0000495315    0.0000270688   -0.0000424947   -0.0000295832   -0.0000300198   -0.0000071418   -0.0000533953    0.0000041304   -0.0000061463   -0.0000096629    0.0000428879    0.0000578420    0.0000362995   -0.0000026400   -0.0000031976   -0.0000492367   -0.0000562882   -0.0000366824   -0.0000365509   -0.0000032903    0.0000225273   -0.0000027196   -0.0000350434    0.0000651735    0.0000191662    0.0000021118    0.0000075321    0.0000230389    0.0000301028    0.0000207700   -0.0000438096   -0.0000319138    0.0000222738   -0.0000137656    0.0000066627   -0.0000151165   -0.0000030090    0.0000196263   -0.0000079298    0.0000009166   -0.0000282198    0.0000635043    0.0000371058    0.0000023325    0.0000279853   -0.0000136090   -0.0000477102   -0.0000536320   -0.0000551725   -0.0000276605    0.0000256804   -0.0000214690    0.0000444160    0.0000159301    0.0000015118    0.0000020812   -0.0000014286    0.0000362459   -0.0000005707    0.0000164100   -0.0000428453   -0.0000062653   -0.0000056674   -0.0000088779   -0.0000576310   -0.0000469531    0.0000027025    0.0000008996   -0.0000150452   -0.0000315478   -0.0000001582   -0.0000053639    0.0000018036    0.0000283403   -0.0000108749    0.0000126822    0.0000117737    0.0000399274   -0.0000012275    0.0000074785    0.0000196344    0.0000316662   -0.0000033500    0.0000130196   -0.0000138464   -0.0000027217   -0.0000033077    0.0000129042   -0.0000072341   -0.0000283433   -0.0000113166    0.0000010755    0.0000031586 
