  -0.2716069022    0.0004071237   -0.0001810713    0.0001088956   -0.0006258777   -0.0003846552   -0.0003023073   -0.0006375126    0.0000435612   -0.0002194229    0.0005737231   -0.0000016364    0.0000240723    0.0000652712   -0.0001929927    0.0001499960    0.0005096690    0.0001811154    0.0001538180    0.0000065427   -0.0000591620   -0.0000422603   -0.0001004947    0.0000744541    0.0000139375    0.0000057133   -0.0000741234   -0.0000697862   -0.0000066829   -0.0000620013   -0.0000000503    0.0000548315   -0.0000062558   -0.0000764974   -0.0001202658    0.0000285873   -0.0000244346    0.0000069040   -0.0001206554    0.0000694717    0.0001242642   -0.0000286380   -0.0001164586    0.0000464320   -0.0000447335   -0.0000225817   -0.0000086809   -0.0000056767   -0.0000601520    0.0000251358    0.0000069161   -0.0000812895    0.0000090462    0.0000521164   -0.0000038571   -0.0000110880   -0.0000035787    0.0000278222   -0.0000180336    0.0000411526   -0.0000530807   -0.0000114775    0.0000210956    0.0000044091    0.0000565175    0.0000222613    0.0000097797   -0.0000020125   -0.0000279751    0.0000136619    0.0000740058   -0.0000252122   -0.0000092432   -0.0000422448    0.0000120626    0.0000699810   -0.0000290650   -0.0000185195    0.0000100311   -0.0000286204    0.0000297508   -0.0000391674    0.0000007874   -0.0000573848    0.0000105581    0.0000197616   -0.0000274951   -0.0000021469    0.0000090977    0.0000202621    0.0000071946   -0.0000562382   -0.0000178727   -0.0000305784    0.0000280552    0.0000156427    0.0000322630    0.0000298382   -0.0000005782   -0.0000392615    0.0000238297   -0.0000073427   -0.0000011416    0.0000026518    0.0000013904    0.0000019926    0.0000116488    0.0000095842    0.0000241561    0.0000087713   -0.0000001052   -0.0000223994    0.0000283918   -0.0000172273   -0.0000150128    0.0000059614    0.0000185312   -0.0000246301   -0.0000325606   -0.0000184533    0.0000026149    0.0000004937   -0.0000018712   -0.0000362444    0.0000414047   -0.0000199284   -0.0000004164    0.0000104089    0.0000149121    0.0000021020    0.0000175537   -0.0000056604    0.0000252835   -0.0000200372    0.0000052944   -0.0000029182   -0.0000214057    0.0000155729    0.0000055730    0.0000076747   -0.0000046275    0.0000016032    0.0000121773   -0.0000095372    0.0000003253    0.0000012948    0.0000000457   -0.0000031287   -0.0000409292    0.0000243971    0.0000015240    0.0000022787 
   0.0004071237   -0.2709307146   -0.0067451914   -0.0000024856   -0.0002187246    0.0000906312    0.0002756861    0.0003257828   -0.0005037156   -0.0000904548   -0.0001466886    0.0003988184    0.0000389234    0.0000056770    0.0002633163    0.0000070426   -0.0000736015    0.0000733561   -0.0000399833    0.0000097915   -0.0000107756   -0.0000991864    0.0000516629    0.0001516498   -0.0000743733    0.0000095122    0.0003361020   -0.0001789839    0.0000948280    0.0000188737    0.0000588033    0.0001042137    0.0001234557   -0.0000104103    0.0000428960   -0.0000448864    0.0000014399   -0.0000053223   -0.0000322564    0.0000150217   -0.0000314082   -0.0000339975   -0.0000046993   -0.0000540149   -0.0000233344   -0.0000478807    0.0000165960    0.0000115804   -0.0000208472   -0.0000053153    0.0001520540   -0.0000460013    0.0000071314   -0.0000195573   -0.0000163042    0.0000028811   -0.0000064453   -0.0000795329    0.0000507964   -0.0000001444   -0.0000082216    0.0000319278   -0.0000053092    0.0000065330   -0.0000095600    0.0000472648   -0.0000183151   -0.0000357174   -0.0000154678    0.0000022607    0.0000061207    0.0000146431    0.0000006316   -0.0000007684   -0.0000440235   -0.0000153715    0.0000063929   -0.0000198321    0.0000028365   -0.0000211345    0.0000023672   -0.0000325518    0.0000304961    0.0000141448   -0.0000101634   -0.0000347266    0.0000140640   -0.0000158235    0.0000239069   -0.0000361084    0.0000515608   -0.0000084913   -0.0000003584    0.0000148070   -0.0000260229   -0.0000216762   -0.0000188509   -0.0000197778   -0.0000530205    0.0000018298    0.0000002319   -0.0000127961   -0.0000077945   -0.0000083487   -0.0000330729    0.0000237099   -0.0000271137   -0.0000101619    0.0000076968    0.0000142190    0.0000280713   -0.0000079136   -0.0000111960    0.0000431077   -0.0000110013    0.0000188561   -0.0000250535   -0.0000134899   -0.0000042754    0.0000392747   -0.0000134510    0.0000252519    0.0000116775    0.0000026378    0.0000092601    0.0000171259   -0.0000141544   -0.0000259487   -0.0000661084   -0.0000065749    0.0000250991   -0.0000066918   -0.0000394849    0.0000129291   -0.0000148203    0.0000027189    0.0000119252    0.0000202158    0.0000145564    0.0000052935   -0.0000127469   -0.0000277024    0.0000198123    0.0000128329   -0.0000279956    0.0000585299   -0.0000046825    0.0000071655   -0.0000306115    0.0000032534    0.0000068640   -0.0000086611 
  -0.0001810713   -0.0067451914   -0.2706440699    0.0016087384    0.0007355010    0.0002161154    0.0004090273   -0.0002329466    0.0000871988    0.0002562677   -0.0000789890   -0.0000110204   -0.0004827759   -0.0000487384    0.0001300559    0.0000991717   -0.0000386750   -0.0000833769    0.0000086287   -0.0000613126    0.0001481365    0.0000447225    0.0000552232    0.0000410233   -0.0000773059   -0.0000098576    0.0000404074   -0.0001488789   -0.0000239819    0.0001295267    0.0001092851    0.0001242274   -0.0000546668    0.0000219864   -0.0000502995   -0.0000727754   -0.0000171649    0.0000668125   -0.0000065394    0.0000149482   -0.0000020006   -0.0000577163    0.0000119252   -0.0000360886    0.0000468458   -0.0000230404    0.0000287674   -0.0000209861    0.0000099510    0.0000502841    0.0000036433    0.0000084538    0.0000614721   -0.0000133518    0.0000225656    0.0000069754   -0.0000119737   -0.0000166225   -0.0000035771   -0.0000279706    0.0000421721   -0.0000825243   -0.0000365678    0.0000334426    0.0000293157    0.0000060016   -0.0000301653    0.0000435965    0.0000880367   -0.0000148519   -0.0000278545   -0.0000173993    0.0000297603    0.0000267021    0.0000102222   -0.0000472589    0.0000249234   -0.0000175316    0.0000378922   -0.0000289151    0.0000191361    0.0000116576    0.0000165894    0.0000257385   -0.0000094894    0.0000050812   -0.0000058035   -0.0000180785   -0.0000254754   -0.0000139317    0.0000046910   -0.0000054221   -0.0000028916    0.0000023075    0.0000421360    0.0000426211   -0.0000200541   -0.0000048953    0.0000251498    0.0000250616    0.0000056568   -0.0000197564    0.0000187304   -0.0000005078    0.0000014731   -0.0000178073   -0.0000356792    0.0000176698    0.0000302307    0.0000176772   -0.0000448555    0.0000295479    0.0000160308   -0.0000158162   -0.0000035980    0.0000017060   -0.0000072677   -0.0000361826   -0.0000088485    0.0000260619   -0.0000443094    0.0000068535   -0.0000317830    0.0000089213    0.0000155766   -0.0000069175   -0.0000411026   -0.0000106948   -0.0000118840    0.0000054326    0.0000144616    0.0000103251   -0.0000075630    0.0000261126    0.0000069066    0.0000160911   -0.0000087368   -0.0000546918    0.0000118458    0.0000058317    0.0000020913   -0.0000140603   -0.0000236313    0.0000266455   -0.0000029738    0.0000102994    0.0000040262    0.0000108881   -0.0000019609    0.0000132621    0.0000039201   -0.0000081238 
   0.0001088956   -0.0000024856    0.0016087384   -0.2700560807    0.0011909721    0.0017334656   -0.0002190627    0.0002121979   -0.0002138737    0.0001394710    0.0001972851   -0.0003464065    0.0001012297   -0.0003201234    0.0001370088   -0.0001196778    0.0000839869    0.0000217049    0.0000802385    0.0000285895    0.0000089551    0.0000573216    0.0000212448    0.0002807648    0.0000490537   -0.0000377989   -0.0001391844   -0.0000080657   -0.0000998406   -0.0000042384    0.0000681200   -0.0000338182    0.0000007878   -0.0000057395    0.0001039638    0.0000348619    0.0000307607    0.0000065593   -0.0000411225   -0.0000534791   -0.0000173824   -0.0000195102   -0.0000047601    0.0000055177    0.0000517747    0.0000274032    0.0000013611    0.0000015059    0.0000890142   -0.0000284065   -0.0000202474   -0.0000160242    0.0000151187   -0.0000181461    0.0001129454    0.0000027913    0.0000221679    0.0000488862    0.0000742042   -0.0000107249   -0.0000026022    0.0000559891    0.0000004441   -0.0000143117   -0.0000151495    0.0000082348    0.0000895287    0.0000246735   -0.0000658408   -0.0000389866    0.0000048808   -0.0000224965   -0.0000206553    0.0000099694    0.0000013863    0.0000201350   -0.0000199218    0.0000024601    0.0000006701    0.0000017459   -0.0000175838    0.0000126859   -0.0000485400   -0.0000162572   -0.0000278288   -0.0000152936   -0.0000016888    0.0000296067    0.0000114408    0.0000295251    0.0000023564   -0.0000322755   -0.0000653322    0.0000134561    0.0000108477    0.0000249976    0.0000310252    0.0000155575   -0.0000732282    0.0000325526    0.0000004589   -0.0000016298   -0.0000210493   -0.0000383861    0.0000191758    0.0000709350   -0.0000282323   -0.0000260538    0.0000228889   -0.0000092182    0.0000225641    0.0000132966    0.0000200504    0.0000160646   -0.0000377908   -0.0000004644    0.0000165556   -0.0000129336    0.0000311767   -0.0000353146   -0.0000075586   -0.0000051042    0.0000251696    0.0000103685   -0.0000246360   -0.0000080158    0.0000240039   -0.0000010810   -0.0000134253    0.0000027211   -0.0000391197   -0.0000142345   -0.0000026681    0.0000294311   -0.0000075902   -0.0000336756   -0.0000243200    0.0000131173    0.0000123243    0.0000085714    0.0000068945    0.0000107800   -0.0000015540   -0.0000021305    0.0000031923    0.0000170730    0.0000107896    0.0000342107    0.0000073822    0.0000057520    0.0000014012   -0.0000071839 
  -0.0006258777   -0.0002187246    0.0007355010    0.0011909721   -0.2695783395   -0.0016584235   -0.0001232866   -0.0007882730   -0.0000571842   -0.0005940969   -0.0003478764   -0.0000058512    0.0000194580    0.0000761078    0.0000862433    0.0000574634   -0.0000361239    0.0005325271   -0.0001531418    0.0000507721    0.0000086390   -0.0000395739    0.0000565300    0.0000109880   -0.0000272989    0.0000196594   -0.0000626841   -0.0000688903   -0.0000650816    0.0000680208   -0.0000324158   -0.0001117253    0.0001322388    0.0001804980    0.0000433510    0.0000201585   -0.0000385059   -0.0000203922   -0.0001228236    0.0001726189    0.0001647472   -0.0000164880    0.0000509992   -0.0000015760   -0.0000438015    0.0000295097    0.0000541545   -0.0000156655    0.0000418134   -0.0000091418    0.0000003547   -0.0000451392   -0.0000244523    0.0000008837    0.0000738441   -0.0000196440   -0.0000754537    0.0000555973    0.0000057070   -0.0000095475    0.0000269137    0.0000573084   -0.0000625282    0.0000443697   -0.0000587328   -0.0000045332    0.0000056393   -0.0000240113   -0.0000019244    0.0000563676   -0.0000038756    0.0000238768   -0.0000370014    0.0000069508   -0.0000132834    0.0000133635   -0.0000381024   -0.0000638527   -0.0000135208    0.0000146696    0.0000341850   -0.0000026443    0.0000072844    0.0000379841   -0.0000750789   -0.0000273055   -0.0000492963    0.0000271511    0.0000094071   -0.0000641165    0.0000186620   -0.0000700325    0.0000086721    0.0000384457    0.0000189502    0.0000399348   -0.0000271651    0.0000289085   -0.0000128534    0.0000242244   -0.0000234946   -0.0000298647    0.0000163468    0.0000207090    0.0000243207   -0.0000698031    0.0000031089    0.0000325592   -0.0000281985   -0.0000108962   -0.0000208839    0.0000086831    0.0000060134    0.0000098532   -0.0000077394    0.0000202584    0.0000242509    0.0000045622   -0.0000175485    0.0000046293    0.0000388786    0.0000286255   -0.0000287255   -0.0000028635   -0.0000054876   -0.0000153891    0.0000035232   -0.0000193963   -0.0000105596    0.0000139375    0.0000192346    0.0000092432    0.0000028615   -0.0000374990    0.0000261383   -0.0000216380   -0.0000022014   -0.0000057418   -0.0000537040    0.0000043092    0.0000107551    0.0000168797    0.0000117877    0.0000085405   -0.0000041738   -0.0000001241   -0.0000178337    0.0000183592   -0.0000027895   -0.0000015322   -0.0000095850    0.0000105618 
  -0.0003846552    0.0000906312    0.0002161154    0.0017334656   -0.0016584235   -0.2684391105   -0.0008004738   -0.0004664298    0.0001779696    0.0011621606    0.0002100738    0.0000056129   -0.0001161352    0.0000194183   -0.0000137104    0.0000852364    0.0000233601    0.0000483165   -0.0001681796    0.0000485422   -0.0000918807    0.0000193015   -0.0000914544   -0.0000723065    0.0000343716    0.0000325481   -0.0000614779   -0.0000347560    0.0000113600   -0.0000532696   -0.0000365369    0.0000086670   -0.0000111519   -0.0000435913   -0.0000942106   -0.0000406903    0.0000278192    0.0000147850   -0.0001048164    0.0000391042    0.0000630515   -0.0000159933    0.0001631229   -0.0000521466   -0.0000562559    0.0000134003    0.0000260964    0.0000160080    0.0000159801   -0.0000156324   -0.0000564609   -0.0001179286    0.0000759976   -0.0000117149   -0.0000216777   -0.0000550512   -0.0000043292   -0.0000214153   -0.0000056405    0.0000128387    0.0000248043    0.0000438500    0.0000480681    0.0000183342    0.0000444468   -0.0000439934    0.0000377974   -0.0000130960    0.0000211206    0.0000287145    0.0000576597   -0.0000140500    0.0000785995    0.0000933727    0.0000137714    0.0000223730    0.0000047588   -0.0000046197    0.0000006170   -0.0000242568   -0.0000869783    0.0000261729   -0.0000111755   -0.0000685573   -0.0000003264   -0.0000049631    0.0000084112    0.0000182108    0.0000197204   -0.0000013129    0.0000287424   -0.0000009197    0.0000137523   -0.0000044022   -0.0000090727    0.0000141279   -0.0000101943   -0.0000111049    0.0000719772   -0.0000000361   -0.0000182188   -0.0000017426   -0.0000208692    0.0000012057   -0.0000077041    0.0000016972    0.0000153693    0.0000006728    0.0000084193   -0.0000032996    0.0000085986    0.0000183703    0.0000094431   -0.0000214256    0.0000045072    0.0000140507    0.0000167819   -0.0000032504    0.0000206259   -0.0000122574    0.0000035556   -0.0000138765    0.0000163064   -0.0000044407    0.0000052131   -0.0000146284    0.0000084362   -0.0000167856   -0.0000062586   -0.0000328392   -0.0000526015    0.0000053309    0.0000186804    0.0000092983    0.0000262111    0.0001072051    0.0000003271    0.0000083627   -0.0000058704   -0.0000185988   -0.0000052536    0.0000262140   -0.0000301124   -0.0000023042   -0.0000139758    0.0000396937    0.0000244942   -0.0000148063    0.0000114305   -0.0000127439   -0.0000020572   -0.0000011083 
  -0.0003023073    0.0002756861    0.0004090273   -0.0002190627   -0.0001232866   -0.0008004738   -0.2678952205    0.0004588668   -0.0022802220   -0.0001931618   -0.0001227280   -0.0012282359   -0.0001106596   -0.0006278181   -0.0002238842    0.0001436752   -0.0000500055    0.0000916528    0.0000226038   -0.0000472508   -0.0000914617   -0.0001308349   -0.0002100224    0.0001788222   -0.0003438855   -0.0000379113    0.0000715355    0.0000995098   -0.0000276230   -0.0000233667   -0.0000919762    0.0000560236    0.0001046547   -0.0000724020   -0.0000287137   -0.0000602321   -0.0000294899   -0.0000105272    0.0000742998   -0.0000052732    0.0000036313   -0.0000103934    0.0000158022    0.0000137597   -0.0000097489    0.0000710188    0.0000929905    0.0000170752    0.0000020455   -0.0000233344    0.0000148342    0.0000109586   -0.0000701082    0.0000926744   -0.0000273929   -0.0000144895   -0.0000060586    0.0000098429    0.0000176551    0.0000095144    0.0000395526   -0.0000369132    0.0000128461   -0.0000727423    0.0000092527    0.0000398201   -0.0000091572   -0.0000147681    0.0000583903   -0.0000088279   -0.0000059910    0.0000006664   -0.0000101421   -0.0000102869    0.0000120457   -0.0000067391   -0.0000090624   -0.0000115327    0.0000203488    0.0000206766   -0.0000255018    0.0000337712    0.0000325709   -0.0000417502    0.0000146498   -0.0000091344   -0.0000144550    0.0000517394   -0.0000403236    0.0000047933   -0.0000031701    0.0000075946   -0.0000428416   -0.0000100980    0.0000417149    0.0000207773   -0.0000032605    0.0000301771    0.0000081694   -0.0000467870   -0.0000221731   -0.0000379099    0.0000017479   -0.0000112460    0.0000062073    0.0000146012    0.0000018197    0.0000007679   -0.0000024263   -0.0000037032    0.0000101884   -0.0000162880    0.0000168782    0.0000024200    0.0000321645    0.0000181615    0.0000104295    0.0000159940    0.0000398921   -0.0000181123    0.0000144359   -0.0000288894   -0.0000034744   -0.0000085861    0.0000082458   -0.0000203283   -0.0000170568    0.0000043255   -0.0000035316    0.0000211977    0.0000083627    0.0000538201   -0.0000480997    0.0000102678   -0.0000043624    0.0000017408   -0.0000093079    0.0000198292    0.0000665148   -0.0000156398    0.0000003253   -0.0000092351    0.0000049180   -0.0000000330   -0.0000391549   -0.0000405036    0.0000121640   -0.0000218776    0.0000061413   -0.0000059446    0.0000120178    0.0000531888 
  -0.0006375126    0.0003257828   -0.0002329466    0.0002121979   -0.0007882730   -0.0004664298    0.0004588668   -0.2676085757    0.0000109667    0.0000165769    0.0000004362   -0.0005836528   -0.0002065385   -0.0002111984    0.0000699002   -0.0000303086    0.0000426873   -0.0007439533    0.0000205715   -0.0000482622   -0.0000450650    0.0000433818    0.0000325129   -0.0001877596    0.0001009210    0.0002019522   -0.0000533850    0.0000141742   -0.0000447636   -0.0000145380    0.0000353168   -0.0000073388    0.0000696253   -0.0000390168   -0.0000504980    0.0000109197    0.0000356571   -0.0000509890   -0.0000506288    0.0000235975    0.0000359445    0.0000086126    0.0000169128    0.0000461300    0.0000339049   -0.0000015719   -0.0000219710   -0.0000202783    0.0001195235   -0.0000257730    0.0000715531    0.0000155722   -0.0000017542   -0.0000602138    0.0000609054    0.0000134047    0.0000268476   -0.0000208971    0.0000393526    0.0000506788   -0.0000231602   -0.0000077556    0.0000152730   -0.0000153164   -0.0000307526   -0.0000329009   -0.0000154399   -0.0000044440    0.0000218482    0.0000173942   -0.0000308628   -0.0000249381    0.0000275348    0.0000425741   -0.0000222400   -0.0000345128   -0.0000008207    0.0000042470    0.0000067606   -0.0000024047   -0.0000182835   -0.0000032103   -0.0000267190   -0.0000075130   -0.0000026124   -0.0000207229    0.0000033383    0.0000022837    0.0000323600    0.0000262478   -0.0000010463   -0.0000070803    0.0000214013   -0.0000098349   -0.0000016906    0.0000026864   -0.0000046851    0.0000035696   -0.0000139089   -0.0000184695   -0.0000019476    0.0000269740   -0.0000245537   -0.0000095820   -0.0000181836    0.0000135568   -0.0000058683   -0.0000002928   -0.0000152862   -0.0000633544   -0.0000095350    0.0000021666    0.0000053230    0.0000144241    0.0000127689    0.0000134084    0.0000077144   -0.0000211294   -0.0000014148   -0.0000086148   -0.0000054512    0.0000102112   -0.0000022724    0.0000144829   -0.0000027034   -0.0000053616   -0.0000051188    0.0000014340   -0.0000084604    0.0000008352    0.0000053359    0.0000110042   -0.0000007922    0.0000022471   -0.0000022513    0.0000121684    0.0000102090   -0.0000202099   -0.0000174331    0.0000078394   -0.0000419817   -0.0000233366   -0.0000038784    0.0000398568    0.0000088713    0.0000042987    0.0000012740   -0.0000155692   -0.0000091006    0.0000042540   -0.0000097246   -0.0000043053 
   0.0000435612   -0.0005037156    0.0000871988   -0.0002138737   -0.0000571842    0.0001779696   -0.0022802220    0.0000109667   -0.2666824928    0.0007749697   -0.0008886721   -0.0007775422    0.0000551034    0.0001457552   -0.0001240804   -0.0000648258    0.0001020823   -0.0000900726    0.0000325665   -0.0001287549   -0.0000144858   -0.0000169201   -0.0003950111   -0.0000472251    0.0000203452    0.0000321682   -0.0000200909   -0.0000241068   -0.0000163439   -0.0000834283    0.0000082348   -0.0000276803   -0.0000689476    0.0000297530    0.0000394886    0.0001802848   -0.0000655314    0.0000329120    0.0000456757    0.0000098246   -0.0000090315   -0.0001025233    0.0000176316    0.0000805619    0.0000514101    0.0000449577   -0.0000740278    0.0001901557   -0.0000056717    0.0000882939    0.0000034025    0.0001083444    0.0000245508    0.0000043393   -0.0000668911    0.0000007536    0.0000794741    0.0000063820   -0.0000436648   -0.0000354704   -0.0000250939    0.0000187275   -0.0000148717    0.0000552725    0.0000010825    0.0000197175    0.0000047678    0.0000066588   -0.0000053858   -0.0000034168   -0.0000263691   -0.0000576560    0.0000338498   -0.0000382957   -0.0000256319    0.0000231550   -0.0000383207   -0.0000161432    0.0000056774    0.0000255562    0.0000078217    0.0000217166   -0.0000017211   -0.0000116459    0.0000233652   -0.0000015980   -0.0000196932   -0.0000074057    0.0000025101    0.0000163689   -0.0000130034    0.0000272268    0.0000244501   -0.0000143095   -0.0000024471    0.0000210530    0.0000327664   -0.0000036730    0.0000267248   -0.0000182945   -0.0000658474   -0.0000306100    0.0000138471    0.0000033676    0.0000062647    0.0000023555   -0.0000204481    0.0000210434   -0.0000170098   -0.0000138339    0.0000299220   -0.0000084597   -0.0000124764    0.0000191707    0.0000018021   -0.0000140978    0.0000126991   -0.0000400450    0.0000061331    0.0000050460   -0.0000361025   -0.0000287850   -0.0000017097   -0.0000196616   -0.0000269226    0.0000445710    0.0000066518   -0.0000187642   -0.0000073456    0.0000144873    0.0000030407    0.0000049759    0.0000128071    0.0000001558    0.0000125844    0.0000097885   -0.0000027851   -0.0000052640   -0.0000136722   -0.0000057078   -0.0000179256    0.0000334816   -0.0000007547    0.0000481607    0.0000215564    0.0000285425   -0.0000087162   -0.0000384324   -0.0000075299    0.0000087640    0.0000020860   -0.0000260281 
  -0.0002194229   -0.0000904548    0.0002562677    0.0001394710   -0.0005940969    0.0011621606   -0.0001931618    0.0000165769    0.0007749697   -0.2657858093   -0.0000167849    0.0000815982   -0.0001193398   -0.0000307276   -0.0001249551   -0.0000011499   -0.0004570587    0.0003335001   -0.0000508280    0.0000097349    0.0000449753    0.0000328649    0.0000467518    0.0000851335    0.0000637770    0.0000879117   -0.0000962612   -0.0000168444   -0.0001696128   -0.0000198865   -0.0001013399    0.0000022655   -0.0000327010   -0.0000493830    0.0000403471   -0.0000328759   -0.0000341835   -0.0000136979   -0.0000010135   -0.0000073023   -0.0000787832    0.0000656306    0.0000181049    0.0000124845    0.0000455140   -0.0000356976    0.0000413819    0.0000070476   -0.0001365164   -0.0000322887    0.0000451069    0.0000132408   -0.0000352999    0.0000321667   -0.0000068266    0.0000370837    0.0000100215    0.0000194771    0.0000237048    0.0000336587   -0.0000010457    0.0000106963   -0.0000168319    0.0000068137   -0.0000117649    0.0000230065   -0.0000303263    0.0000695760    0.0000024663   -0.0000037365   -0.0000042726   -0.0000055773   -0.0000048372   -0.0000533593   -0.0000191435   -0.0000218769   -0.0000219827   -0.0001010533   -0.0000053098    0.0000421309    0.0000022307   -0.0000191302   -0.0000036973   -0.0000410372    0.0000107257   -0.0000037918    0.0000154678   -0.0000182482   -0.0000000933   -0.0000116473    0.0000191670   -0.0000101333   -0.0000339770   -0.0000213499    0.0000100032   -0.0000049984   -0.0000285542   -0.0000039709   -0.0000492808    0.0000082017    0.0000021265   -0.0000162660    0.0000050402    0.0000023005   -0.0000031504    0.0000113688    0.0000199953    0.0000024756   -0.0000261611   -0.0000840678    0.0000069440    0.0000305718   -0.0000017624    0.0000185885   -0.0000022435    0.0000028252   -0.0000163064    0.0000092358    0.0000075990    0.0000476764   -0.0000138170   -0.0000121339   -0.0000300168   -0.0000220084    0.0000242127   -0.0000197895    0.0000345907    0.0000721933   -0.0000262500   -0.0000045142    0.0000041935   -0.0000043214   -0.0000087309   -0.0000251601   -0.0000043317   -0.0000171377    0.0000080532   -0.0000003654   -0.0000050585   -0.0000476146    0.0000030955    0.0000046974    0.0000164071    0.0000103405   -0.0000095071   -0.0000005573   -0.0000385816   -0.0000010767    0.0000059615   -0.0000004880    0.0000028529    0.0000038390 
   0.0005737231   -0.0001466886   -0.0000789890    0.0001972851   -0.0003478764    0.0002100738   -0.0001227280    0.0000004362   -0.0008886721   -0.0000167849   -0.2651610708    0.0016584970    0.0000931742    0.0010222192    0.0004056170    0.0000732855    0.0000494330   -0.0001321506   -0.0001017295    0.0001048605    0.0001288946    0.0002193567    0.0002176883   -0.0001264103    0.0000234005   -0.0001584484    0.0000618065    0.0000591818   -0.0001883403   -0.0000189671    0.0001083664   -0.0000657276   -0.0000418942   -0.0000431415   -0.0000415613    0.0001100716    0.0000353088   -0.0000567483    0.0000281515   -0.0000200600   -0.0000380253   -0.0000122566   -0.0000392248    0.0000901828    0.0000286240    0.0000513498   -0.0000646546    0.0000286432   -0.0000816496    0.0000234167   -0.0000401567    0.0000193346    0.0000544382   -0.0001318492    0.0000203973    0.0000166055    0.0000556833   -0.0000433517    0.0000592943    0.0000741528    0.0000796725   -0.0000293098    0.0000370323   -0.0000015147    0.0000539451   -0.0000059424    0.0000267484    0.0000381767   -0.0000041454    0.0000211529   -0.0000447467   -0.0000222238    0.0000087603    0.0000003050    0.0000173633   -0.0000080922    0.0000146167    0.0000060514    0.0000265521   -0.0000304218   -0.0000182945    0.0000039982   -0.0000031929    0.0000464622    0.0000233571   -0.0000221121    0.0000249065    0.0000128637   -0.0000024775    0.0000064971    0.0000370808    0.0000142499    0.0000108124    0.0000398708    0.0000186995    0.0000416260    0.0000406014    0.0000164240   -0.0000331023   -0.0000060558   -0.0000055512    0.0000094703   -0.0000108300    0.0000025957   -0.0000104633   -0.0000082517   -0.0000134032   -0.0000093115   -0.0000036512    0.0000291040    0.0000038257   -0.0000276789    0.0000475514    0.0000028850    0.0000018916    0.0000071366   -0.0000126263   -0.0000056337   -0.0000251468   -0.0000145476   -0.0000212191   -0.0000016888    0.0000173045    0.0000157912    0.0000125411   -0.0000004740    0.0000015570    0.0000238092   -0.0000178638    0.0000212676   -0.0000100936    0.0000145498    0.0000154185    0.0000192236    0.0000019016   -0.0000087809    0.0000072016    0.0000236945   -0.0000141059   -0.0000062968   -0.0000093637   -0.0000287034    0.0000190766   -0.0000335521   -0.0000177551    0.0000345517   -0.0000066160   -0.0000011059   -0.0000316647    0.0000128586   -0.0000072650    0.0000254680 
  -0.0000016364    0.0003988184   -0.0000110204   -0.0003464065   -0.0000058512    0.0000056129   -0.0012282359   -0.0005836528   -0.0007775422    0.0000815982    0.0016584970   -0.2645289824   -0.0030394631    0.0011173264    0.0012544014   -0.0001094174   -0.0001019573    0.0001343188   -0.0002819555    0.0000580507   -0.0001319374   -0.0001153782   -0.0000626032    0.0001297619   -0.0002483152   -0.0000115503    0.0001830704    0.0001901998   -0.0000283969    0.0001324740   -0.0000293105   -0.0001254401   -0.0000455111   -0.0000825537    0.0000466562    0.0000114812    0.0000530447    0.0000816570   -0.0000087559    0.0000149489   -0.0000262192    0.0000453744   -0.0000234115   -0.0001072786    0.0001020455    0.0000111615    0.0000134003   -0.0000707197    0.0000365141    0.0001297913    0.0000679532    0.0000074976    0.0000064287    0.0000063346    0.0000176323   -0.0001184945   -0.0000218107    0.0000133216    0.0000404390    0.0000108131    0.0000021167    0.0000206906    0.0000140750    0.0000037167    0.0000024754   -0.0000180557   -0.0000187017   -0.0000383722    0.0000303160   -0.0000069026   -0.0000052314   -0.0000390836   -0.0000233542   -0.0000106889    0.0000911530   -0.0000236651   -0.0000237217    0.0000477771    0.0000639820   -0.0000279633    0.0000253453    0.0000199806    0.0000406007    0.0000039618    0.0000290408    0.0000241068    0.0000452943    0.0000679642   -0.0000161256   -0.0000014690   -0.0000059144    0.0000016922    0.0000682582    0.0000513638    0.0000231925    0.0000079893   -0.0000298375   -0.0000133018    0.0000220297   -0.0000082554    0.0000009692    0.0000220305   -0.0000151958   -0.0000445615    0.0000056498    0.0000058037   -0.0000206039    0.0000070542    0.0000140456   -0.0000668419   -0.0000165967   -0.0000221819    0.0000098459   -0.0000318697   -0.0000065380    0.0000122294    0.0000002123   -0.0000158015    0.0000331729    0.0000097459   -0.0000000620   -0.0000201004   -0.0000150621   -0.0000104985   -0.0000211198   -0.0000129115   -0.0000356990   -0.0000267219   -0.0000030193   -0.0000078482    0.0000033042    0.0000012385    0.0000045418    0.0000150466   -0.0000121405   -0.0000058364   -0.0000225825    0.0000031477    0.0000048695    0.0000458323    0.0000131232    0.0000124235    0.0000091410   -0.0000097768   -0.0000143102    0.0000189333   -0.0000070288   -0.0000013765    0.0000020003   -0.0000037787   -0.0000094402   -0.0000003472 
   0.0000240723    0.0000389234   -0.0004827759    0.0001012297    0.0000194580   -0.0001161352   -0.0001106596   -0.0002065385    0.0000551034   -0.0001193398    0.0000931742   -0.0030394631   -0.2636910978    0.0000843764    0.0009326243   -0.0009160871    0.0001251755   -0.0000645855   -0.0001837981   -0.0000774823    0.0000085883    0.0000875148    0.0000314670    0.0000796284   -0.0004198169   -0.0000165240   -0.0000358622   -0.0002049142    0.0001221327   -0.0000292730   -0.0000048472    0.0000053019   -0.0000526993   -0.0000045931    0.0000423161   -0.0000342717   -0.0000155339    0.0000033401   -0.0000383376   -0.0000392821   -0.0000019326    0.0000370705    0.0000495322   -0.0000063766   -0.0000249881    0.0001081680    0.0000459491    0.0000608481    0.0000470671    0.0000798416    0.0000070409   -0.0000056575    0.0000802311   -0.0000250307   -0.0000305865   -0.0000215557   -0.0000051647    0.0000253710   -0.0000838840    0.0000177213   -0.0000227250    0.0000123772   -0.0000183364    0.0000290452   -0.0000323247    0.0000414312    0.0000665405    0.0000078835   -0.0000754317    0.0000247580    0.0000098202    0.0000286579   -0.0000084729    0.0000243611    0.0000312524   -0.0000078754   -0.0000076247    0.0000244537   -0.0000076020   -0.0000066824    0.0000103133    0.0000498093    0.0000721419   -0.0000471501   -0.0000115069   -0.0000216013    0.0000029896    0.0000065933   -0.0000518790   -0.0000005309    0.0000029908    0.0000165629   -0.0000071198    0.0000075314   -0.0000414540    0.0000062698    0.0000327304   -0.0000155729    0.0000189700    0.0000127946   -0.0000049068   -0.0000220209    0.0000152995   -0.0000102839   -0.0000057850   -0.0000065495    0.0000159227   -0.0000113467    0.0000003239    0.0000111586    0.0000135906   -0.0000135046    0.0000170789   -0.0000514909   -0.0000310128   -0.0000065312   -0.0000347494    0.0000009161    0.0000374262   -0.0000059241    0.0000119612   -0.0000452075   -0.0000013577    0.0000123632    0.0000199314    0.0000109792   -0.0000702375   -0.0000129196   -0.0000531807   -0.0000005767    0.0000001703    0.0000340600    0.0000366780    0.0000025954   -0.0000048408   -0.0000251652    0.0000359305    0.0000007718    0.0000051947   -0.0000130100   -0.0000067554    0.0000100355   -0.0000351434    0.0000217358   -0.0000011106    0.0000063343    0.0000132805   -0.0000100943    0.0000099194    0.0000095122    0.0000238415    0.0000083950 
   0.0000652712    0.0000056770   -0.0000487384   -0.0003201234    0.0000761078    0.0000194183   -0.0006278181   -0.0002111984    0.0001457552   -0.0000307276    0.0010222192    0.0011173264    0.0000843764   -0.2632354062    0.0015708131   -0.0017838122    0.0000591965   -0.0001794102   -0.0000033748    0.0002169166   -0.0003019839   -0.0004113719   -0.0001311657    0.0000005103    0.0000406661   -0.0000408351    0.0000007432    0.0000236070    0.0000071582    0.0000373454    0.0002864536    0.0000266947    0.0000032675   -0.0000374093   -0.0000750127   -0.0000323078   -0.0000573187   -0.0001914052   -0.0000223583   -0.0000794300   -0.0000764386   -0.0000167908    0.0000141669    0.0000098907   -0.0001337822   -0.0000309304    0.0000414415    0.0000435891    0.0000460425   -0.0000652403   -0.0000612611    0.0000003190    0.0000243214   -0.0000027855   -0.0000084002   -0.0001176125    0.0000093564    0.0000209442    0.0000294766    0.0000751524   -0.0000191464    0.0000260626   -0.0000126726   -0.0000369728   -0.0000878015   -0.0000300712   -0.0000047413   -0.0000095578    0.0000130908   -0.0000003760   -0.0000067389    0.0000287578    0.0000028714   -0.0000033641   -0.0001273879    0.0000016861    0.0000290356    0.0000113923   -0.0000071634   -0.0000108932    0.0000134503   -0.0000204775    0.0000101707   -0.0000227574   -0.0000475602   -0.0000353183   -0.0000231131   -0.0000001283    0.0000071576   -0.0000037734   -0.0000002915    0.0000412673   -0.0000058385   -0.0000148188    0.0000243552   -0.0000141580   -0.0000060725   -0.0000106896   -0.0000046819    0.0000219019   -0.0000178771    0.0000374534   -0.0000310473    0.0000273591   -0.0000000702    0.0000047089    0.0000185533    0.0000047650    0.0000052522   -0.0000194110   -0.0000142867    0.0000340637   -0.0000274407   -0.0000021345   -0.0000023905    0.0000298757   -0.0000135002   -0.0000173714   -0.0000095629   -0.0000013868   -0.0000266521    0.0000211845    0.0000517894    0.0000169209    0.0000223546   -0.0000438478   -0.0000114415    0.0000172163    0.0000081231   -0.0000160242    0.0000381267    0.0000000709    0.0000233983    0.0000061515   -0.0000373821    0.0000030178    0.0000009029    0.0000116679   -0.0000234615    0.0000083737    0.0000087853    0.0000136142    0.0000015949   -0.0000150246    0.0000199042   -0.0000043069   -0.0000131864   -0.0000231322   -0.0000057846    0.0000006792    0.0000004036    0.0000044717 
  -0.0001929927    0.0002633163    0.0001300559    0.0001370088    0.0000862433   -0.0000137104   -0.0002238842    0.0000699002   -0.0001240804   -0.0001249551    0.0004056170    0.0012544014    0.0009326243    0.0015708131   -0.2625665685   -0.0004793729    0.0000804002   -0.0014209494    0.0000016691   -0.0000218262   -0.0001316728   -0.0003890357   -0.0001382583   -0.0000756963    0.0000030695    0.0000067041    0.0002433467    0.0001433150    0.0000089110    0.0000571893    0.0000142786    0.0000266175   -0.0000022638   -0.0000010657    0.0000135576    0.0000930419   -0.0000799077   -0.0001043901    0.0000567189    0.0000199858    0.0000328693   -0.0000663193    0.0000126190    0.0000703176   -0.0000327481    0.0000087669    0.0000485304    0.0001233601    0.0000179587    0.0000850159   -0.0000007406   -0.0000264338   -0.0000492037    0.0000675519   -0.0000223046    0.0000637954    0.0000145175   -0.0001537151    0.0000032285    0.0001396033    0.0000408013    0.0000171568   -0.0000056482   -0.0000228801   -0.0000330479    0.0000010032    0.0000089073    0.0000205443    0.0000221951    0.0000322284    0.0000762622    0.0000568078    0.0000033641   -0.0000452053    0.0000009947   -0.0000266756    0.0000576817   -0.0000544412   -0.0000451730   -0.0000011592    0.0000287027    0.0000298294   -0.0000243714    0.0000328473   -0.0000067845   -0.0000189325    0.0000395937    0.0000375519   -0.0000138920    0.0000068970    0.0000380466   -0.0000033024    0.0000309371    0.0000001128   -0.0000551975   -0.0000189965   -0.0000078438    0.0000195565   -0.0000264514    0.0000069616   -0.0000180792    0.0000060417    0.0000242046    0.0000130828    0.0000294061    0.0000220349    0.0000072036   -0.0000013750   -0.0000027974    0.0000010424   -0.0000156067   -0.0000291143    0.0000215748    0.0000079849   -0.0000515997   -0.0000096048   -0.0000057215   -0.0000407499    0.0000083347   -0.0000370308    0.0000386404   -0.0000112578   -0.0000522495   -0.0000261435    0.0000129666   -0.0000238702   -0.0000414951    0.0000003357   -0.0000027428    0.0000033709    0.0000180270   -0.0000010952   -0.0000417979   -0.0000095548    0.0000284873    0.0000267491   -0.0000268454    0.0000243281    0.0000033499   -0.0000173236    0.0000039938    0.0000403647   -0.0000343819    0.0000001340    0.0000065176   -0.0000051119   -0.0000025404    0.0000422345   -0.0000044329   -0.0000177191    0.0000078173   -0.0000061676 
   0.0001499960    0.0000070426    0.0000991717   -0.0001196778    0.0000574634    0.0000852364    0.0001436752   -0.0000303086   -0.0000648258   -0.0000011499    0.0000732855   -0.0001094174   -0.0009160871   -0.0017838122   -0.0004793729   -0.2623828219   -0.0038530196    0.0016462962   -0.0001960870   -0.0002601338    0.0002906725   -0.0002812867   -0.0003023514   -0.0000954233    0.0001510030    0.0000400560    0.0001426609    0.0000040693   -0.0001938086    0.0000118480    0.0001232646    0.0001579486   -0.0000903078    0.0002046570    0.0000484768    0.0000035566   -0.0000136083   -0.0000515703    0.0000058397    0.0000111042    0.0000137942    0.0000431944   -0.0000196528    0.0000159095   -0.0000488443   -0.0000423455    0.0000551284    0.0000324607   -0.0000385919    0.0000233476   -0.0000953939    0.0000185981   -0.0000114562    0.0000676599   -0.0000568622   -0.0000124793   -0.0000532792    0.0000373535   -0.0000159426    0.0000193941    0.0000218894    0.0000400818    0.0000137104   -0.0000536129    0.0000305284   -0.0000390050    0.0000253629   -0.0000559869    0.0000268101   -0.0000255004    0.0000407837    0.0000185364    0.0000023655    0.0000102215    0.0000268314    0.0000225523    0.0000207112   -0.0000106103   -0.0000405073   -0.0000411864    0.0000192258   -0.0000101634   -0.0000383362   -0.0000023052    0.0000067173    0.0000584197    0.0000244140    0.0000000766    0.0000284910   -0.0000077519   -0.0000328737   -0.0000236203   -0.0000113570    0.0000102942    0.0000089147    0.0000082245    0.0000395798   -0.0000043738   -0.0000168547   -0.0000018107    0.0000535019   -0.0000038953   -0.0000276193   -0.0000072490    0.0000098349   -0.0000036308    0.0000644421    0.0000253901    0.0000786289    0.0000002140   -0.0000037048   -0.0000249984   -0.0000186709   -0.0000041882   -0.0000002566   -0.0000063778   -0.0000265609   -0.0000013161    0.0000012521    0.0000395408    0.0000081179    0.0000023590    0.0000271886    0.0000194918    0.0000329259   -0.0000024506   -0.0000001839   -0.0000324930    0.0000109021   -0.0000146872    0.0000253673   -0.0000015022   -0.0000156045    0.0000084545   -0.0000062996    0.0000123933   -0.0000162476    0.0000102376   -0.0000144734   -0.0000388426   -0.0000092153    0.0000104816    0.0000071665    0.0000122632    0.0000186503    0.0000050526    0.0000076681   -0.0000242744   -0.0000000501   -0.0000216578   -0.0000070545   -0.0000240414 
