0.000000000000000000e+00 -6.712502999999999656e-04 5.647800000000000373e-06 1.736227999999999871e-04 -7.640799999999999757e-06 -3.361408999999999990e-04 6.210509999999999598e-05 2.095199999999999862e-06 -3.114739999999999930e-05 -6.647870000000000439e-05 1.447129999999999983e-05 -4.119600000000000334e-06 2.075099999999999834e-06 2.916699999999999959e-06 8.165560000000000472e-05 -1.739839999999999930e-05 -1.031743999999999993e-04 1.412300000000000014e-05 -3.331740000000000054e-05 5.464750000000000152e-05 -8.182140000000000235e-05 -2.567470000000000001e-05 5.475989999999999726e-05 9.831049999999999327e-05 4.899900000000000300e-05 8.506099999999999756e-06 -3.536390000000000204e-05 8.083570000000000263e-05 2.532920000000000137e-05 -1.337349999999999994e-05 8.644759999999999543e-05 -6.086689999999999825e-05 -9.291390000000000499e-05 -9.135699999999999623e-06 5.367410000000000166e-05 8.191800000000000072e-06 -4.349629999999999892e-05 6.829499999999999579e-06 6.673580000000000571e-05 -6.089380000000000303e-05 -4.482980000000000233e-05 -4.969599999999999819e-06 -3.224459999999999956e-05 7.916499999999999506e-06 1.636399999999999909e-06 1.112980999999999975e-04 -5.950580000000000208e-05 -2.902670000000000112e-05 -5.036460000000000226e-05 1.694598999999999867e-04 1.227890000000000029e-05 1.799959999999999958e-05 -3.558529999999999961e-05 1.588310000000000045e-05 -5.127439999999999819e-05 -1.822019999999999879e-05 1.411364999999999929e-04 -3.440489999999999987e-05 -2.036379999999999975e-05 4.309089999999999768e-05 -4.794420000000000084e-05 -1.573180000000000073e-05 -4.954499999999999744e-06 -3.821079999999999675e-05 3.903580000000000325e-05 2.646400000000000192e-06 4.211999999999999864e-07 6.352760000000000481e-05 -3.574970000000000095e-05 -9.031999999999999879e-07 -1.884479999999999955e-05 -4.200130000000000053e-05 2.559829999999999850e-05 -9.553799999999999906e-06 5.304000000000000378e-06 -1.746329999999999931e-05 4.030439999999999988e-05 5.281799999999999981e-06 -1.791990000000000100e-05 1.533069999999999876e-05 -3.260899999999999984e-06 2.791560000000000086e-05 1.492689999999999934e-05 -3.318619999999999746e-05 -6.557500000000000320e-06 9.010000000000000609e-08 7.233699999999999877e-06 -1.844999999999999911e-06 5.558200000000000418e-06 1.485909999999999975e-05 7.509799999999999656e-06 -2.652200000000000204e-06 7.279430000000000199e-05 1.208099999999999919e-06 -1.145279999999999985e-05 2.362650000000000156e-05 6.734999999999999891e-07 2.692700000000000155e-05 -3.342169999999999885e-05 -1.807169999999999843e-05
6.712502999999999656e-04 0.000000000000000000e+00 1.611190000000000069e-05 2.485496000000000233e-04 -6.241199999999999638e-06 2.954593000000000258e-04 -2.688249999999999884e-05 -1.477050000000000029e-05 4.488069999999999874e-05 6.213149999999999966e-05 2.530700000000000182e-06 2.396264000000000000e-04 3.104944999999999797e-04 -2.203000000000000083e-05 4.792000000000000198e-05 2.073429999999999899e-05 -3.703530000000000098e-05 7.651900000000000379e-06 -8.944099999999999628e-06 1.715930000000000019e-05 1.216157000000000018e-04 1.313800000000000025e-05 1.137500000000000036e-05 3.625050000000000131e-05 -2.585019999999999858e-05 -6.596999999999999688e-06 5.512100000000000131e-06 -9.130800000000000738e-06 -1.865820000000000035e-05 2.068359999999999963e-05 -8.892899999999999170e-06 7.061299999999999630e-06 2.734210000000000034e-05 1.865149999999999922e-05 -2.229900000000000029e-06 -3.237600000000000139e-06 -1.735600000000000120e-05 -1.904999999999999919e-07 -3.681439999999999772e-05 4.408900000000000258e-06 -1.155650000000000023e-05 -1.079780000000000019e-05 2.010679999999999865e-05 6.798299999999999776e-06 2.655679999999999957e-05 -7.145259999999999416e-05 1.543319999999999989e-05 -4.965990000000000204e-05 4.591209999999999703e-05 -6.392780000000000142e-05 -6.359600000000000063e-06 5.847699999999999933e-06 -1.372999999999999920e-07 5.746829999999999999e-05 -6.468110000000000656e-05 -3.231549999999999917e-05 -8.354399999999999159e-06 3.501899999999999878e-06 1.937540000000000087e-05 -3.441999999999999910e-05 4.103899999999999790e-06 3.464169999999999733e-05 -5.374679999999999844e-05 9.388600000000000200e-06 3.135999999999999790e-05 -2.143350000000000070e-05 -1.065989999999999936e-05 -2.613900000000000164e-05 3.219800000000000072e-06 3.205410000000000198e-05 1.421099999999999997e-05 1.920380000000000069e-05 -1.187560000000000028e-05 1.669320000000000138e-05 9.434200000000000238e-06 -5.467300000000000153e-06 -5.400200000000000406e-06 2.302900000000000008e-06 2.388799999999999897e-05 -2.474439999999999978e-05 1.290940000000000044e-05 -2.835809999999999874e-05 -2.534600000000000093e-05 3.303100000000000189e-06 -8.685500000000000105e-06 7.658100000000000421e-06 -8.152099999999999418e-06 -2.881400000000000060e-06 -8.375359999999999717e-05 -2.299069999999999995e-05 -2.173930000000000038e-05 -8.967999999999999518e-06 -2.148219999999999907e-05 6.426900000000000249e-06 3.945499999999999748e-06 -1.526909999999999921e-05 9.102800000000000328e-06 -1.717200000000000051e-06 1.525510000000000070e-05 1.237199999999999945e-05
-5.647800000000000373e-06 -1.611190000000000069e-05 0.000000000000000000e+00 -4.373610000000000296e-05 1.200740799999999893e-03 -7.971440000000000372e-05 -5.463770000000000036e-05 3.218542999999999925e-04 -1.193874999999999949e-04 -4.862400000000000066e-05 -2.459146000000000053e-04 3.827959999999999853e-05 -2.659229999999999949e-05 -1.501406999999999904e-04 3.258400000000000008e-06 5.082780000000000148e-05 -7.469540000000000316e-05 6.876550000000000425e-05 1.577159999999999990e-05 -3.629929999999999989e-05 2.830239999999999858e-05 3.240000000000000150e-05 -3.791030000000000192e-05 -1.371680000000000054e-05 -1.007449999999999985e-05 5.781840000000000194e-05 2.130909999999999898e-05 5.258310000000000143e-05 -7.319139999999999858e-05 2.136800000000000023e-06 4.421690000000000012e-05 5.044830000000000283e-05 -3.522629999999999848e-05 -1.093870000000000083e-05 1.335309999999999926e-05 -4.621080000000000147e-05 4.547369999999999798e-05 -6.424170000000000531e-05 1.705150000000000098e-05 -2.096220000000000066e-05 -8.575530000000000208e-05 1.256969999999999927e-05 4.032769999999999676e-05 -3.839959999999999739e-05 -2.097320000000000106e-05 -2.273460000000000083e-05 4.177020000000000201e-05 3.773770000000000293e-05 3.147189999999999932e-05 3.603209999999999676e-05 -2.528919999999999836e-05 -2.334490000000000073e-05 5.863509999999999702e-05 -3.087070000000000244e-05 4.690670000000000272e-05 -1.434429999999999919e-05 -3.807799999999999694e-05 -7.115200000000000080e-06 -2.306870000000000158e-05 4.388320000000000025e-05 -3.913380000000000130e-05 7.951129999999999884e-05 -1.111499999999999946e-05 -2.843170000000000088e-05 -6.880300000000000008e-06 -2.658360000000000074e-05 -2.740710000000000056e-05 3.753620000000000155e-05 -2.123450000000000142e-05 3.465519999999999983e-05 -5.434299999999999791e-05 -2.341529999999999924e-05 4.148910000000000228e-05 8.176199999999999747e-06 2.391099999999999858e-06 -3.271800000000000167e-06 7.675200000000000647e-06 6.157659999999999588e-05 1.446550000000000067e-05 -2.443300000000000138e-05 -2.471509999999999991e-05 6.781609999999999602e-05 8.756999999999999336e-06 -5.028960000000000044e-05 3.594359999999999922e-05 -2.526609999999999853e-05 -8.665750000000000167e-05 -1.149376999999999956e-04 9.503200000000000763e-06 -1.213540000000000074e-05 2.306269999999999859e-05 2.714900000000000044e-05 -1.048299999999999984e-06 5.275229999999999974e-05 2.744590000000000094e-05 -1.422719999999999992e-05 -2.924369999999999921e-05 -7.458899999999999855e-06 -3.007989999999999977e-05 -3.422439999999999711e-05
-1.736227999999999871e-04 -2.485496000000000233e-04 4.373610000000000296e-05 0.000000000000000000e+00 7.373290000000000009e-05 1.573355700000000044e-03 4.423062999999999973e-04 4.779250000000000024e-05 5.539180000000000048e-05 -3.805200000000000092e-05 -2.623300000000000108e-05 -1.186507000000000056e-04 7.931199999999999551e-06 -2.522479999999999945e-05 -5.452309999999999980e-05 -3.911979999999999771e-05 1.056409999999999936e-05 1.501659999999999951e-05 -1.099270999999999999e-04 1.169570000000000052e-05 -1.863789999999999989e-05 -9.947360000000000251e-05 -3.430430000000000290e-05 -5.834920000000000032e-05 2.042920000000000085e-05 9.217100000000000233e-06 3.511879999999999993e-05 -1.572469999999999871e-05 -5.111600000000000323e-06 5.685299999999999591e-06 3.734369999999999958e-05 -3.831180000000000138e-05 -3.052929999999999923e-05 -4.267800000000000033e-06 -1.186999999999999975e-07 5.183709999999999875e-05 3.490139999999999757e-05 -6.059399999999999956e-06 -3.495399999999999771e-05 -3.126489999999999944e-05 3.925649999999999929e-05 -3.469980000000000276e-05 -8.442699999999999652e-06 -1.469870000000000040e-05 -6.165199999999999858e-06 1.210880000000000001e-05 5.054630000000000088e-05 -3.460400000000000276e-05 -7.481260000000000264e-05 1.591069999999999998e-05 8.755000000000000033e-06 2.173999999999999853e-05 3.188370000000000104e-05 4.569999999999999952e-05 -7.614800000000000344e-06 6.263100000000000225e-06 -3.036699999999999911e-05 -3.200100000000000074e-06 -4.363559999999999943e-05 2.133900000000000017e-05 -1.026553000000000063e-04 -4.980029999999999819e-05 1.141315999999999967e-04 2.220620000000000094e-05 -1.834660000000000151e-05 -5.453000000000000138e-06 1.273420000000000083e-05 -1.783970000000000133e-05 3.022870000000000079e-05 3.827669999999999895e-05 -5.010840000000000292e-05 3.865460000000000087e-05 -2.941500000000000128e-06 5.223299999999999948e-05 3.431260000000000077e-05 -3.635149999999999916e-05 1.134509999999999917e-05 -2.427599999999999932e-05 2.700349999999999989e-05 5.062599999999999606e-06 -1.580199999999999922e-06 -3.042900000000000123e-06 3.483699999999999866e-05 3.280589999999999705e-05 3.486849999999999997e-05 -1.458290000000000060e-05 -3.593679999999999786e-05 2.874169999999999961e-05 1.827520000000000080e-05 1.892029999999999908e-05 5.582699999999999929e-06 4.124009999999999840e-05 2.008899999999999943e-06 3.835009999999999727e-05 -2.578299999999999946e-06 8.597000000000000021e-07 3.332239999999999795e-05 6.562869999999999728e-05 3.546400000000000045e-06 -3.174899999999999875e-06
7.640799999999999757e-06 6.241199999999999638e-06 -1.200740799999999893e-03 -7.373290000000000009e-05 0.000000000000000000e+00 4.075360000000000229e-05 -1.197615999999999953e-04 -7.283234000000000409e-04 2.561899999999999985e-06 1.248159999999999922e-05 -3.826177999999999741e-04 -1.596149999999999956e-05 5.963570000000000231e-05 1.053373000000000053e-04 -3.332699999999999872e-06 -2.453485999999999840e-04 2.703409999999999922e-05 -1.190377999999999939e-04 -6.489209999999999488e-05 -3.427300000000000203e-05 1.734360000000000112e-05 -6.323919999999999585e-05 2.312070000000000040e-05 -1.038100000000000064e-06 5.459359999999999853e-05 -3.168690000000000319e-05 1.118215000000000067e-04 -2.921350000000000075e-05 -6.373699999999999640e-06 -2.908729999999999847e-05 1.917959999999999845e-05 -3.216049999999999812e-05 5.898449999999999744e-05 -1.179980000000000009e-05 -1.251940000000000079e-05 1.753680000000000123e-05 -2.660370000000000077e-05 4.065599999999999665e-06 8.909040000000000340e-05 -3.181570000000000101e-05 -3.877719999999999865e-05 -3.676670000000000155e-05 -1.261483999999999999e-04 -6.411460000000000444e-05 -2.333850000000000025e-05 -2.680010000000000112e-05 5.431299999999999990e-05 5.368040000000000192e-05 6.421059999999999810e-05 6.079039999999999992e-05 -2.597699999999999879e-05 -3.250520000000000178e-05 -3.458570000000000329e-05 -8.115999999999999883e-06 -1.184780000000000030e-05 1.574280000000000113e-05 -2.899120000000000120e-05 2.242270000000000133e-05 -1.989369999999999894e-05 -8.069279999999999422e-05 -3.699280000000000266e-05 -4.335699999999999841e-06 3.896740000000000235e-05 -1.048700000000000014e-06 4.184040000000000008e-05 -3.410159999999999889e-05 -1.806729999999999895e-05 -3.979820000000000124e-05 2.700870000000000113e-05 4.896000000000000219e-06 -3.857899999999999773e-05 8.544000000000000274e-07 5.003610000000000024e-05 -6.523459999999999372e-05 -5.411290000000000159e-05 3.321940000000000250e-05 2.713490000000000002e-05 -6.401029999999999936e-05 1.118745000000000010e-04 1.167957000000000039e-04 6.479400000000000170e-06 8.791799999999999409e-06 -2.504819999999999847e-05 -8.762800000000000195e-06 -2.870680000000000101e-05 3.051509999999999859e-05 5.453400000000000168e-06 3.484820000000000289e-05 5.387599999999999883e-06 9.549699999999999386e-06 -4.226740000000000125e-05 -1.569790000000000093e-05 -2.974390000000000164e-05 -6.106020000000000197e-05 1.042597000000000006e-04 2.412030000000000012e-05 9.753360000000000415e-05 -1.305710000000000074e-05 -1.471890000000000065e-05 -7.793090000000000293e-05
3.361408999999999990e-04 -2.954593000000000258e-04 7.971440000000000372e-05 -1.573355700000000044e-03 -4.075360000000000229e-05 0.000000000000000000e+00 -5.683568899999999827e-03 1.049379999999999938e-05 4.946979999999999856e-05 5.258225999999999959e-04 9.040330000000000230e-05 -2.469122000000000244e-04 2.911413000000000174e-04 -4.645870000000000295e-05 -1.232214999999999992e-04 3.297700000000000207e-06 3.943529999999999833e-05 7.404900000000000033e-06 1.408930000000000078e-05 1.106441000000000000e-04 -4.585510000000000080e-05 2.323682999999999890e-04 3.448509999999999954e-05 -5.764059999999999833e-05 -8.055620000000000640e-05 3.654959999999999985e-05 -1.759050000000000040e-05 4.555099999999999807e-06 -3.696919999999999834e-05 6.664619999999999897e-05 -3.533789999999999924e-05 -4.139250000000000053e-05 -1.036886999999999954e-04 7.394450000000000328e-05 -5.028549999999999822e-05 -6.031959999999999758e-05 6.827480000000000571e-05 -1.049386999999999987e-04 8.583099999999999866e-05 3.634030000000000170e-05 -7.604360000000000492e-05 4.209690000000000009e-05 -6.009000000000000405e-07 -2.279010000000000055e-05 5.541249999999999843e-05 -3.626799999999999902e-05 -7.202819999999999590e-05 -2.679309999999999933e-05 -5.861969999999999713e-05 -2.195639999999999869e-05 -4.850199999999999743e-06 -5.296109999999999680e-05 2.659590000000000061e-05 2.828370000000000162e-05 4.622090000000000329e-05 2.404799999999999828e-06 -1.180303000000000005e-04 5.157210000000000044e-05 1.103389999999999951e-05 -3.760130000000000200e-05 4.678799999999999995e-06 -3.615319999999999802e-05 8.956470000000000663e-05 1.080367000000000019e-04 -3.426799999999999954e-06 4.736000000000000057e-06 -2.262239999999999875e-05 6.752170000000000101e-05 -5.474499999999999847e-05 -7.362199999999999578e-06 -1.727799999999999958e-05 4.835769999999999950e-05 2.769539999999999914e-05 1.385360000000000065e-05 3.838779999999999862e-05 -2.885020000000000035e-05 -1.338830000000000021e-05 -1.464499999999999954e-05 6.426599999999999591e-06 -2.589770000000000109e-05 -1.092749999999999998e-05 2.782910000000000093e-05 -2.360839999999999914e-05 3.687160000000000117e-05 2.268259999999999862e-05 -1.841169999999999856e-05 -1.579000000000000044e-07 2.647090000000000096e-05 -6.904899999999999569e-05 2.119700000000000051e-05 -1.181499999999999953e-05 -1.398529999999999974e-05 -8.613399999999999559e-06 1.035339999999999984e-05 -2.093079999999999957e-05 1.909300000000000168e-05 1.419050000000000076e-05 6.147290000000000566e-05 4.150869999999999782e-05 2.638120000000000078e-05
-6.210509999999999598e-05 2.688249999999999884e-05 5.463770000000000036e-05 -4.423062999999999973e-04 1.197615999999999953e-04 5.683568899999999827e-03 0.000000000000000000e+00 1.527429999999999977e-04 -5.204099999999999861e-05 -4.733992999999999925e-04 7.078360000000000446e-05 4.708803999999999919e-04 -1.341915000000000111e-04 -9.018000000000000733e-06 8.215310000000000462e-05 5.110230000000000030e-05 -1.775810000000000062e-04 -6.657389999999999630e-05 1.023310000000000033e-05 1.204185000000000059e-04 1.201709000000000051e-04 3.000470999999999889e-04 6.992400000000000171e-06 8.113660000000000511e-05 4.595999999999999703e-06 1.715269999999999927e-05 -8.521999999999999680e-07 1.315880000000000012e-05 -7.085539999999999926e-05 2.325109999999999834e-05 -4.640659999999999713e-05 2.558220000000000047e-05 -5.378200000000000108e-05 -3.688700000000000106e-05 -1.785912000000000122e-04 -1.079693000000000032e-04 -1.911619999999999834e-05 -4.510780000000000204e-05 3.132009999999999851e-05 9.109100000000000590e-06 8.309389999999999398e-05 3.296590000000000230e-05 2.121979999999999968e-05 6.221560000000000111e-05 1.196119999999999993e-05 2.291759999999999891e-05 1.173750000000000070e-05 -4.660900000000000047e-05 -4.472239999999999722e-05 -2.558649999999999973e-05 -2.784770000000000106e-05 9.471799999999999675e-06 -3.131149999999999998e-05 3.444199999999999990e-06 -7.886020000000000096e-05 3.849790000000000286e-05 1.570049999999999986e-05 1.821429999999999940e-05 -4.216570000000000187e-05 4.689770000000000332e-05 8.845550000000000038e-05 -1.323209999999999991e-05 -1.748000000000000035e-06 5.127409999999999753e-05 -3.376719999999999749e-05 1.165930000000000033e-05 -9.805000000000000144e-06 -1.018540000000000077e-05 -2.796230000000000162e-05 -2.955139999999999967e-05 -3.712800000000000095e-05 -3.306869999999999732e-05 -3.068200000000000118e-06 1.139140000000000074e-05 -2.859639999999999949e-05 5.749149999999999665e-05 -6.741489999999999722e-05 -2.458400000000000044e-05 -2.558019999999999947e-05 2.608189999999999841e-05 3.093520000000000156e-05 -2.986829999999999997e-05 -1.446220000000000021e-05 5.470859999999999997e-05 -8.122500000000000583e-06 -2.273229999999999918e-05 -1.291550000000000026e-05 2.225999999999999948e-07 -7.132000000000000071e-07 -7.879869999999999485e-05 4.043100000000000304e-06 4.657469999999999980e-05 6.353229999999999479e-05 -2.486690000000000073e-05 1.417660000000000078e-05 -2.295919999999999865e-05 -3.422529999999999908e-05 3.087519999999999875e-05 -1.024999999999999927e-06 -1.520589999999999954e-05
-2.095199999999999862e-06 1.477050000000000029e-05 -3.218542999999999925e-04 -4.779250000000000024e-05 7.283234000000000409e-04 -1.049379999999999938e-05 -1.527429999999999977e-04 0.000000000000000000e+00 -1.971748199999999798e-03 3.290420000000000253e-05 -1.281258000000000126e-04 1.384870000000000007e-05 -1.355729999999999978e-05 -6.776609999999999481e-05 2.885269999999999906e-05 2.564610000000000167e-05 4.056009999999999813e-05 -8.282699999999999489e-06 2.130100000000000155e-06 -3.397630000000000197e-05 -1.485679999999999979e-05 3.963740000000000102e-05 -8.935769999999999998e-05 5.705840000000000244e-05 -2.366849999999999878e-04 5.984999999999999787e-05 -2.260641000000000028e-04 -1.037280000000000003e-05 3.703180000000000008e-05 1.841316999999999975e-04 1.285700000000000074e-05 2.469339999999999976e-05 -1.381190000000000069e-05 7.104940000000000452e-05 -4.904520000000000266e-05 1.026029999999999933e-04 -9.371639999999999604e-05 -2.587019999999999839e-05 9.117999999999999988e-07 3.925400000000000059e-05 -2.594690000000000055e-05 -3.542109999999999871e-05 6.738929999999999530e-05 -5.113839999999999814e-05 4.774000000000000032e-05 -1.016203000000000001e-04 1.520940000000000044e-05 7.131900000000000275e-06 -4.347520000000000009e-05 8.984400000000000242e-05 3.487510000000000089e-05 -1.343920000000000001e-05 -7.002960000000000456e-05 3.232099999999999937e-06 -7.510759999999999897e-05 -9.655720000000000448e-05 9.967599999999999231e-06 6.177649999999999374e-05 -9.275049999999999907e-05 5.000310000000000242e-05 1.373349999999999989e-05 -8.574830000000000028e-05 -1.321869999999999933e-05 6.522709999999999760e-05 4.254800000000000327e-06 3.035499999999999990e-06 -3.228729999999999833e-05 1.401619999999999974e-05 -7.594340000000000205e-05 -2.849600000000000212e-06 8.695300000000000587e-05 -8.526600000000000661e-06 2.713350000000000034e-05 -1.679089999999999877e-05 -2.167669999999999864e-05 1.064250000000000017e-05 -6.376799999999999661e-06 4.281969999999999933e-05 6.262899999999999956e-05 -1.988289999999999898e-05 -2.305430000000000050e-05 7.728690000000000028e-05 9.159100000000000111e-06 4.655120000000000248e-05 -2.026909999999999877e-05 -1.061244000000000033e-04 -7.011709999999999991e-05 3.835570000000000277e-05 2.492120000000000121e-05 -4.455750000000000157e-05 -4.127300000000000277e-05 -6.075329999999999988e-05 1.887050000000000169e-05 -9.418920000000000276e-05 1.645310000000000007e-05 -3.625529999999999828e-05 -3.030699999999999968e-05 2.080430000000000002e-05 -6.422379999999999994e-05 -4.312139999999999680e-05
3.114739999999999930e-05 -4.488069999999999874e-05 1.193874999999999949e-04 -5.539180000000000048e-05 -2.561899999999999985e-06 -4.946979999999999856e-05 5.204099999999999861e-05 1.971748199999999798e-03 0.000000000000000000e+00 -1.745750000000000014e-05 7.677186000000000123e-04 1.139676999999999964e-04 -7.735530000000000119e-05 -2.170759999999999931e-04 4.017190000000000073e-05 2.798933000000000193e-04 -1.354210000000000033e-05 2.251007999999999980e-04 8.861509999999999797e-05 1.329650000000000051e-05 -1.361900000000000039e-06 -1.098270000000000074e-05 -1.709330000000000116e-05 -3.716139999999999965e-05 -2.766279999999999881e-05 -6.307259999999999646e-05 -2.144346999999999952e-04 4.593069999999999716e-05 -2.411150000000000115e-05 1.793621000000000017e-04 2.545049999999999968e-05 -9.812819999999999334e-05 -3.858360000000000104e-05 -4.186719999999999786e-05 -3.626089999999999701e-05 8.580869999999999719e-05 1.604693999999999988e-04 -3.898010000000000309e-05 -7.191499999999999671e-06 -2.738390000000000052e-05 -5.037569999999999949e-05 1.079219999999999977e-05 5.854740000000000123e-05 -9.702350000000000373e-05 -1.841090000000000020e-05 -4.035780000000000178e-05 6.741500000000000422e-05 -3.189960000000000202e-05 8.789399999999999229e-06 -4.248519999999999771e-05 -6.034469999999999841e-05 5.476200000000000187e-05 -4.338020000000000184e-05 6.187020000000000269e-05 -6.672760000000000128e-05 -2.429520000000000076e-05 -1.849200000000000015e-06 2.340119999999999882e-05 5.701299999999999946e-06 5.893239999999999839e-05 -2.222839999999999880e-05 5.651390000000000113e-05 -1.527299999999999971e-06 -8.737799999999999587e-06 4.455869999999999742e-05 7.315000000000000267e-06 -5.161109999999999786e-05 -9.776899999999999515e-06 5.786689999999999987e-05 4.366999999999999863e-07 -2.933260000000000102e-05 -6.492869999999999382e-05 -8.301449999999999606e-05 -1.734500000000000080e-06 -2.358450000000000094e-05 4.335510000000000102e-05 1.324530000000000005e-05 -3.050000000000000021e-06 -6.306969999999999688e-05 2.081530000000000042e-05 1.016742999999999965e-04 -4.678570000000000168e-05 -5.676090000000000063e-05 6.702580000000000462e-05 -8.018980000000000259e-05 -3.035789999999999948e-05 1.639399999999999923e-06 -5.492599999999999725e-06 4.187600000000000361e-06 -8.617909999999999622e-05 -2.844740000000000143e-05 3.842020000000000190e-05 3.972140000000000225e-05 9.132160000000000331e-05 -2.735030000000000138e-05 6.863140000000000158e-05 -2.810939999999999891e-05 -3.714420000000000259e-05 -5.765869999999999736e-05 4.055930000000000315e-05
6.647870000000000439e-05 -6.213149999999999966e-05 4.862400000000000066e-05 3.805200000000000092e-05 -1.248159999999999922e-05 -5.258225999999999959e-04 4.733992999999999925e-04 -3.290420000000000253e-05 1.745750000000000014e-05 0.000000000000000000e+00 5.431320000000000033e-05 3.756893000000000081e-04 -2.299256000000000064e-04 1.367479999999999992e-05 5.031299999999999584e-06 1.246939999999999957e-05 -2.261414999999999964e-04 -5.817899999999999981e-05 1.791065999999999904e-04 -1.533275999999999921e-04 1.707736000000000009e-04 3.307670000000000130e-05 -3.021269999999999959e-05 1.120024999999999970e-04 4.000749999999999939e-05 4.168300000000000393e-06 5.312090000000000160e-05 7.152360000000000076e-05 -7.345209999999999424e-05 -1.188320000000000000e-05 5.324599999999999808e-05 -6.207759999999999667e-05 3.382740000000000074e-05 -5.694000000000000032e-06 2.203369999999999878e-05 4.136419999999999946e-05 -1.304680000000000017e-05 4.459689999999999987e-05 -8.247700000000000333e-05 3.704730000000000019e-05 1.212823000000000026e-04 -7.729100000000000250e-06 -5.350019999999999982e-05 2.374749999999999921e-05 2.879970000000000143e-05 5.478970000000000162e-05 -6.515570000000000367e-05 -1.056100000000000002e-04 -2.676430000000000055e-05 1.213540000000000040e-04 4.318759999999999965e-05 2.758820000000000125e-05 -2.417999999999999888e-05 -1.025851000000000014e-04 -2.414710000000000128e-05 -2.684620000000000056e-05 -1.229569999999999986e-05 7.442099999999999779e-05 -5.818100000000000250e-06 5.298279999999999694e-05 4.738979999999999815e-05 6.025070000000000236e-05 9.175670000000000191e-05 -2.009730000000000153e-05 7.402669999999999379e-05 -5.026299999999999632e-06 5.493200000000000193e-06 -3.178300000000000131e-06 -1.183620000000000028e-05 1.145598999999999939e-04 5.358490000000000258e-05 -5.402599999999999739e-06 1.631570000000000034e-05 -7.315499999999999669e-06 -2.676600000000000089e-05 -9.195799999999999268e-06 -7.910000000000000023e-08 -3.606800000000000094e-05 -4.838340000000000164e-05 4.241580000000000139e-05 -1.880129999999999904e-05 -2.606069999999999936e-05 -4.618590000000000109e-05 7.091710000000000581e-05 -7.070000000000000442e-08 6.916349999999999603e-05 -3.608680000000000150e-05 -2.339539999999999965e-05 -4.733540000000000084e-05 3.149019999999999879e-05 -3.698839999999999978e-05 2.893299999999999895e-05 1.399229999999999985e-05 -3.389099999999999790e-05 1.135199999999999948e-06 1.759579999999999846e-05 -8.007099999999999960e-06 8.558210000000000177e-05 2.789700000000000158e-06 2.268950000000000020e-05
-1.447129999999999983e-05 -2.530700000000000182e-06 2.459146000000000053e-04 2.623300000000000108e-05 3.826177999999999741e-04 -9.040330000000000230e-05 -7.078360000000000446e-05 1.281258000000000126e-04 -7.677186000000000123e-04 -5.431320000000000033e-05 0.000000000000000000e+00 -2.756670000000000154e-05 9.703209999999999548e-05 5.130071000000000370e-04 4.110910000000000253e-05 -3.965380000000000310e-05 7.234820000000000638e-05 4.027252000000000045e-04 -1.324410000000000081e-05 7.906979999999999976e-05 -1.341410000000000020e-04 -1.495200000000000101e-06 -8.386500000000000088e-06 -2.930650000000000139e-05 4.204999999999999889e-05 1.536157000000000071e-04 -6.434079999999999899e-05 1.260847999999999960e-04 1.461659999999999995e-05 4.008930000000000257e-05 -2.836699999999999878e-06 -1.285331999999999978e-04 -9.273330000000000201e-05 -2.614470000000000059e-05 -4.367889999999999951e-05 -8.771599999999999840e-05 9.028059999999999753e-05 8.964129999999999841e-05 -3.588099999999999748e-05 5.536500000000000270e-05 7.390070000000000211e-05 -3.938879999999999801e-05 -9.754899999999999726e-05 -8.134950000000000438e-05 3.401739999999999723e-05 -2.691880000000000051e-05 -9.979379999999999989e-05 -4.519589999999999871e-05 1.316980000000000052e-05 -1.829949999999999988e-05 7.440670000000000031e-05 8.250479999999999652e-05 2.907249999999999990e-05 1.902600000000000046e-05 -2.887599999999999932e-05 5.007199999999999764e-05 -2.543070000000000031e-05 6.753909999999999851e-05 -2.019329999999999858e-05 6.008320000000000099e-05 1.760999999999999953e-07 9.528899999999999518e-06 5.488299999999999613e-06 3.434670000000000100e-05 1.495548000000000136e-04 1.319093000000000078e-04 1.943290000000000159e-05 -1.527640000000000166e-05 1.027580000000000079e-05 4.387180000000000235e-05 9.579600000000000574e-06 8.484659999999999500e-05 1.181074000000000002e-04 -2.662550000000000114e-05 -2.771510000000000168e-05 -9.217000000000000014e-07 -1.458259999999999994e-05 2.778689999999999988e-05 2.587920000000000118e-05 7.303090000000000579e-05 3.231000000000000067e-05 -1.618700000000000062e-06 5.526399999999999808e-05 4.018269999999999730e-05 4.272260000000000326e-05 3.670909999999999722e-05 -9.476560000000000625e-05 2.785380000000000088e-05 9.243400000000000303e-06 1.657969999999999984e-05 -4.789079999999999894e-05 5.293999999999999627e-06 2.341440000000000066e-05 1.231063999999999976e-04 7.115650000000000219e-05 -2.798909999999999940e-05 5.007440000000000290e-05 4.384000000000000081e-07 -7.228599999999999705e-06 2.574039999999999838e-05
4.119600000000000334e-06 -2.396264000000000000e-04 -3.827959999999999853e-05 1.186507000000000056e-04 1.596149999999999956e-05 2.469122000000000244e-04 -4.708803999999999919e-04 -1.384870000000000007e-05 -1.139676999999999964e-04 -3.756893000000000081e-04 2.756670000000000154e-05 0.000000000000000000e+00 2.853716799999999904e-03 1.001976000000000044e-04 1.468312000000000046e-04 -3.002960000000000129e-05 -7.896077000000000260e-04 -5.334040000000000179e-05 -9.792059999999999892e-05 -4.643073000000000057e-04 4.706442999999999825e-04 -4.929493000000000069e-04 -4.457370000000000321e-05 2.483239999999999962e-05 -2.554060000000000073e-05 -1.938089999999999938e-05 9.851199999999999803e-06 -6.145009999999999633e-05 -3.073090000000000083e-05 5.998599999999999623e-06 -6.459850000000000162e-05 5.315919999999999749e-05 3.601000000000000018e-07 4.186590000000000179e-05 4.022600000000000246e-06 1.361710000000000046e-05 5.205000000000000140e-06 -2.542579999999999973e-05 -1.319709999999999940e-05 2.415109999999999989e-05 -5.108800000000000113e-06 3.244280000000000048e-05 -1.133300000000000017e-06 -8.293790000000000428e-05 -3.961340000000000260e-05 -2.402350000000000131e-05 1.809549999999999980e-05 2.289489999999999996e-05 9.235329999999999549e-05 1.125770000000000065e-05 1.320891000000000090e-04 -4.963959999999999819e-05 6.010639999999999766e-05 4.341120000000000205e-05 9.705490000000000482e-05 -4.363710000000000272e-05 -5.201450000000000149e-05 2.430399999999999973e-05 8.902590000000000427e-05 -3.642400000000000227e-05 3.444899999999999831e-06 1.548219999999999891e-05 2.222049999999999842e-05 -2.079789999999999954e-05 -4.226969999999999952e-05 -3.870700000000000057e-06 3.545149999999999761e-05 -2.484700000000000114e-06 1.851269999999999980e-05 -5.732750000000000297e-05 -4.398979999999999682e-05 -2.331349999999999964e-05 -7.039600000000000329e-06 1.509469999999999966e-05 2.670489999999999905e-05 4.100499999999999789e-05 5.876700000000000164e-05 1.959610000000000030e-05 3.073949999999999935e-05 -4.966499999999999967e-05 -1.382149999999999972e-05 3.908490000000000250e-05 1.075807000000000049e-04 3.368190000000000019e-05 1.811389999999999948e-05 -1.202880000000000077e-05 1.312740000000000072e-05 3.262129999999999885e-05 -2.642399999999999891e-06 3.011169999999999835e-05 4.366400000000000241e-06 -1.128269999999999957e-05 1.168007000000000013e-04 3.498749999999999663e-05 -2.712869999999999998e-05 -1.087179999999999982e-05 6.306499999999999674e-06 -7.296290000000000577e-05 1.625469999999999872e-05 2.574500000000000169e-05
-2.075099999999999834e-06 -3.104944999999999797e-04 2.659229999999999949e-05 -7.931199999999999551e-06 -5.963570000000000231e-05 -2.911413000000000174e-04 1.341915000000000111e-04 1.355729999999999978e-05 7.735530000000000119e-05 2.299256000000000064e-04 -9.703209999999999548e-05 -2.853716799999999904e-03 0.000000000000000000e+00 -4.659160000000000298e-05 1.965020499999999785e-03 1.798245000000000128e-04 -4.995928999999999648e-04 4.515470000000000323e-05 2.668489000000000126e-04 2.359769000000000005e-04 -2.236089999999999931e-04 -5.194201999999999977e-04 -6.224040000000000128e-05 2.382240999999999948e-04 -1.542300000000000124e-05 6.613090000000000071e-05 -1.943240000000000050e-05 -2.440770000000000011e-05 4.182510000000000042e-05 -5.338960000000000125e-05 1.813640000000000139e-05 -7.138199999999999690e-06 2.549489999999999878e-05 1.349273000000000117e-04 -2.346339999999999968e-05 4.148510000000000028e-05 -1.794659999999999856e-05 -2.587750000000000084e-05 -6.692430000000000568e-05 1.029449999999999944e-05 -1.852260000000000118e-05 -9.814079999999999386e-05 4.002229999999999796e-05 -4.273180000000000310e-05 9.035199999999999484e-06 6.722420000000000598e-05 5.401060000000000089e-05 5.305199999999999621e-06 -6.450880000000000145e-05 -1.249889999999999988e-05 -1.381919999999999976e-05 -4.566960000000000062e-05 -2.849210000000000119e-05 -1.577070000000000132e-05 8.328149999999999876e-05 -1.371699999999999928e-05 3.002930000000000063e-05 5.041450000000000326e-05 -4.942430000000000044e-05 -4.425299999999999796e-06 1.057039999999999963e-05 -1.033089999999999963e-05 -1.369290000000000065e-05 1.051464000000000001e-04 4.257350000000000159e-05 -3.292400000000000021e-06 -8.703749999999999465e-05 3.181679999999999665e-05 -3.115559999999999695e-05 2.186500000000000157e-06 5.060000000000000046e-07 -2.821019999999999970e-05 -2.397759999999999893e-05 3.651700000000000121e-06 1.526789999999999997e-05 -3.447549999999999882e-05 -8.968159999999999869e-05 -2.077129999999999881e-05 5.912999999999999969e-06 9.342099999999999883e-06 7.845999999999999715e-07 -5.796400000000000272e-05 -5.351890000000000016e-05 -4.924180000000000007e-05 7.629000000000000353e-07 6.435890000000000480e-05 4.268700000000000313e-06 -1.352459999999999923e-05 -5.554330000000000064e-05 -2.219279999999999867e-05 1.657240000000000078e-05 -1.122149999999999920e-05 -2.309679999999999882e-05 -4.239700000000000082e-05 6.692799999999999685e-06 3.707369999999999709e-05 -3.677800000000000176e-06 3.697940000000000038e-05 -3.032699999999999949e-05 1.674139999999999865e-05
-2.916699999999999959e-06 2.203000000000000083e-05 1.501406999999999904e-04 2.522479999999999945e-05 -1.053373000000000053e-04 4.645870000000000295e-05 9.018000000000000733e-06 6.776609999999999481e-05 2.170759999999999931e-04 -1.367479999999999992e-05 -5.130071000000000370e-04 -1.001976000000000044e-04 4.659160000000000298e-05 0.000000000000000000e+00 1.563927000000000112e-04 -2.238640400000000211e-03 -5.600509999999999679e-05 1.968050000000000105e-04 -1.078711999999999981e-04 1.752489000000000087e-04 -5.921619999999999727e-05 7.986619999999999776e-05 -4.311820999999999861e-04 -3.130529999999999993e-05 -2.296760000000000012e-04 1.276197000000000074e-04 5.491660000000000205e-05 2.543250000000000087e-05 -5.038910000000000177e-05 -1.731074999999999888e-04 2.497899999999999835e-06 -1.391088999999999922e-04 -6.029390000000000221e-05 9.144420000000000109e-05 7.990680000000000547e-05 4.848659999999999754e-05 5.635519999999999874e-05 -7.551809999999999784e-05 2.405580000000000099e-05 3.024760000000000157e-05 -1.307443999999999946e-04 2.012279999999999985e-05 1.974430000000000000e-05 4.155440000000000316e-05 -7.815299999999999526e-06 -2.051261000000000078e-04 -2.897900000000000156e-05 1.057631999999999973e-04 -4.501369999999999899e-05 8.924360000000000051e-05 -3.293609999999999794e-05 7.682100000000000530e-06 1.932029999999999864e-05 -2.671399999999999953e-06 1.641310000000000045e-05 3.524459999999999795e-05 -4.125460000000000308e-05 1.324989999999999998e-05 7.526710000000000312e-05 -1.752539999999999995e-05 -3.434579999999999903e-05 -5.412280000000000297e-05 -6.523670000000000510e-05 7.613629999999999812e-05 -4.041050000000000214e-05 -3.480120000000000148e-05 2.071459999999999984e-05 2.717809999999999988e-05 -1.679849999999999849e-05 -1.429269999999999955e-05 1.542859999999999997e-05 -9.724700000000000252e-06 1.040819999999999972e-05 5.479300000000000208e-06 4.966340000000000294e-05 -1.480799999999999951e-05 -1.765860000000000064e-05 -8.453009999999999897e-05 -4.912989999999999865e-05 1.184620000000000018e-05 5.633889999999999688e-05 6.762750000000000261e-05 6.291050000000000017e-05 8.032800000000000408e-06 6.577699999999999720e-06 -2.476620000000000015e-05 -8.568549999999999810e-05 1.376600000000000084e-06 -8.707400000000000692e-06 3.019379999999999880e-05 1.642890000000000122e-05 -8.296759999999999487e-05 2.628299999999999891e-06 1.207200000000000063e-06 -3.568319999999999744e-05 7.940609999999999856e-05 4.059500000000000012e-05 8.113399999999999264e-06 5.748839999999999663e-05 -4.665700000000000069e-06
-8.165560000000000472e-05 -4.792000000000000198e-05 -3.258400000000000008e-06 5.452309999999999980e-05 3.332699999999999872e-06 1.232214999999999992e-04 -8.215310000000000462e-05 -2.885269999999999906e-05 -4.017190000000000073e-05 -5.031299999999999584e-06 -4.110910000000000253e-05 -1.468312000000000046e-04 -1.965020499999999785e-03 -1.563927000000000112e-04 0.000000000000000000e+00 4.061219999999999717e-05 -2.172081999999999984e-04 1.385326000000000092e-04 8.997645000000000079e-04 3.869667000000000029e-04 3.951536000000000176e-04 -2.470910000000000031e-05 -2.349100000000000091e-06 -1.163786000000000041e-04 8.533940000000000492e-05 -5.784680000000000323e-05 8.541599999999999670e-06 -3.425500000000000068e-06 4.528690000000000173e-05 -2.355220000000000127e-05 3.092694999999999906e-04 2.471599999999999850e-05 2.070379999999999988e-05 -7.564890000000000004e-05 3.390180000000000125e-05 -4.276790000000000095e-05 6.542969999999999461e-05 -4.162430000000000058e-05 -3.313860000000000151e-05 7.004620000000000030e-05 -2.906999999999999759e-07 1.048801999999999992e-04 3.507299999999999861e-06 7.853449999999999830e-05 1.379049999999999951e-05 -3.736000000000000144e-05 -6.643619999999999929e-05 1.009365999999999985e-04 -3.683220000000000287e-05 -1.045306999999999985e-04 -2.983620000000000074e-05 -1.202829999999999968e-05 2.780600000000000110e-05 5.344920000000000319e-05 1.238365000000000060e-04 3.484659999999999939e-05 -6.323180000000000673e-05 -8.097179999999999612e-05 1.310149999999999984e-05 -2.303179999999999860e-05 -5.587400000000000071e-06 -5.568530000000000029e-05 6.014369999999999813e-05 8.057300000000000258e-05 3.875760000000000311e-05 2.473479999999999906e-05 4.941620000000000301e-05 5.412570000000000255e-05 7.520670000000000621e-05 -4.813479999999999864e-05 -2.566900000000000106e-05 1.979049999999999966e-05 -5.661749999999999791e-05 -2.074010000000000155e-05 2.774299999999999848e-06 3.148709999999999877e-05 4.624899999999999714e-05 2.671289999999999966e-05 5.006029999999999909e-05 -2.276990000000000031e-05 1.835870000000000093e-05 -5.675939999999999734e-05 -2.268759999999999942e-05 2.585290000000000111e-05 2.442000000000000082e-06 -3.756859999999999806e-05 -1.559800000000000084e-06 1.056179999999999940e-05 -3.171740000000000231e-05 -1.737499999999999882e-05 -2.124160000000000005e-05 -2.733890000000000010e-05 -1.669290000000000072e-05 3.109169999999999913e-05 5.276000000000000308e-05 -4.893040000000000166e-05 2.624820000000000053e-05 -5.753070000000000129e-05 1.551550000000000078e-05 -4.258079999999999727e-05
