0.000000000000000000e+00 -7.434234000000000285e-04 7.418399999999999989e-06 -7.290530000000000144e-05 -5.402299999999999928e-06 -2.204739999999999901e-04 4.489190000000000297e-05 6.721399999999999716e-06 -1.050130000000000058e-04 -5.461849999999999892e-05 3.479909999999999688e-05 -1.110199999999999975e-06 -1.143380000000000054e-05 3.111810000000000281e-05 6.529050000000000110e-05 2.220669999999999865e-05 -1.311802999999999949e-04 -1.764290000000000010e-05 -1.086810000000000018e-05 8.108850000000000129e-05 -6.896890000000000301e-05 6.340229999999999434e-05 -7.959510000000000641e-05 6.920470000000000506e-05 -3.229100000000000136e-06 1.450550000000000029e-05 4.055979999999999747e-05 1.227620000000000013e-04 6.616040000000000441e-05 -1.897230000000000129e-05 6.292829999999999854e-05 5.229069999999999725e-05 -6.844290000000000161e-05 -2.665059999999999857e-05 -5.704840000000000085e-05 5.610529999999999966e-05 2.903580000000000074e-05 -3.491630000000000314e-05 -8.598660000000000103e-05 -4.523959999999999966e-05 -4.186499999999999643e-06 8.974899999999999401e-06 2.001449999999999955e-05 1.386702000000000128e-04 -1.935899999999999964e-06 -8.243460000000000522e-05 -5.254850000000000010e-05 -4.867370000000000122e-05 -3.269940000000000070e-05 -1.981840000000000121e-04 -9.332099999999999979e-06 -1.230029999999999978e-05 -3.175809999999999668e-05 3.583300000000000065e-06 -8.315899999999999443e-06 -5.286949999999999923e-05 1.258881000000000052e-04 3.086499999999999671e-05 -9.950599999999999224e-06 2.760899999999999943e-05 -6.883900000000000278e-06 1.784850000000000030e-05 2.550970000000000074e-05 -1.474670000000000062e-05 -1.648859999999999999e-05 -8.638099999999999509e-06 -1.550219999999999872e-05 -2.711589999999999902e-05 1.635689999999999920e-05 -8.687200000000000445e-06 1.624980000000000153e-05 -3.293220000000000294e-05 -2.175310000000000015e-05 -7.254000000000000343e-06 1.326550000000000030e-05 1.745350000000000154e-05 -1.119720000000000013e-05 1.579899999999999900e-06 7.081700000000000316e-06 1.306690000000000020e-05 5.540499999999999723e-06 -2.260320000000000070e-05 2.279549999999999884e-05 1.109440000000000003e-05 7.457299999999999735e-06 -1.465099999999999957e-06 -3.674959999999999794e-05 -6.606999999999999804e-07 8.170799999999999765e-06 3.770930000000000164e-05 -9.139499999999999485e-06 1.241650000000000047e-05 8.344899999999999334e-05 1.972599999999999969e-06 1.780240000000000086e-05 -2.880600000000000169e-05 9.070999999999999633e-07 1.183399999999999969e-06 -3.304530000000000022e-05 -4.588179999999999836e-05
7.434234000000000285e-04 0.000000000000000000e+00 1.854789999999999906e-05 -4.499376999999999934e-04 1.658460000000000042e-05 1.973369000000000045e-04 -9.521299999999999794e-06 -8.052699999999999997e-06 1.329299999999999961e-05 2.122269999999999926e-05 7.617570000000000320e-05 -3.576251999999999925e-04 -1.766399999999999893e-05 1.416450000000000033e-04 1.123179999999999976e-05 -2.417800000000000128e-05 -1.594540000000000153e-05 -1.825499999999999929e-06 -4.332999999999999849e-06 1.824079999999999991e-05 -5.052800000000000141e-06 -2.729110000000000032e-05 -4.869700000000000149e-06 7.395539999999999330e-05 2.387960000000000088e-05 -2.025770000000000088e-05 -4.483299999999999918e-06 -1.565809999999999837e-05 1.236700000000000035e-05 2.295599999999999841e-05 -1.040259999999999930e-05 3.860000000000000154e-08 -4.290180000000000317e-05 9.823099999999999174e-06 -3.349400000000000068e-06 -1.775900000000000014e-06 9.881099999999999297e-06 -6.015299999999999819e-06 4.495849999999999993e-05 3.780669999999999837e-05 -2.436889999999999974e-05 -1.931300000000000042e-06 3.760839999999999724e-05 -4.326220000000000060e-05 -9.689300000000000557e-06 4.877210000000000014e-05 -6.639199999999999894e-06 -4.219159999999999767e-05 2.374000000000000056e-06 6.434220000000000206e-05 6.849800000000000046e-06 -6.448770000000000262e-05 -7.719800000000000186e-06 -6.590299999999999566e-05 -4.568979999999999748e-05 3.397900000000000112e-05 4.655199999999999916e-06 -1.541060000000000116e-05 -1.273599999999999969e-05 -4.466910000000000233e-05 -6.080730000000000309e-05 -1.789259999999999874e-05 -3.256760000000000308e-05 1.059020000000000069e-05 3.728520000000000006e-05 -2.479019999999999857e-05 -2.928999999999999909e-05 4.182630000000000305e-05 -6.845999999999999760e-07 3.071010000000000265e-05 -2.248499999999999902e-05 3.036500000000000065e-06 1.657420000000000133e-05 1.258279999999999920e-05 1.970219999999999917e-05 -8.189600000000000330e-06 -2.361080000000000101e-05 6.917999999999999664e-06 -4.741860000000000031e-05 -5.852999999999999696e-06 5.591899999999999773e-06 3.125299999999999961e-06 -7.586810000000000634e-05 -5.702799999999999847e-06 2.338500000000000141e-06 -8.080999999999999371e-06 -4.857069999999999899e-05 -4.222050000000000005e-05 -3.940000000000000076e-07 2.742440000000000123e-05 1.080759999999999966e-05 -5.033100000000000143e-06 -2.492290000000000155e-05 1.792059999999999915e-05 -3.406240000000000103e-05 2.539959999999999988e-05 -1.212440000000000033e-05 6.624410000000000498e-05 -7.048040000000000370e-05 1.696960000000000097e-05
-7.418399999999999989e-06 -1.854789999999999906e-05 0.000000000000000000e+00 -6.099499999999999792e-06 -2.163850499999999885e-03 -4.623499999999999863e-06 8.282389999999999826e-05 -2.946156000000000122e-04 -2.372929999999999996e-05 -4.917989999999999986e-05 -1.541320000000000008e-05 -3.665429999999999904e-05 -2.450390000000000098e-05 -1.324659999999999952e-05 2.072860000000000005e-05 -1.087485000000000041e-04 -9.112119999999999758e-05 -3.074549999999999896e-05 -1.534939999999999910e-05 -4.487030000000000304e-05 -2.062939999999999937e-05 -3.318289999999999700e-05 2.771089999999999925e-05 3.663999999999999987e-07 6.852950000000000176e-05 -3.539589999999999767e-05 -3.696760000000000161e-05 1.446249999999999917e-05 -6.678560000000000648e-05 6.412669999999999709e-05 3.429480000000000240e-05 -5.602340000000000304e-05 9.271200000000000274e-06 -9.340599999999999982e-06 -5.340210000000000155e-05 -3.514420000000000141e-05 -3.388580000000000005e-05 -4.663889999999999827e-05 -1.869649999999999963e-05 -5.769410000000000044e-05 4.210899999999999951e-05 1.999739999999999932e-05 9.590500000000000758e-06 -1.315060000000000077e-05 -4.772770000000000045e-05 2.018010000000000013e-05 6.781560000000000170e-05 3.590750000000000137e-05 8.087859999999999505e-05 -2.064230000000000055e-05 -2.293339999999999967e-05 -3.965280000000000090e-05 3.329630000000000171e-05 3.607679999999999991e-05 -3.180449999999999678e-05 -2.098629999999999929e-05 -4.073450000000000107e-05 2.989999999999999833e-05 -5.770549999999999833e-05 4.024529999999999904e-05 -4.578380000000000031e-05 6.906899999999999889e-06 -6.778239999999999667e-05 -4.080479999999999936e-05 2.264040000000000095e-05 -4.228380000000000333e-05 -2.537410000000000156e-05 -4.122709999999999700e-05 6.331000000000000244e-07 4.774400000000000401e-06 1.611279999999999928e-05 9.538799999999999203e-06 8.893099999999999608e-06 -1.084890000000000043e-05 1.625390000000000035e-05 -5.358219999999999666e-05 -3.796700000000000004e-06 -6.424529999999999965e-05 -8.595900000000000150e-06 -3.461469999999999912e-05 9.529099999999999956e-06 -5.556409999999999881e-05 8.541800000000000109e-06 4.787859999999999930e-05 -1.600000000000000058e-09 3.768410000000000059e-05 -4.725860000000000184e-05 2.897039999999999964e-05 -6.135009999999999390e-05 -2.976330000000000013e-05 -3.302710000000000097e-05 1.260369999999999928e-05 5.762000000000000059e-06 -1.313880000000000031e-05 2.282440000000000122e-05 -2.472770000000000043e-05 3.959049999999999982e-05 -1.274500000000000079e-05 -4.520739999999999682e-05 1.062399999999999984e-06
7.290530000000000144e-05 4.499376999999999934e-04 6.099499999999999792e-06 0.000000000000000000e+00 9.142510000000000664e-05 -3.207071000000000249e-04 8.071400000000000344e-06 1.147073000000000054e-04 -3.780225999999999812e-04 -1.026562999999999949e-04 3.454633000000000031e-04 -1.273017999999999947e-04 -1.048250000000000001e-05 -3.521170000000000034e-05 1.251524000000000115e-04 -3.213849999999999731e-05 7.446950000000000249e-05 1.443419999999999980e-05 -8.146429999999999861e-05 -6.860339999999999440e-05 2.330899999999999994e-06 -8.672909999999999604e-05 -3.637939999999999935e-05 1.391563000000000012e-04 1.432310000000000014e-05 -3.953469999999999944e-05 2.707419999999999906e-05 1.144310000000000060e-05 -9.604400000000000743e-06 -3.694250000000000078e-05 -3.718660000000000070e-05 -4.160890000000000069e-05 -5.695719999999999738e-05 2.296299999999999936e-06 -1.821320000000000038e-05 -2.645600000000000132e-06 2.708440000000000110e-05 7.354800000000000293e-06 -3.951319999999999973e-05 9.412999999999999916e-07 9.558000000000000222e-07 2.929439999999999857e-05 -2.892669999999999869e-05 2.833639999999999860e-05 -2.828099999999999909e-05 8.902199999999999233e-06 -1.827850000000000126e-05 1.664040000000000080e-05 -1.022352999999999934e-04 5.326489999999999887e-05 2.370210000000000131e-05 -4.683560000000000267e-05 -3.472589999999999900e-05 4.096080000000000261e-05 1.845969999999999878e-05 -1.155238999999999935e-04 1.877420000000000060e-05 2.963019999999999966e-05 -1.305799999999999932e-05 3.152899999999999917e-06 -1.082730000000000050e-05 -1.041724000000000057e-04 -4.527549999999999706e-05 -6.939340000000000547e-05 6.745900000000000075e-06 -2.803099999999999894e-06 -2.237490000000000155e-05 -1.819300000000000098e-06 2.560029999999999950e-05 -1.673780000000000092e-05 2.309999999999999906e-07 1.116180000000000043e-05 -2.547029999999999905e-05 2.146310000000000123e-05 -9.082600000000000081e-06 3.130729999999999754e-05 -3.220679999999999799e-05 -4.119999999999999856e-05 1.564419999999999838e-05 4.075500000000000197e-06 -2.679429999999999857e-05 8.709299999999999776e-06 -4.778799999999999884e-06 1.023945999999999971e-04 1.111680000000000002e-05 -1.902590000000000024e-05 1.600419999999999832e-05 -4.496369999999999778e-05 5.960499999999999937e-06 -2.753530000000000045e-05 -2.065239999999999898e-05 -4.350040000000000113e-05 -1.369159999999999949e-05 3.566420000000000321e-05 -7.132660000000000248e-05 8.005000000000000014e-07 3.377220000000000168e-05 1.453689000000000034e-04 -8.401120000000000636e-05 -4.375110000000000197e-05
5.402299999999999928e-06 -1.658460000000000042e-05 2.163850499999999885e-03 -9.142510000000000664e-05 0.000000000000000000e+00 -3.406300000000000235e-05 6.718116000000000105e-04 -5.700593000000000327e-04 -4.239799999999999624e-06 -2.794259999999999908e-05 5.377729999999999755e-05 8.353600000000000793e-06 3.392000000000000050e-05 5.107059999999999855e-05 2.052399999999999865e-05 -2.334709999999999878e-04 -3.655600000000000033e-05 -7.548060000000000370e-05 -9.869730000000000115e-05 -2.985800000000000110e-05 8.914179999999999413e-05 -4.611160000000000080e-05 -2.261540000000000035e-05 5.271800000000000077e-06 3.559310000000000316e-05 -2.180110000000000037e-05 5.915219999999999924e-05 2.872560000000000158e-05 2.228689999999999832e-05 -3.536340000000000094e-05 -2.624360000000000061e-05 -3.570209999999999822e-05 -4.857840000000000232e-05 1.669600000000000074e-06 -2.192520000000000143e-05 -1.881229999999999944e-05 5.787299999999999630e-06 1.123140000000000058e-05 8.296299999999999833e-05 -3.666600000000000182e-06 -2.882619999999999855e-05 3.583930000000000091e-05 -5.731309999999999850e-05 -4.417549999999999743e-05 -1.723799999999999996e-05 -3.104680000000000232e-05 2.970700000000000204e-06 -6.555730000000000335e-05 6.663879999999999630e-05 1.300600000000000050e-05 -1.801299999999999847e-05 1.382020000000000026e-05 2.602880000000000056e-05 -1.455789999999999999e-05 4.115729999999999980e-05 -2.259629999999999912e-05 3.987989999999999743e-05 1.027989999999999961e-05 -2.283459999999999987e-05 4.593630000000000266e-05 6.893000000000000115e-07 -5.452309999999999980e-05 1.450330000000000054e-05 5.114799999999999716e-06 1.219790000000000056e-05 3.688229999999999753e-05 3.159970000000000172e-05 -3.436069999999999782e-05 7.912649999999999534e-05 -1.348110000000000040e-05 -3.140689999999999910e-05 -2.725750000000000118e-05 3.737059999999999758e-05 -6.873000000000000095e-06 6.722579999999999593e-05 2.341130000000000064e-05 2.596090000000000076e-05 -7.469230000000000314e-05 6.992529999999999948e-05 -5.928910000000000126e-05 -7.311389999999999805e-05 -5.762400000000000258e-05 -7.650120000000000542e-05 2.248300000000000141e-06 -8.377009999999999947e-05 1.162010000000000077e-05 9.338600000000000679e-06 -9.406400000000000267e-06 -1.544229999999999952e-05 -9.184600000000000121e-06 -4.877850000000000062e-05 2.652960000000000092e-05 1.910749999999999959e-05 1.640149999999999874e-05 -6.958500000000000377e-06 1.042119999999999943e-05 1.000688000000000066e-04 5.163780000000000220e-05 5.638380000000000047e-05 -4.683500000000000136e-06
2.204739999999999901e-04 -1.973369000000000045e-04 4.623499999999999863e-06 3.207071000000000249e-04 3.406300000000000235e-05 0.000000000000000000e+00 1.716733000000000018e-04 5.598451000000000382e-04 -1.024627599999999947e-03 1.298208000000000023e-04 1.022418800000000037e-03 4.446925000000000118e-04 1.736879999999999877e-05 1.373299000000000080e-04 -1.692108999999999963e-04 -4.227899999999999788e-06 1.835547999999999997e-04 -6.545310000000000527e-05 -3.796830000000000035e-05 -1.647704000000000106e-04 1.110119999999999969e-05 4.209420000000000094e-05 -2.184409999999999979e-05 -5.239689999999999973e-05 4.789750000000000008e-05 -1.111887999999999950e-04 1.278499999999999914e-06 -2.500339999999999849e-05 -8.635169999999999521e-05 1.196836999999999939e-04 1.267830000000000023e-05 6.856400000000000287e-05 -2.493320000000000041e-05 8.557059999999999688e-05 -4.503950000000000135e-05 2.809239999999999890e-05 -1.037105000000000026e-04 -6.408739999999999901e-05 -2.905539999999999967e-05 2.748219999999999922e-05 -5.492560000000000145e-05 -2.063579999999999985e-05 -3.822769999999999993e-05 -2.797799999999999877e-05 7.937230000000000576e-05 3.548160000000000262e-05 -3.464080000000000213e-05 -2.700809999999999981e-05 -4.606799999999999667e-06 -1.425740000000000007e-05 2.305630000000000149e-05 2.480589999999999911e-05 3.508890000000000213e-05 -8.183300000000000068e-06 8.508799999999999578e-05 1.338809999999999977e-05 -5.072920000000000212e-05 2.432900000000000034e-06 -1.018460000000000003e-04 -4.261380000000000186e-05 2.081459999999999889e-05 7.186930000000000662e-05 -1.205049999999999923e-05 1.331399999999999992e-05 2.563990000000000163e-05 4.470709999999999756e-05 -6.597700000000000376e-06 -2.221769999999999905e-05 -2.164100000000000168e-05 1.383890000000000060e-05 2.396180000000000155e-05 -2.233150000000000125e-05 -7.934299999999999572e-06 -4.396009999999999946e-05 3.050309999999999938e-05 -8.793299999999999310e-06 3.153110000000000038e-05 -1.397470000000000022e-05 -2.546810000000000100e-05 -2.947130000000000021e-05 2.583300000000000152e-05 -5.560600000000000259e-05 1.555939999999999878e-05 9.232700000000000558e-06 3.359789999999999896e-05 1.167170000000000041e-05 -2.622879999999999865e-05 -2.922260000000000038e-05 -1.534619999999999886e-05 -2.414119999999999851e-05 1.809480000000000165e-05 -2.864360000000000135e-05 -5.357700000000000389e-06 -6.960969999999999864e-05 -1.066420000000000032e-05 1.442899999999999983e-06 -2.183469999999999950e-05 -1.890860000000000053e-05 -2.780770000000000144e-05 -5.772449999999999934e-05
-4.489190000000000297e-05 9.521299999999999794e-06 -8.282389999999999826e-05 -8.071400000000000344e-06 -6.718116000000000105e-04 -1.716733000000000018e-04 0.000000000000000000e+00 -9.192675799999999384e-03 1.744229999999999934e-04 7.086880000000000154e-05 1.158881999999999995e-04 3.856009999999999695e-05 7.585080000000000229e-05 -2.054820000000000089e-05 6.004600000000000074e-06 -2.044717999999999894e-04 5.789359999999999743e-05 1.219199999999999948e-05 -3.172628000000000145e-04 -4.327400000000000276e-06 1.873679999999999991e-05 -6.651539999999999677e-05 9.808289999999999565e-05 -3.046929999999999981e-05 1.860375999999999957e-04 7.785099999999999375e-06 -8.972510000000000598e-05 -3.271160000000000034e-05 -1.008282999999999982e-04 -4.470960000000000304e-05 -1.486420000000000077e-05 -8.175770000000000498e-05 1.372439000000000092e-04 -3.020469999999999899e-05 -9.412749999999999622e-05 -1.373183000000000097e-04 -6.107220000000000118e-05 -8.879639999999999571e-05 1.816761999999999869e-04 2.339059999999999929e-05 -2.403600000000000162e-06 -6.177040000000000070e-05 -2.129829999999999901e-05 6.717159999999999906e-05 7.101700000000000124e-06 -2.234579999999999873e-05 5.323449999999999997e-05 2.453529999999999868e-05 -3.124750000000000195e-05 8.184660000000000340e-05 5.761539999999999728e-05 -2.206959999999999957e-05 5.976140000000000011e-05 -8.260319999999999544e-05 -1.024410000000000073e-05 2.884359999999999943e-05 6.501699999999999939e-06 4.512819999999999934e-05 -2.078460000000000087e-05 -1.139300000000000044e-06 -4.819359999999999882e-05 -3.327760000000000136e-05 1.427350000000000081e-04 -7.120980000000000387e-05 5.761500000000000318e-05 -2.427899999999999912e-05 -5.319959999999999799e-05 1.579449999999999930e-05 -1.356489999999999950e-05 -4.553390000000000123e-05 -3.287600000000000084e-06 -3.202980000000000291e-05 1.478600000000000040e-05 1.765449999999999843e-05 -2.263329999999999894e-05 2.513989999999999964e-05 5.462540000000000050e-05 6.382509999999999985e-05 5.965179999999999696e-05 8.790750000000000495e-05 2.406409999999999886e-05 2.640519999999999920e-05 -5.827540000000000113e-05 7.294520000000000084e-05 8.725100000000000539e-06 -2.076499999999999939e-06 1.481259999999999943e-05 2.026660000000000007e-05 1.028099999999999948e-06 -2.263939999999999876e-05 2.353389999999999841e-05 4.732129999999999702e-05 -5.836000000000000113e-07 -1.507360000000000083e-05 -2.297560000000000073e-05 -9.841300000000000118e-06 -3.048099999999999836e-05 -2.237610000000000079e-05 1.981250000000000047e-05 7.095200000000000271e-06
-6.721399999999999716e-06 8.052699999999999997e-06 2.946156000000000122e-04 -1.147073000000000054e-04 5.700593000000000327e-04 -5.598451000000000382e-04 9.192675799999999384e-03 0.000000000000000000e+00 -7.884000000000000452e-07 -9.296319999999999790e-05 3.385999999999999747e-07 4.095699999999999597e-06 -4.200709000000000170e-04 -2.393559999999999831e-05 -5.477019999999999952e-05 1.605601000000000012e-04 -5.602620000000000240e-05 -5.916940000000000307e-05 -1.654440000000000037e-05 -3.825419999999999705e-05 3.650229999999999778e-05 9.186580000000000397e-05 -1.584917999999999993e-04 -7.310430000000000411e-05 -2.836002000000000228e-04 -3.767939999999999706e-05 -2.476067000000000090e-04 2.526319999999999895e-05 -2.711390000000000141e-05 4.204999999999999889e-05 -1.491239999999999973e-05 5.881010000000000127e-05 -3.677980000000000317e-05 -4.650080000000000039e-05 -3.611049999999999926e-05 -4.417400000000000261e-06 2.974549999999999837e-05 9.093720000000000069e-05 -4.043510000000000187e-05 -8.250800000000000354e-05 -8.372170000000000176e-05 -3.342899999999999791e-06 -1.475869999999999983e-05 1.400588000000000082e-04 -2.108160000000000158e-05 -8.092219999999999578e-05 1.718989999999999952e-05 -2.943209999999999896e-05 -7.219999999999999800e-08 6.594360000000000336e-05 -4.664789999999999768e-05 4.287310000000000123e-05 6.514470000000000666e-05 -2.558830000000000029e-05 1.677500000000000117e-05 4.187399999999999922e-06 2.787220000000000057e-05 5.294269999999999711e-05 -2.756160000000000052e-05 -8.545230000000000176e-05 1.887799999999999950e-06 -1.018859999999999932e-05 -9.766789999999999370e-05 -1.227981000000000059e-04 2.693720000000000020e-05 5.466270000000000097e-05 5.574059999999999958e-05 8.344499999999999474e-06 6.616930000000000359e-05 -9.980899999999999595e-06 1.038614999999999948e-04 -4.609779999999999764e-05 1.403180000000000006e-05 2.229299999999999984e-06 7.526899999999999882e-06 -2.863260000000000094e-05 -1.758989999999999908e-05 2.567099999999999952e-06 2.941019999999999838e-05 -3.101739999999999885e-05 9.317000000000000115e-07 6.311309999999999718e-05 -6.516639999999999325e-05 4.962290000000000223e-05 4.882129999999999960e-05 4.139900000000000123e-05 1.991810000000000162e-05 6.563170000000000386e-05 2.300749999999999952e-05 1.473730000000000034e-05 -2.738880000000000110e-05 6.461899999999999914e-05 4.501600000000000234e-06 -5.190159999999999788e-05 -4.275220000000000040e-05 6.431200000000000360e-06 -3.910250000000000043e-05 -1.760839999999999899e-05 -9.635900000000000357e-06 5.883899999999999688e-06
1.050130000000000058e-04 -1.329299999999999961e-05 2.372929999999999996e-05 3.780225999999999812e-04 4.239799999999999624e-06 1.024627599999999947e-03 -1.744229999999999934e-04 7.884000000000000452e-07 0.000000000000000000e+00 -9.974238999999999761e-04 -2.749149999999999793e-04 -5.284715000000000376e-04 1.022091000000000037e-04 6.210640000000000561e-05 -8.354680000000000450e-05 2.477910000000000133e-05 1.278728000000000135e-04 3.311559999999999851e-05 -3.602049999999999843e-05 3.507925999999999861e-04 1.151640000000000039e-05 4.549249999999999854e-05 2.077990000000000073e-05 -2.213244999999999915e-04 2.427749999999999922e-05 -8.224799999999999586e-06 1.517799999999999935e-05 -2.221350000000000001e-05 1.389360000000000027e-05 5.620099999999999944e-05 -7.620130000000000512e-05 -1.388759999999999897e-04 -6.501850000000000099e-05 -1.197435999999999965e-04 -2.388679999999999973e-05 -3.844289999999999746e-05 -9.385999999999999582e-06 1.919039999999999841e-05 -6.945219999999999888e-05 4.033880000000000077e-05 -1.506630000000000007e-05 2.733999999999999997e-07 2.631539999999999880e-05 7.718680000000000441e-05 -4.073720000000000021e-05 7.646920000000000301e-05 3.551929999999999720e-05 1.030730000000000040e-05 -2.283600000000000040e-06 2.219129999999999877e-05 -1.870050000000000163e-05 -2.759100000000000062e-05 -2.695170000000000150e-05 -5.960259999999999750e-05 -6.438250000000000234e-05 5.132490000000000050e-05 -9.987420000000000000e-05 -1.172920000000000012e-04 -2.807499999999999801e-06 1.758580000000000025e-05 -3.702469999999999806e-05 -8.504689999999999375e-05 2.033449999999999987e-05 -9.405829999999999356e-05 4.255870000000000302e-05 -3.249280000000000169e-05 4.353869999999999702e-05 2.195649999999999891e-05 -6.682160000000000411e-05 -7.676999999999999724e-07 3.737339999999999694e-05 -1.014417000000000015e-04 -6.357399999999999813e-05 4.712250000000000157e-05 -8.500640000000000659e-05 -3.538520000000000131e-05 4.333100000000000069e-06 2.281199999999999860e-06 1.955290000000000044e-05 -1.649879999999999863e-05 -3.716739999999999926e-05 1.183269999999999938e-05 5.940030000000000115e-05 -1.949079999999999980e-05 -1.945200000000000028e-06 1.668230000000000120e-05 3.344849999999999663e-05 4.404959999999999919e-05 -3.666649999999999868e-05 5.174449999999999899e-05 -6.590099999999999805e-06 2.292879999999999975e-05 -4.098329999999999774e-05 -1.029121000000000002e-04 -1.186499999999999990e-06 -1.110600000000000005e-06 -2.289739999999999866e-05 -5.182199999999999952e-05 -2.501899999999999881e-05 5.658319999999999724e-05
5.461849999999999892e-05 -2.122269999999999926e-05 4.917989999999999986e-05 1.026562999999999949e-04 2.794259999999999908e-05 -1.298208000000000023e-04 -7.086880000000000154e-05 9.296319999999999790e-05 9.974238999999999761e-04 0.000000000000000000e+00 -3.216109600000000186e-03 -3.405044999999999990e-04 3.310649999999999888e-05 3.497160000000000242e-05 1.264910000000000058e-05 4.547149999999999993e-05 -1.678178999999999912e-04 -3.400140000000000280e-05 -4.746610000000000282e-05 -7.878459999999999782e-05 -9.598329999999999970e-05 1.507539999999999969e-05 3.694330000000000254e-05 -1.510699999999999952e-05 -1.504000000000000000e-05 1.128486999999999958e-04 -3.704009999999999795e-05 5.231710000000000093e-05 -5.337399999999999923e-06 -1.816459999999999885e-05 4.713530000000000253e-05 4.097479999999999943e-05 9.649130000000000229e-05 -5.061230000000000329e-05 -1.048999999999999951e-05 -6.482399999999999972e-06 -3.192490000000000329e-05 4.909009999999999947e-05 3.974890000000000156e-05 4.308930000000000095e-05 -7.980669999999999605e-05 -6.545800000000000076e-06 -1.526650000000000028e-05 -6.500900000000000049e-05 5.315840000000000251e-05 -3.135339999999999698e-05 6.037789999999999667e-05 -7.407609999999999369e-05 1.973210000000000036e-05 -7.052949999999999617e-05 -1.716529999999999979e-05 1.323579999999999955e-05 -1.971090000000000130e-05 9.653809999999999648e-05 -3.100630000000000161e-05 1.235749999999999985e-05 -1.148839999999999998e-05 -5.418670000000000078e-05 -1.755540000000000136e-05 6.380290000000000538e-05 3.482340000000000272e-05 7.220899999999999762e-06 -4.404639999999999895e-05 -9.978909999999999636e-05 -8.109099999999999999e-05 -1.023330000000000077e-05 1.705999999999999929e-05 4.593210000000000023e-05 -4.211199999999999593e-06 1.405145999999999912e-04 -1.628299999999999936e-06 -8.867699999999999818e-06 -5.869369999999999676e-05 4.209080000000000026e-05 4.812299999999999648e-06 5.758280000000000034e-05 -5.983800000000000205e-06 6.751999999999999898e-06 2.275780000000000088e-05 -1.993879999999999958e-05 2.569599999999999928e-06 5.081119999999999897e-05 -4.657399999999999657e-06 -1.077283999999999967e-04 5.684969999999999883e-05 -9.399400000000000165e-06 3.533759999999999858e-05 -4.649510000000000145e-05 -1.251400000000000080e-05 -2.715609999999999907e-05 -7.755999999999999941e-06 2.245200000000000120e-05 -2.202040000000000011e-05 -4.425869999999999690e-05 -1.893810000000000084e-05 -8.886999999999999785e-06 -1.810100000000000042e-06 -9.196679999999999504e-05 3.009639999999999869e-05 3.001099999999999947e-06
-3.479909999999999688e-05 -7.617570000000000320e-05 1.541320000000000008e-05 -3.454633000000000031e-04 -5.377729999999999755e-05 -1.022418800000000037e-03 -1.158881999999999995e-04 -3.385999999999999747e-07 2.749149999999999793e-04 3.216109600000000186e-03 0.000000000000000000e+00 -6.133382000000000157e-04 -5.501359999999999790e-05 -5.028263999999999737e-04 -5.063739999999999734e-05 -1.001652000000000011e-04 -2.881610000000000012e-05 1.744949999999999887e-04 7.307390000000000521e-05 -1.138012000000000040e-04 7.396469999999999336e-05 1.134501999999999933e-04 -3.671029999999999985e-05 6.214999999999999999e-07 -4.251649999999999858e-05 -5.231110000000000133e-05 7.930700000000000149e-06 3.457959999999999669e-05 -1.454250000000000010e-05 -2.415480000000000123e-05 -7.993580000000000130e-05 4.520829999999999879e-05 -6.455429999999999957e-05 1.109053000000000035e-04 5.292129999999999762e-05 4.728260000000000026e-05 7.068850000000000600e-05 2.607569999999999837e-05 5.988399999999999789e-05 -3.213470000000000253e-05 6.052739999999999921e-05 -7.367620000000000451e-05 -7.397249999999999691e-05 4.779660000000000245e-05 6.166290000000000215e-05 -5.725049999999999676e-05 -4.943370000000000072e-05 -7.240269999999999714e-05 4.886520000000000100e-05 -1.658340999999999917e-04 1.407531000000000060e-04 -1.137497999999999998e-04 -9.160069999999999866e-05 4.683729999999999963e-05 -7.791529999999999582e-05 -3.179339999999999955e-05 -1.337469999999999919e-05 -2.918989999999999983e-05 3.620519999999999685e-05 5.504399999999999679e-05 1.055087999999999951e-04 -1.382640000000000030e-05 -5.984180000000000022e-05 -9.092599999999999985e-06 9.830870000000000288e-05 8.247689999999999633e-05 -4.292900000000000013e-06 6.741800000000000402e-06 -2.876179999999999964e-05 -4.647990000000000200e-05 9.584300000000000715e-06 1.078796999999999965e-04 2.929370000000000042e-05 -2.787799999999999973e-05 -1.807620000000000152e-05 1.602730000000000154e-05 -2.094390000000000119e-05 3.808789999999999832e-05 5.055709999999999745e-05 2.211060000000000138e-05 -2.738500000000000123e-06 -2.257860000000000097e-05 -7.109500000000000287e-06 3.204720000000000040e-05 -2.119890000000000129e-05 4.653290000000000301e-05 9.386490000000000317e-05 -2.372569999999999885e-05 -7.988900000000000710e-06 -9.009500000000000730e-06 4.322830000000000081e-05 2.791080000000000050e-05 1.395307000000000090e-04 -6.203609999999999377e-05 -7.250280000000000656e-05 -1.010110000000000058e-05 1.154629999999999989e-05 1.505900000000000058e-06 1.768490000000000071e-05 7.300689999999999383e-05
1.110199999999999975e-06 3.576251999999999925e-04 3.665429999999999904e-05 1.273017999999999947e-04 -8.353600000000000793e-06 -4.446925000000000118e-04 -3.856009999999999695e-05 -4.095699999999999597e-06 5.284715000000000376e-04 3.405044999999999990e-04 6.133382000000000157e-04 0.000000000000000000e+00 7.329630000000000498e-05 -1.690168799999999978e-03 3.004360000000000149e-05 -7.199079999999999520e-05 8.043342999999999673e-04 2.510000000000000109e-07 -1.138066000000000023e-04 2.353556999999999936e-04 -5.335359999999999685e-05 -3.954082999999999730e-04 1.855360000000000139e-05 6.620479999999999334e-05 -5.408850000000000230e-05 1.139027000000000030e-04 1.516090000000000082e-05 6.992289999999999422e-05 -2.333599999999999985e-06 -1.717119999999999918e-05 9.757149999999999916e-05 5.113430000000000270e-05 -1.220338000000000038e-04 -8.282090000000000523e-05 -6.687600000000000142e-06 1.194210000000000040e-05 3.566700000000000258e-05 1.232419999999999967e-05 -3.980500000000000260e-05 -4.240500000000000312e-06 -2.811889999999999941e-05 -2.712790000000000161e-05 -4.106560000000000201e-05 2.738609999999999856e-05 1.963419999999999914e-05 5.150510000000000261e-05 -4.286249999999999831e-05 -5.130310000000000013e-05 -2.983350000000000159e-05 -8.053600000000000277e-06 -1.194762999999999999e-04 -1.573351999999999975e-04 -5.146770000000000191e-05 3.318359999999999854e-05 9.567860000000000243e-05 1.077866999999999958e-04 4.757760000000000336e-05 4.318500000000000073e-05 -3.992949999999999776e-05 5.029270000000000046e-05 -6.561660000000000463e-05 -7.952659999999999851e-05 2.156000000000000025e-05 7.595299999999999599e-05 5.929910000000000286e-05 1.780740000000000166e-05 1.036150000000000066e-05 -4.641669999999999894e-05 -4.429240000000000304e-05 4.222740000000000163e-05 9.439929999999999589e-05 -4.399039999999999813e-05 -1.553420000000000113e-05 -1.469359999999999938e-05 -5.459999999999999901e-05 5.825330000000000010e-05 7.561800000000000174e-06 1.084670000000000069e-05 2.876570000000000141e-05 4.959659999999999877e-05 -1.502620000000000023e-05 3.495220000000000054e-05 3.523899999999999837e-06 4.564669999999999785e-05 1.599699999999999947e-05 -1.649609999999999949e-05 -7.852120000000000302e-05 -6.746570000000000019e-05 -2.587270000000000048e-05 -4.559880000000000123e-05 5.304000000000000378e-07 2.535820000000000058e-05 -7.647139999999999428e-05 -5.387329999999999799e-05 1.350200000000000049e-05 -8.108299999999999939e-06 5.859400000000000177e-06 -4.113950000000000143e-05 3.061269999999999915e-05 -1.210859999999999957e-05
1.143380000000000054e-05 1.766399999999999893e-05 2.450390000000000098e-05 1.048250000000000001e-05 -3.392000000000000050e-05 -1.736879999999999877e-05 -7.585080000000000229e-05 4.200709000000000170e-04 -1.022091000000000037e-04 -3.310649999999999888e-05 5.501359999999999790e-05 -7.329630000000000498e-05 0.000000000000000000e+00 1.167294000000000008e-04 -1.231930000000000079e-05 2.910166999999999745e-04 8.819499999999999161e-06 5.075436999999999700e-04 5.243445000000000007e-04 -6.336620000000000327e-05 2.939937999999999905e-04 7.035439999999999847e-05 -8.594150000000000378e-05 2.567149999999999977e-05 2.691959999999999888e-05 -3.692390000000000066e-05 -7.732400000000000709e-06 -1.943643000000000052e-04 3.584999999999999727e-05 -7.158430000000000511e-05 6.205600000000000352e-06 -6.452160000000000241e-05 2.316039999999999936e-05 1.920439999999999861e-05 1.413116999999999976e-04 -8.936760000000000136e-05 2.962369999999999896e-05 -7.663999999999999806e-06 -7.680610000000000312e-05 -1.012260000000000029e-05 -1.075000000000000031e-07 1.137000000000000083e-06 -3.715360000000000288e-05 7.350090000000000638e-05 -8.806469999999999728e-05 -2.480279999999999909e-05 5.584509999999999832e-05 -3.633720000000000168e-05 8.371449999999999953e-05 -1.569470000000000069e-05 -8.973630000000000343e-05 -1.570100000000000011e-06 1.430100000000000080e-06 1.083041000000000055e-04 6.508520000000000494e-05 -2.886880000000000048e-05 4.562809999999999772e-05 -1.764600000000000012e-06 7.088390000000000077e-05 4.530629999999999684e-05 -2.024009999999999956e-05 -2.814079999999999999e-05 -6.389169999999999680e-05 5.985879999999999684e-05 9.124370000000000191e-05 -2.236710000000000139e-05 8.326459999999999558e-05 -2.754510000000000161e-05 8.897099999999999909e-06 -1.820509999999999956e-05 -4.608099999999999977e-06 -3.613119999999999722e-05 1.012679999999999933e-05 3.296900000000000147e-06 2.340429999999999884e-05 4.214889999999999891e-05 -7.813650000000000651e-05 2.909539999999999929e-05 2.297459999999999853e-05 -1.073104999999999952e-04 -2.064260000000000121e-05 5.333889999999999850e-05 7.290479999999999357e-05 3.535039999999999954e-05 5.789149999999999960e-05 -3.979649999999999751e-05 -3.388219999999999893e-05 6.373820000000000581e-05 2.804299999999999900e-05 4.301409999999999869e-05 7.689669999999999850e-05 4.286799999999999682e-05 -2.435700000000000075e-05 5.207260000000000014e-05 -2.377389999999999950e-05 -1.536534999999999952e-04 5.858319999999999842e-05 1.219800000000000078e-05 -1.264699999999999936e-05 -6.456200000000000121e-06
-3.111810000000000281e-05 -1.416450000000000033e-04 1.324659999999999952e-05 3.521170000000000034e-05 -5.107059999999999855e-05 -1.373299000000000080e-04 2.054820000000000089e-05 2.393559999999999831e-05 -6.210640000000000561e-05 -3.497160000000000242e-05 5.028263999999999737e-04 1.690168799999999978e-03 -1.167294000000000008e-04 0.000000000000000000e+00 2.000346999999999976e-03 -1.454278000000000038e-04 1.237349800000000057e-03 -8.809270000000000446e-05 1.175156000000000036e-04 5.045819999999999743e-05 3.488410000000000030e-05 -3.150050000000000105e-05 2.732779999999999948e-05 -4.649349999999999794e-05 -4.729169999999999988e-05 1.048386000000000028e-04 7.054099999999999936e-06 -3.120700000000000038e-06 4.827729999999999939e-05 -1.480385000000000023e-04 -2.998460000000000087e-05 -5.687489999999999988e-05 -8.478829999999999592e-05 -5.628679999999999784e-05 -1.352029999999999996e-05 -7.978789999999999548e-05 1.268559999999999930e-05 1.406729000000000063e-04 -6.485060000000000553e-05 -3.468070000000000153e-05 -1.096038999999999960e-04 -5.404899999999999700e-05 -7.479059999999999506e-05 2.347889999999999979e-05 2.685499999999999953e-06 -3.098180000000000210e-05 -5.262249999999999973e-05 -1.433279999999999938e-05 -6.851100000000000355e-06 -3.310289999999999777e-05 2.230889999999999913e-05 -2.109919999999999951e-05 2.719039999999999974e-05 -7.325959999999999905e-05 8.516799999999999501e-06 -4.430549999999999788e-05 -1.848240000000000112e-05 -1.591250000000000054e-05 -6.841649999999999793e-05 2.784089999999999970e-05 3.343280000000000286e-05 -6.327969999999999656e-05 -4.442069999999999976e-05 4.137969999999999957e-05 1.616770000000000108e-05 -1.220883999999999880e-04 9.164600000000000312e-06 2.124799999999999968e-06 1.786450000000000150e-05 7.551860000000000571e-05 -4.693900000000000070e-06 2.053200000000000095e-06 3.276860000000000336e-05 -4.896400000000000249e-06 1.488100000000000033e-05 8.214699999999999463e-06 -1.140530000000000073e-05 4.686899999999999968e-06 2.290800000000000158e-05 2.459079999999999841e-05 -4.913499999999999628e-06 -1.535999999999999990e-07 -7.778899999999999671e-05 6.724459999999999650e-05 -1.724750000000000046e-05 -2.510449999999999994e-05 1.345379999999999984e-05 -5.637530000000000216e-05 1.736309999999999983e-05 -4.697839999999999731e-05 4.622900000000000242e-06 4.079599999999999870e-06 -1.867599999999999915e-06 -3.308550000000000027e-05 4.690499999999999899e-05 -4.599400000000000382e-06 -1.546770000000000100e-05 7.450469999999999836e-05 -3.642050000000000138e-05 -4.684470000000000230e-05
-6.529050000000000110e-05 -1.123179999999999976e-05 -2.072860000000000005e-05 -1.251524000000000115e-04 -2.052399999999999865e-05 1.692108999999999963e-04 -6.004600000000000074e-06 5.477019999999999952e-05 8.354680000000000450e-05 -1.264910000000000058e-05 5.063739999999999734e-05 -3.004360000000000149e-05 1.231930000000000079e-05 -2.000346999999999976e-03 0.000000000000000000e+00 2.734220000000000056e-05 -2.372447000000000022e-04 1.264589999999999898e-04 1.364730000000000061e-05 -3.411048999999999874e-04 -7.268890000000000128e-05 -2.483384999999999738e-04 -3.702610000000000113e-05 -2.594615999999999893e-04 -1.509656999999999969e-04 1.537936000000000110e-04 -1.703280000000000064e-05 -2.847999999999999837e-05 -5.152270000000000054e-05 9.756590000000000043e-05 3.795981999999999937e-04 5.084999999999999807e-07 -1.147952000000000016e-04 -6.098499999999999971e-05 -3.505999999999999763e-07 -7.703000000000000618e-06 -2.070379999999999988e-05 -4.636149999999999988e-05 9.699599999999999425e-06 -5.358659999999999953e-05 -5.778609999999999888e-05 1.294726000000000112e-04 -3.594470000000000163e-05 5.338819999999999818e-05 -3.533149999999999876e-05 5.360320000000000205e-05 3.684720000000000188e-05 7.181710000000000058e-05 -6.801710000000000308e-05 8.363490000000000117e-05 4.473080000000000209e-05 1.141580000000000004e-04 3.080280000000000263e-05 -8.180010000000000308e-05 5.324430000000000113e-05 -1.531900000000000105e-06 -8.232920000000000450e-05 7.926699999999999849e-05 1.256509999999999935e-05 -5.265670000000000019e-05 9.264159999999999745e-05 9.499409999999999907e-05 4.615810000000000111e-05 -2.264729999999999914e-05 -5.407449999999999871e-05 2.999809999999999998e-05 4.037940000000000171e-05 1.035210000000000038e-05 2.765189999999999863e-05 -1.069607999999999941e-04 6.983780000000000413e-05 -3.887999999999999875e-07 2.595160000000000069e-05 -2.860900000000000002e-05 -3.920850000000000246e-05 -2.308939999999999953e-05 1.306380000000000018e-05 -6.264700000000000345e-06 -9.328330000000000183e-05 -2.991859999999999846e-05 -1.470430000000000082e-05 1.158709999999999956e-05 2.654050000000000110e-05 -3.290080000000000185e-05 -4.233010000000000321e-05 3.664400000000000017e-06 2.283079999999999832e-05 -5.428650000000000278e-05 2.802030000000000005e-05 7.250729999999999610e-05 1.907959999999999940e-05 -4.332639999999999907e-05 -3.891319999999999870e-05 5.299879999999999815e-05 -5.470610000000000127e-05 5.716920000000000145e-05 -2.728759999999999942e-05 1.828750000000000067e-05 1.064320000000000001e-05 -6.713439999999999881e-05
