0.000000000000000000e+00 -6.615047999999999892e-04 -9.386820000000000363e-05 -1.256860000000000025e-05 4.080100000000000119e-06 -1.254227000000000011e-04 3.665159999999999989e-05 -5.135839999999999942e-05 6.403269999999999427e-05 5.367060000000000076e-05 -5.458989999999999719e-05 -1.260700000000000059e-06 -4.547069999999999817e-05 1.818580000000000129e-05 5.481690000000000027e-05 -1.930000000000000077e-08 -4.735380000000000053e-05 -1.248509999999999876e-04 -5.142400000000000096e-06 1.119902000000000039e-04 5.483749999999999801e-05 5.578939999999999816e-05 3.438360000000000060e-05 4.042320000000000288e-05 6.875599999999999866e-06 2.430400000000000058e-06 4.048259999999999760e-05 -2.752829999999999866e-05 -3.790929999999999972e-05 -2.672679999999999964e-05 4.813890000000000085e-05 6.466920000000000079e-05 2.136319999999999902e-05 -4.630819999999999820e-05 -3.147809999999999936e-05 3.975000000000000058e-07 3.914600000000000095e-05 5.147519999999999803e-05 -5.978080000000000199e-05 -6.715679999999999371e-05 -5.656600000000000187e-06 -1.219739999999999946e-05 1.060839999999999994e-05 1.430000000000000066e-08 3.257809999999999900e-05 2.073909999999999935e-05 -2.834000000000000098e-07 1.058698000000000007e-04 -7.147499999999999753e-06 -1.466460000000000017e-05 2.045499999999999982e-05 -6.786399999999999941e-06 1.654349999999999839e-05 3.617370000000000232e-05 -2.939079999999999988e-05 6.715000000000000083e-06 -8.666740000000000305e-05 -6.718399999999999915e-06 -4.249419999999999711e-05 -5.475299999999999907e-06 -5.841399999999999672e-06 3.962920000000000337e-05 -7.210399999999999608e-06 -1.293619999999999991e-05 -1.253690000000000019e-05 -4.553800000000000344e-06 2.241620000000000063e-05 -2.354880000000000059e-05 1.340610000000000028e-05 7.350999999999999584e-07 -4.728599999999999924e-06 -1.871479999999999910e-05 -2.440950000000000067e-05 -2.734769999999999907e-05 1.616539999999999942e-05 2.571899999999999889e-06 -7.269300000000000010e-06 1.196019999999999943e-05 -1.777549999999999947e-05 3.685980000000000240e-05 2.103520000000000148e-05 -3.030740000000000056e-05 8.937899999999999586e-06 5.045999999999999630e-06 -1.712939999999999900e-05 8.922200000000000736e-06 1.329819999999999916e-05 8.148000000000000169e-07 4.090450000000000113e-05 -7.539190000000000572e-05 2.369499999999999929e-06 4.209070000000000004e-05 1.253780000000000047e-05 2.896539999999999884e-05 5.152100000000000189e-06 4.025940000000000286e-05 -1.200310000000000033e-05 1.142879999999999974e-05 -6.153999999999999652e-07 -1.136089999999999993e-05
6.615047999999999892e-04 0.000000000000000000e+00 -5.213767999999999918e-04 -5.430949999999999900e-05 -6.615042000000000014e-04 -1.368150000000000106e-04 1.222100000000000039e-05 -1.108499999999999975e-05 4.410839999999999938e-05 9.498600000000000841e-06 1.239484000000000007e-04 -3.911440999999999876e-04 1.278459000000000019e-04 -1.156562999999999992e-04 3.896100000000000187e-05 -5.675979999999999822e-05 -3.133030000000000054e-05 -1.622040000000000143e-05 -3.998499999999999918e-06 4.131299999999999731e-06 4.921750000000000099e-05 1.493990000000000074e-05 1.060161999999999964e-04 -9.686000000000000436e-05 -2.075789999999999992e-05 -2.785459999999999924e-05 -1.332009999999999974e-05 5.741610000000000073e-05 1.940869999999999935e-05 -1.773499999999999876e-05 -1.294200000000000035e-06 -3.636699999999999841e-06 3.325799999999999904e-05 2.202070000000000077e-05 6.322289999999999399e-05 3.322810000000000124e-05 -1.443019999999999950e-05 -1.341659999999999958e-05 -2.392979999999999915e-05 -2.853459999999999951e-05 3.899540000000000276e-05 1.544039999999999874e-05 3.090980000000000008e-05 -2.193000000000000116e-07 -3.389520000000000033e-05 9.643099999999999204e-06 1.024589999999999960e-05 -2.524840000000000038e-05 1.096080000000000016e-05 2.338929999999999983e-05 5.284210000000000014e-05 4.019030000000000042e-05 3.900900000000000209e-06 -3.266280000000000176e-05 -1.490859999999999987e-05 4.955190000000000240e-05 9.305900000000000128e-06 3.604000000000000243e-07 -2.209630000000000052e-05 -5.751890000000000252e-05 3.084469999999999964e-05 4.789200000000000157e-05 -2.338419999999999881e-05 -4.921859999999999663e-05 3.110629999999999727e-05 -2.334660000000000107e-05 -5.101300000000000100e-05 -3.264219999999999725e-05 2.493899999999999958e-06 1.895940000000000011e-05 -1.939270000000000154e-05 -1.646900000000000063e-06 1.896039999999999892e-05 -5.047959999999999692e-05 7.650400000000000478e-06 1.600469999999999942e-05 -9.415000000000000066e-07 2.061569999999999982e-05 -2.390209999999999939e-05 5.409199999999999812e-06 -4.946140000000000047e-05 5.776099999999999636e-06 1.735159999999999833e-05 3.314999999999999940e-05 8.382299999999999349e-06 8.857999999999999512e-07 1.055010000000000051e-04 3.430200000000000209e-06 4.597769999999999857e-05 -3.047900000000000075e-06 -4.585199999999999739e-06 3.103770000000000270e-05 1.269349999999999968e-05 3.024500000000000011e-06 -1.895300000000000090e-06 1.973860000000000106e-05 2.537499999999999845e-06 -4.723579999999999928e-05 5.361339999999999731e-05 2.139810000000000101e-05
9.386820000000000363e-05 5.213767999999999918e-04 0.000000000000000000e+00 3.230529999999999714e-05 2.936874199999999976e-03 -7.920530000000000550e-05 6.705879999999999567e-05 -1.808749999999999919e-05 4.348699999999999885e-05 2.468899999999999892e-04 5.680200000000000266e-06 1.095445000000000012e-04 1.722930000000000121e-05 -1.592897000000000074e-04 1.661304000000000112e-04 1.958305999999999881e-04 -7.599249999999999452e-05 -1.001424999999999988e-04 2.453989999999999861e-05 1.003620000000000057e-05 -2.314070000000000021e-05 -4.377530000000000082e-05 -2.234479999999999992e-05 1.191710000000000013e-04 -5.742600000000000211e-05 1.193960000000000000e-05 -8.473989999999999821e-05 1.414099999999999937e-06 4.780109999999999877e-05 -4.447720000000000167e-05 -1.754499999999999888e-05 -5.862760000000000090e-05 -2.969299999999999845e-05 -6.908909999999999552e-05 6.357219999999999419e-05 -1.660200000000000130e-05 -2.632999999999999821e-07 -5.351000000000000098e-06 2.309940000000000113e-05 -2.372670000000000104e-05 -3.280389999999999944e-05 -2.340099999999999838e-05 4.145450000000000095e-05 1.413390000000000032e-05 -6.713609999999999576e-05 3.781589999999999821e-05 1.464930000000000050e-05 -2.531800000000000053e-06 -2.638110000000000056e-05 2.579420000000000115e-05 -8.068560000000000554e-05 4.480210000000000258e-05 9.462100000000000428e-06 3.876690000000000317e-05 1.326460000000000002e-05 6.541300000000000543e-05 -7.055199999999999807e-06 -4.538689999999999738e-05 1.354889999999999999e-05 -3.330100000000000100e-06 1.494409999999999978e-05 3.233190000000000125e-05 6.743389999999999823e-05 -7.188300000000000277e-06 3.008749999999999950e-05 2.946169999999999949e-05 -2.012000000000000017e-07 3.630990000000000281e-05 -2.617380000000000002e-05 1.024749999999999972e-05 -2.681550000000000101e-05 -5.407620000000000243e-05 -5.592670000000000106e-05 -4.594199999999999991e-06 -2.549900000000000099e-05 3.079240000000000015e-05 -2.899619999999999861e-05 1.797510000000000007e-05 2.875699999999999928e-05 -3.591899999999999864e-06 -5.053499999999999981e-06 -3.729599999999999664e-05 -2.140989999999999978e-05 6.581429999999999767e-05 2.129549999999999965e-05 -2.140199999999999855e-06 7.535279999999999452e-05 -9.560599999999999570e-06 -1.819499999999999901e-06 1.033165999999999994e-04 1.372530000000000054e-05 3.419230000000000126e-05 1.681459999999999991e-05 2.557900000000000023e-05 2.393119999999999883e-05 -3.186649999999999720e-05 -3.527529999999999750e-05 -1.069379999999999916e-05 -4.368519999999999977e-05 1.433700000000000012e-05
1.256860000000000025e-05 5.430949999999999900e-05 -3.230529999999999714e-05 0.000000000000000000e+00 2.158565999999999892e-04 -1.202650000000000081e-05 -2.638162000000000102e-04 3.665650000000000115e-04 -3.276802000000000208e-04 -2.222000000000000071e-06 5.228010000000000111e-05 2.212400000000000197e-06 -1.915480000000000166e-05 -7.726879999999999448e-05 -1.465829999999999991e-05 -2.046200000000000162e-05 -2.288264999999999885e-04 3.756589999999999891e-05 2.337600000000000116e-05 3.376999999999999685e-05 -1.320700000000000078e-05 3.300689999999999733e-05 -5.216910000000000167e-05 -3.174750000000000055e-05 3.686739999999999874e-05 -4.994130000000000243e-05 -7.481019999999999738e-05 1.399090000000000017e-05 3.248200000000000088e-06 7.071099999999999943e-06 -2.668240000000000054e-05 -6.309890000000000670e-05 5.937540000000000076e-05 5.578220000000000270e-05 1.102859999999999975e-05 1.980210000000000138e-05 -1.729469999999999892e-05 3.038209999999999834e-05 3.704250000000000321e-05 -5.512340000000000149e-05 -8.166899999999999683e-06 -2.682770000000000066e-05 -7.533999999999999568e-07 -4.982290000000000031e-05 3.853669999999999985e-05 -6.725400000000000017e-06 -7.418599999999999580e-06 -4.140309999999999667e-05 -1.097272000000000021e-04 1.326490000000000068e-05 -8.619970000000000074e-05 -1.519829999999999982e-05 -7.376300000000000002e-06 1.456499999999999946e-06 6.775890000000000613e-05 1.455810000000000043e-05 3.514629999999999924e-05 7.272830000000000635e-05 1.036070000000000060e-05 -1.066798000000000014e-04 -6.456170000000000225e-05 9.217200000000000452e-06 -6.790719999999999927e-05 7.013699999999999611e-05 -2.175000000000000013e-05 6.250240000000000656e-05 -1.507209999999999923e-05 -1.472970000000000061e-05 1.016500000000000009e-05 -1.227249999999999981e-05 9.292499999999999545e-06 1.470619999999999991e-05 -1.536270000000000116e-05 -7.010559999999999503e-05 -6.218499999999999839e-06 4.573709999999999955e-05 -6.093779999999999786e-05 -8.293399999999999234e-06 -1.087779999999999943e-05 -1.137570000000000020e-05 2.015679999999999986e-05 -2.012119999999999973e-05 1.135637999999999985e-04 -9.722699999999999594e-05 -3.080260000000000219e-05 3.468249999999999870e-05 -5.604199999999999639e-06 -8.203639999999999945e-05 -1.751520000000000130e-05 -1.126099999999999942e-05 1.677000000000000037e-05 4.196339999999999874e-05 -1.558230000000000156e-05 -6.663399999999999594e-06 4.186960000000000313e-05 -3.958359999999999825e-05 8.508520000000000319e-05 5.374200000000000147e-06 -1.504490000000000058e-05 3.386500000000000102e-06
-4.080100000000000119e-06 6.615042000000000014e-04 -2.936874199999999976e-03 -2.158565999999999892e-04 0.000000000000000000e+00 1.550788000000000101e-04 -1.528220000000000083e-05 -6.496220000000000629e-05 1.660960000000000103e-05 -2.100477000000000117e-04 3.247350000000000003e-05 2.128238999999999869e-04 1.336173000000000124e-04 -1.005872999999999983e-04 7.894600000000000613e-06 -1.080480000000000063e-04 2.143099999999999861e-06 1.111840000000000014e-05 -3.200979999999999971e-05 1.009047000000000031e-04 9.500299999999999826e-05 2.764879999999999861e-05 -6.712019999999999478e-05 -7.393230000000000364e-05 -4.357000000000000170e-07 -2.254300000000000168e-06 -1.651879999999999844e-05 3.575310000000000163e-05 4.362859999999999763e-05 1.583169999999999955e-05 -3.660769999999999850e-05 -1.319510000000000009e-05 3.576709999999999845e-05 -8.850519999999999416e-05 -3.164899999999999971e-06 -1.575010000000000019e-05 -3.617199999999999859e-05 -6.388000000000000291e-07 -7.130320000000000538e-05 -1.808919999999999953e-05 -2.715579999999999841e-05 -8.629080000000000398e-05 2.972129999999999952e-05 -1.729220000000000022e-05 8.601610000000000473e-05 1.361599999999999974e-05 -1.839920000000000165e-05 1.603300000000000048e-05 4.410489999999999848e-05 -2.461950000000000035e-05 2.338109999999999879e-05 -1.925599999999999826e-06 -1.153580000000000058e-05 2.402810000000000124e-05 1.741030000000000168e-05 2.145319999999999985e-05 5.775799999999999825e-06 1.222030000000000055e-05 -1.427019999999999934e-05 1.049999999999999972e-08 -2.909249999999999971e-05 2.675939999999999997e-05 3.451519999999999778e-05 4.083199999999999802e-05 -2.680400000000000205e-06 2.626510000000000032e-05 -1.203170000000000036e-05 -2.855909999999999902e-05 3.239680000000000126e-05 -4.657109999999999868e-05 -3.755820000000000236e-05 -4.458830000000000134e-05 2.226109999999999935e-05 -4.645099999999999792e-06 1.533229999999999888e-05 4.964259999999999799e-05 -3.190069999999999766e-05 -3.707230000000000079e-05 1.277810000000000053e-05 6.418099999999999588e-06 3.339270000000000302e-05 4.448600000000000064e-06 -1.532270000000000154e-05 -4.301920000000000310e-05 -3.210200000000000198e-06 6.717599999999999516e-05 -1.000755000000000009e-04 -5.482999999999999850e-06 1.204790000000000030e-05 -8.645699999999999233e-06 -7.388499999999999648e-06 -7.674500000000000806e-06 -1.618800000000000069e-06 -3.406960000000000327e-05 2.726900000000000099e-06 -4.053289999999999947e-05 4.148429999999999853e-05 1.137446999999999954e-04 -2.192599999999999980e-05 -6.338900000000000414e-06
1.254227000000000011e-04 1.368150000000000106e-04 7.920530000000000550e-05 1.202650000000000081e-05 -1.550788000000000101e-04 0.000000000000000000e+00 -7.062329999999999856e-05 4.337879999999999877e-05 6.835289999999999400e-05 -1.452933000000000002e-04 4.475090999999999943e-04 4.131186999999999923e-04 4.000688999999999873e-04 -1.669327000000000018e-04 1.859757000000000023e-04 -8.610710000000000098e-05 1.985120000000000062e-05 -2.817200000000000064e-05 -1.234569999999999938e-05 2.658126000000000239e-04 1.448560000000000070e-05 -3.526579999999999700e-05 1.906637000000000089e-04 1.825150000000000101e-04 9.465999999999999663e-07 -4.442639999999999870e-05 3.886210000000000185e-05 8.801469999999999606e-05 -9.235320000000000204e-05 -1.345739000000000093e-04 3.138890000000000029e-05 -7.979980000000000124e-05 2.620660000000000079e-05 -5.598069999999999750e-05 3.747120000000000133e-05 5.641089999999999890e-05 3.591380000000000164e-05 -9.066160000000000625e-05 1.575370000000000131e-05 -1.064490000000000035e-05 2.967309999999999886e-05 -1.960580000000000124e-05 3.241000000000000310e-05 1.101720000000000016e-05 9.609539999999999478e-05 3.288780000000000045e-05 4.386999999999999841e-05 -4.687629999999999705e-05 -1.756689999999999947e-05 1.827690000000000114e-05 -1.187609999999999968e-05 -4.921720000000000034e-05 5.337480000000000268e-05 -5.380670000000000103e-05 6.746940000000000153e-05 -2.857319999999999945e-05 -2.564179999999999902e-05 -6.228500000000000421e-05 -1.244810000000000030e-05 -3.293559999999999684e-05 2.059719999999999992e-05 -3.476999999999999914e-06 6.403639999999999560e-05 -3.393220000000000014e-05 9.227130000000000542e-05 8.448560000000000304e-05 5.339999999999999907e-07 1.499959999999999950e-05 3.456869999999999989e-05 2.259499999999999966e-05 7.510900000000000374e-06 4.953439999999999791e-05 -1.042423999999999966e-04 2.148140000000000070e-05 -4.539299999999999890e-06 1.690030000000000148e-05 -3.762270000000000149e-05 -3.109699999999999720e-05 5.075799999999999751e-06 -1.649220000000000110e-05 6.406899999999999594e-06 2.426860000000000004e-05 -1.702360000000000079e-05 3.504739999999999922e-05 6.720910000000000675e-05 -5.594409999999999856e-05 -1.977149999999999866e-05 -7.104559999999999619e-05 -3.276150000000000134e-05 1.148200000000000077e-06 2.279899999999999974e-05 -1.748000000000000035e-06 1.539859999999999856e-05 6.630340000000000625e-05 5.029779999999999809e-05 2.201890000000000021e-05 -3.071779999999999921e-05 -1.522839999999999975e-05 7.088479999999999597e-05 5.951599999999999904e-06
-3.665159999999999989e-05 -1.222100000000000039e-05 -6.705879999999999567e-05 2.638162000000000102e-04 1.528220000000000083e-05 7.062329999999999856e-05 0.000000000000000000e+00 3.656578299999999841e-03 6.149001999999999983e-04 -4.426789999999999675e-05 3.469610000000000142e-05 2.861489999999999940e-05 2.902419999999999902e-05 6.604579999999999707e-05 2.826279999999999984e-05 1.141571000000000052e-04 -6.827360000000000308e-05 4.012030000000000278e-05 -1.713694999999999997e-04 2.209089999999999885e-05 3.044040000000000081e-05 9.841740000000000405e-05 3.375209999999999826e-05 6.220699999999999581e-05 1.288330000000000081e-05 2.104320000000000073e-04 2.857143000000000031e-04 4.110930000000000297e-05 -1.833449999999999869e-05 2.206800000000000200e-06 3.254590000000000293e-05 -2.506650000000000132e-05 -6.712480000000000486e-05 3.861100000000000183e-06 1.445331000000000003e-04 -3.799839999999999858e-05 2.369300000000000168e-05 1.519860000000000048e-05 -1.573220000000000160e-05 -3.267160000000000073e-05 -5.860199999999999898e-05 -3.571010000000000221e-05 2.239059999999999870e-05 -6.986860000000000390e-05 -5.750709999999999698e-05 -2.831550000000000020e-05 1.264420000000000000e-05 -3.746289999999999668e-05 2.872970000000000040e-05 -3.412100000000000078e-05 9.654850000000000574e-05 2.550889999999999899e-05 7.174899999999999355e-05 -7.707660000000000672e-05 -6.326789999999999779e-05 -1.469580000000000082e-05 3.868960000000000308e-05 -2.749900000000000133e-06 1.719480000000000010e-05 -9.652709999999999947e-05 3.624589999999999800e-05 -4.233510000000000062e-05 5.613680000000000097e-05 3.298519999999999718e-05 -2.246580000000000097e-05 4.957370000000000277e-05 5.981000000000000419e-07 -1.309800000000000063e-05 -7.022450000000000502e-05 -4.590490000000000157e-05 -7.402439999999999552e-05 4.093930000000000290e-05 1.155389999999999961e-05 1.758829999999999896e-05 -7.920000000000000404e-06 -1.576949999999999869e-05 1.868229999999999899e-05 -8.825099999999999582e-06 5.561059999999999913e-05 -5.255920000000000324e-05 6.346900000000000168e-06 9.287999999999999842e-06 -3.364659999999999732e-05 4.740199999999999949e-06 3.100640000000000183e-05 5.420799999999999836e-06 -1.703049999999999898e-05 -1.545077999999999914e-04 1.833799999999999917e-06 3.332699999999999872e-06 1.585589999999999840e-05 3.991350000000000334e-05 5.632129999999999895e-05 2.306749999999999895e-05 -4.124879999999999714e-05 4.533739999999999727e-05 -6.142409999999999353e-05 3.139149999999999921e-05 -9.499399999999999207e-06 2.185949999999999967e-05
5.135839999999999942e-05 1.108499999999999975e-05 1.808749999999999919e-05 -3.665650000000000115e-04 6.496220000000000629e-05 -4.337879999999999877e-05 -3.656578299999999841e-03 0.000000000000000000e+00 3.701634999999999995e-03 -9.487370000000000612e-05 -3.555470000000000028e-05 -2.276809999999999975e-05 -7.996800000000000414e-05 3.693099999999999844e-06 3.352440000000000042e-05 3.325689999999999663e-05 2.687246999999999921e-04 -4.528020000000000059e-05 2.066517999999999990e-04 2.061979999999999865e-05 7.311699999999999808e-06 -4.963265000000000125e-04 -1.724330000000000142e-05 1.980350000000000106e-05 8.937190000000000401e-05 1.582363999999999949e-04 1.076863999999999995e-04 -1.966300000000000131e-06 8.759699999999999496e-05 -6.151459999999999546e-05 -1.139999999999999927e-05 -8.345010000000000253e-05 7.636340000000000142e-05 9.306569999999999903e-05 2.593930000000000083e-05 2.773539999999999876e-05 4.408949999999999859e-05 1.748847999999999896e-04 -5.102020000000000323e-05 1.311676000000000009e-04 -7.474310000000000610e-05 2.119500000000000205e-06 -3.352240000000000281e-05 1.187589999999999924e-05 -1.382299999999999962e-05 5.314320000000000307e-05 -2.430110000000000015e-05 7.416100000000000028e-06 2.721600000000000167e-05 4.095339999999999994e-05 -5.025650000000000240e-05 -2.289579999999999854e-05 -2.429889999999999871e-05 -9.352500000000000665e-06 1.144840000000000037e-05 -1.668299999999999977e-06 1.164870000000000080e-05 -3.128699999999999792e-06 2.685209999999999995e-05 -3.381069999999999800e-05 -1.195288999999999933e-04 1.468410000000000058e-05 -2.068179999999999907e-05 -1.290475000000000075e-04 -1.075288999999999997e-04 3.319269999999999816e-05 1.096459000000000067e-04 -2.178560000000000026e-05 -5.066189999999999686e-05 4.566699999999999831e-06 -3.819160000000000209e-05 -1.923610000000000036e-05 -8.244350000000000441e-05 2.222500000000000151e-05 -2.717080000000000081e-05 2.923070000000000120e-05 3.598589999999999710e-05 -2.421680000000000165e-05 -6.219920000000000581e-05 1.045609999999999972e-05 1.009240000000000014e-05 -2.913160000000000074e-05 -4.361000000000000259e-06 -2.810949999999999912e-05 4.813429999999999754e-05 4.549500000000000233e-06 -4.029399999999999910e-06 1.013490000000000015e-05 6.206720000000000097e-05 -3.196360000000000005e-05 -3.986270000000000037e-05 3.004640000000000086e-05 -9.891800000000000736e-06 1.757560000000000161e-05 -1.766300000000000013e-05 -1.507640000000000019e-05 5.701440000000000083e-05 -4.893290000000000036e-05 2.403649999999999933e-05 6.379899999999999683e-06
-6.403269999999999427e-05 -4.410839999999999938e-05 -4.348699999999999885e-05 3.276802000000000208e-04 -1.660960000000000103e-05 -6.835289999999999400e-05 -6.149001999999999983e-04 -3.701634999999999995e-03 0.000000000000000000e+00 7.022319999999999539e-05 -8.776000000000000340e-06 3.780890000000000319e-05 7.900220000000000061e-05 -8.690900000000000087e-06 4.914320000000000071e-05 1.185769999999999999e-05 -2.463060000000000097e-04 2.981580000000000005e-05 -2.270181999999999875e-04 -7.600500000000000329e-06 2.624599999999999825e-06 1.048524000000000060e-04 2.144169999999999835e-05 -1.244977999999999992e-04 -1.812557999999999867e-04 -1.377870000000000006e-04 7.510770000000000597e-05 -8.596499999999999771e-06 5.864239999999999947e-05 -3.620649999999999970e-05 -1.180774000000000022e-04 1.673272000000000062e-04 -6.763700000000000141e-06 -3.143739999999999821e-05 -4.418529999999999859e-05 4.425339999999999884e-05 -4.807100000000000104e-05 1.580229999999999946e-05 8.649159999999999704e-05 -1.595842999999999893e-04 6.800149999999999598e-05 3.457989999999999735e-05 -1.795980000000000040e-05 -4.972299999999999810e-05 -1.914800000000000031e-05 -9.533369999999999833e-05 -3.258749999999999928e-05 8.393399999999999971e-06 -7.011970000000000561e-05 -4.065609999999999857e-05 -1.369149999999999927e-05 -1.449969999999999943e-05 -3.021800000000000020e-06 5.532170000000000262e-05 -9.223210000000000078e-05 4.189910000000000005e-05 -2.718440000000000014e-05 -3.192760000000000243e-05 1.803209999999999969e-05 -2.811999999999999843e-05 -2.637850000000000164e-05 6.682169999999999755e-05 -8.219430000000000009e-05 8.049289999999999635e-05 -1.688750000000000052e-05 -4.532699999999999818e-06 3.045789999999999853e-05 -1.139559999999999979e-05 1.165010000000000049e-05 2.390000000000000093e-07 6.021330000000000166e-05 -1.867809999999999994e-05 -1.089624999999999990e-04 2.507319999999999907e-05 -3.817290000000000174e-05 -2.800619999999999962e-05 1.840630000000000028e-05 3.296469999999999967e-05 -1.753980000000000103e-05 -1.922149999999999884e-05 4.675039999999999881e-05 5.227839999999999739e-05 -3.067630000000000308e-05 -3.016040000000000011e-05 1.772660000000000067e-05 -1.771890000000000072e-05 3.093389999999999871e-05 -5.204700000000000330e-06 -1.402609999999999942e-05 2.165839999999999917e-05 8.871499999999999680e-06 -3.454440000000000082e-05 2.384899999999999816e-06 -1.133720000000000048e-05 4.811730000000000092e-05 2.940729999999999879e-05 2.708059999999999954e-05 -1.604509999999999991e-05 -2.939959999999999885e-05 -2.812730000000000089e-05
-5.367060000000000076e-05 -9.498600000000000841e-06 -2.468899999999999892e-04 2.222000000000000071e-06 2.100477000000000117e-04 1.452933000000000002e-04 4.426789999999999675e-05 9.487370000000000612e-05 -7.022319999999999539e-05 0.000000000000000000e+00 1.198167599999999970e-03 4.116879000000000263e-04 -4.323999999999999936e-05 -1.258242000000000073e-04 -4.464909999999999913e-05 2.120500000000000111e-05 5.430090000000000047e-05 1.400843000000000032e-04 -4.421879999999999751e-05 1.097468000000000044e-04 -2.817696000000000068e-04 -3.196619999999999898e-05 -1.311780000000000000e-05 -7.985479999999999987e-05 1.856479999999999884e-05 2.302000000000000099e-07 -1.137810000000000038e-05 2.655770000000000155e-05 -2.266160000000000001e-05 1.509360000000000064e-05 3.267619999999999726e-05 2.993719999999999858e-05 1.270399999999999941e-06 -5.316450000000000234e-05 9.574900000000000433e-06 -7.477790000000000110e-05 2.338429999999999903e-05 -8.297120000000000276e-05 -5.345389999999999994e-05 8.956299999999999613e-05 8.268410000000000343e-05 2.330130000000000000e-05 -1.239199999999999926e-05 -2.885599999999999952e-06 -5.595389999999999972e-05 6.745229999999999791e-05 3.504240000000000181e-05 7.928229999999999815e-05 -1.422910000000000070e-05 -8.466540000000000426e-05 -2.418459999999999881e-05 3.239399999999999851e-06 1.590909999999999986e-05 -2.387020000000000060e-05 1.515799999999999954e-06 3.671539999999999748e-05 2.762400000000000013e-06 4.779819999999999918e-05 2.063460000000000061e-05 -7.189540000000000286e-05 1.782890000000000137e-05 -1.083500000000000087e-06 -4.808000000000000045e-05 1.457130000000000057e-05 -6.653660000000000260e-05 3.252920000000000019e-05 -3.178799999999999957e-06 5.939680000000000025e-05 -1.579210000000000081e-05 -1.357247999999999918e-04 4.377900000000000046e-06 3.619800000000000054e-06 -6.535900000000000391e-06 -5.234780000000000048e-05 9.285469999999999716e-05 2.645400000000000117e-06 1.068479999999999975e-05 4.718600000000000020e-06 -6.182199999999999864e-06 3.052760000000000228e-05 6.544059999999999818e-05 -1.167480000000000044e-05 -2.388039999999999925e-05 1.565010000000000115e-05 -2.904640000000000027e-05 1.056349999999999974e-05 -5.636600000000000379e-06 -1.662320000000000036e-05 1.193399999999999958e-05 4.976730000000000037e-05 3.376310000000000205e-05 3.263289999999999718e-05 3.019119999999999988e-05 -6.948989999999999345e-05 1.081650000000000054e-05 -2.037699999999999989e-06 1.843560000000000015e-05 7.981399999999999511e-06 8.937420000000000227e-05 -1.602200000000000008e-05
5.458989999999999719e-05 -1.239484000000000007e-04 -5.680200000000000266e-06 -5.228010000000000111e-05 -3.247350000000000003e-05 -4.475090999999999943e-04 -3.469610000000000142e-05 3.555470000000000028e-05 8.776000000000000340e-06 -1.198167599999999970e-03 0.000000000000000000e+00 7.634405099999999958e-03 1.708138500000000058e-03 -8.705787000000000204e-04 -1.893069999999999952e-04 -3.896120000000000095e-04 -4.467230000000000257e-05 5.799505999999999628e-04 8.673850000000000310e-05 -1.941075999999999913e-04 1.993126000000000066e-04 1.522100000000000047e-05 2.550997000000000269e-04 -6.652659999999999422e-05 5.144920000000000201e-05 -9.299009999999999589e-05 -3.874609999999999822e-05 1.808745000000000112e-04 -9.194000000000000403e-06 -6.661809999999999835e-05 3.352989999999999893e-05 1.723329999999999982e-05 -6.999749999999999516e-05 6.626549999999999769e-05 -7.575410000000000032e-05 9.686399999999999958e-05 -4.539379999999999896e-05 -1.177767000000000001e-04 -1.420500000000000037e-05 5.407719999999999785e-05 3.251309999999999877e-05 2.476089999999999869e-05 -1.146550000000000059e-05 7.735630000000000338e-05 -5.920530000000000047e-05 -3.400450000000000282e-05 9.096899999999999249e-06 -9.974599999999999333e-06 1.471939000000000071e-04 -8.796049999999999919e-05 -4.036460000000000314e-05 -3.881530000000000088e-05 1.164840999999999983e-04 -1.038351000000000047e-04 1.365279999999999912e-04 4.229860000000000190e-05 5.044850000000000327e-05 -3.013859999999999974e-05 3.681799999999999884e-05 -4.810339999999999755e-05 3.069919999999999908e-05 6.099840000000000199e-05 -1.952609999999999928e-05 4.633319999999999881e-05 4.717270000000000322e-05 -9.672480000000000606e-05 3.161900000000000339e-05 3.601220000000000056e-05 -2.583120000000000096e-05 6.893540000000000409e-05 8.010300000000000200e-06 9.022260000000000587e-05 -4.898089999999999719e-05 -1.144789999999999927e-05 -5.857999999999999648e-06 2.459899999999999945e-05 -4.340730000000000028e-05 1.137970000000000050e-05 -5.895860000000000163e-05 -3.021369999999999839e-05 -1.273039999999999927e-05 -2.658690000000000120e-05 -4.398820000000000009e-05 6.438299999999999666e-05 3.059689999999999838e-05 -1.407246999999999979e-04 7.947570000000000209e-05 -1.578399999999999999e-05 -2.963289999999999880e-05 -6.343900000000000366e-06 -3.994910000000000008e-05 -3.780150000000000052e-05 -3.036310000000000072e-05 9.723100000000000132e-06 1.881979999999999894e-05 4.233399999999999990e-06 -1.000579999999999998e-05 -8.296600000000000491e-05 1.120139999999999917e-05 -9.818900000000000129e-06
1.260700000000000059e-06 3.911440999999999876e-04 -1.095445000000000012e-04 -2.212400000000000197e-06 -2.128238999999999869e-04 -4.131186999999999923e-04 -2.861489999999999940e-05 2.276809999999999975e-05 -3.780890000000000319e-05 -4.116879000000000263e-04 -7.634405099999999958e-03 0.000000000000000000e+00 2.680231099999999967e-03 -1.726243900000000008e-03 -1.589499999999999943e-05 5.541294000000000211e-04 -7.765819999999999451e-05 -1.658650999999999919e-04 6.873769999999999750e-05 8.694049999999999879e-05 1.359185999999999966e-04 4.019500000000000225e-06 -2.352344999999999989e-04 8.628520000000000525e-05 -1.510929999999999949e-05 -6.079410000000000125e-05 4.559449999999999858e-05 3.160550000000000089e-05 -2.073500000000000053e-05 5.314419999999999848e-05 -2.612729999999999971e-05 5.125430000000000155e-05 -1.665829999999999939e-05 -1.458436000000000075e-04 -1.825612999999999965e-04 -2.507550000000000073e-05 -1.466739999999999953e-05 -6.347620000000000053e-05 -1.276800000000000040e-05 1.388199999999999897e-06 4.412999999999999931e-06 -1.181119999999999967e-05 -7.118300000000000101e-06 3.727300000000000041e-05 1.849600000000000045e-06 9.227340000000000325e-05 -6.045869999999999765e-05 8.811610000000000156e-05 -2.158180000000000062e-05 -6.167459999999999392e-05 3.768899999999999779e-05 -7.428829999999999819e-05 4.196059999999999937e-05 5.496260000000000127e-05 -4.857719999999999969e-05 -2.303790999999999912e-04 -6.504120000000000333e-05 -3.762850000000000065e-05 -7.869289999999999326e-05 -6.115150000000000566e-05 -1.438590000000000062e-05 6.417319999999999741e-05 -4.287890000000000039e-05 -2.646389999999999916e-05 3.486600000000000127e-05 -3.581709999999999966e-05 -5.500509999999999959e-05 -4.757920000000000009e-05 -4.238369999999999876e-05 -1.978559999999999908e-05 -2.929459999999999901e-05 1.348170000000000003e-05 6.847909999999999967e-05 -7.847749999999999529e-05 1.211740000000000023e-05 6.985879999999999597e-05 1.041279999999999964e-05 -5.565800000000000142e-06 -2.358809999999999867e-05 5.288890000000000111e-05 9.020599999999999658e-05 -4.509000000000000367e-06 2.723120000000000111e-05 2.045299999999999882e-05 -2.343000000000000098e-05 1.978800000000000096e-05 -2.758510000000000123e-05 -9.684299999999999758e-06 7.556459999999999815e-05 -3.070920000000000068e-05 1.076700000000000000e-06 -3.746510000000000150e-05 4.841070000000000052e-05 -6.184739999999999335e-05 -4.726000000000000152e-06 7.162499999999999610e-06 3.522300000000000141e-06 6.388159999999999498e-05 9.112509999999999935e-05 2.938810000000000074e-05
4.547069999999999817e-05 -1.278459000000000019e-04 -1.722930000000000121e-05 1.915480000000000166e-05 -1.336173000000000124e-04 -4.000688999999999873e-04 -2.902419999999999902e-05 7.996800000000000414e-05 -7.900220000000000061e-05 4.323999999999999936e-05 -1.708138500000000058e-03 -2.680231099999999967e-03 0.000000000000000000e+00 -6.945216000000000150e-04 2.911501300000000035e-03 3.451993000000000205e-04 -6.077169999999999957e-05 -8.382545000000000360e-04 2.055229999999999972e-05 1.663155000000000037e-04 3.112758999999999990e-04 -3.437720000000000012e-05 -2.522722000000000137e-04 -1.782081999999999991e-04 2.267639999999999858e-05 -3.841469999999999661e-05 -1.254010000000000044e-05 -1.196842999999999952e-04 6.233839999999999932e-05 -6.326199999999999672e-06 1.773639999999999844e-05 4.030959999999999773e-05 -2.038920000000000123e-05 2.933349999999999960e-05 1.188120000000000070e-05 8.167750000000000531e-05 -6.211840000000000482e-05 -9.760180000000000461e-05 1.785109999999999922e-05 -6.367199999999999618e-05 2.371460000000000161e-05 3.006200000000000118e-06 -3.681300000000000143e-05 4.575899999999999675e-06 -9.662170000000000361e-05 8.490310000000000370e-05 3.419860000000000152e-05 -2.861390000000000060e-05 -8.359420000000000002e-05 -4.634169999999999712e-05 1.502169000000000084e-04 -7.825779999999999466e-05 1.183655999999999971e-04 -4.586339999999999867e-05 3.451999999999999941e-07 8.331149999999999678e-05 5.330219999999999934e-05 4.341960000000000014e-05 -2.988260000000000083e-05 -2.523069999999999884e-05 -5.758100000000000317e-05 -3.926299999999999999e-05 9.038499999999999944e-06 -1.408419999999999976e-05 -1.083296000000000004e-04 -2.491330000000000083e-05 1.083798999999999955e-04 4.684370000000000011e-05 -1.530799999999999980e-05 7.965899999999999405e-06 -2.163300000000000108e-05 -8.128719999999999652e-05 6.317199999999999758e-05 -4.612299999999999869e-05 1.335199999999999939e-06 1.639429999999999989e-05 2.335349999999999926e-05 -2.819699999999999871e-06 -1.340600000000000006e-05 1.073089999999999987e-04 1.108193000000000047e-04 2.225570000000000106e-05 8.373619999999999967e-05 2.794089999999999874e-05 -2.775940000000000056e-05 6.998850000000000253e-05 7.306000000000000015e-06 2.434960000000000146e-05 -4.187609999999999705e-05 -5.608969999999999933e-05 5.404919999999999744e-05 -5.054610000000000044e-05 5.509870000000000154e-05 -2.022269999999999867e-05 4.017800000000000055e-05 5.908299999999999827e-06 2.870970000000000059e-05 1.409179999999999949e-05 8.387799999999999889e-05 2.874080000000000103e-05
-1.818580000000000129e-05 1.156562999999999992e-04 1.592897000000000074e-04 7.726879999999999448e-05 1.005872999999999983e-04 1.669327000000000018e-04 -6.604579999999999707e-05 -3.693099999999999844e-06 8.690900000000000087e-06 1.258242000000000073e-04 8.705787000000000204e-04 1.726243900000000008e-03 6.945216000000000150e-04 0.000000000000000000e+00 -4.283560999999999966e-03 -3.460685999999999819e-04 -4.347809999999999967e-05 -1.088775799999999998e-03 -5.658699999999999710e-06 1.184330000000000060e-05 1.541036999999999930e-04 -2.278260000000000105e-05 -4.132736999999999934e-04 -8.469509999999999485e-05 3.958419999999999956e-05 3.861709999999999996e-05 -1.651199999999999963e-06 4.827850000000000202e-05 3.568369999999999854e-05 -2.501080000000000116e-05 -2.663810000000000166e-05 3.806069999999999966e-05 -3.572999999999999926e-06 1.245065999999999914e-04 1.840498999999999944e-04 5.372640000000000114e-05 1.814690000000000069e-05 1.616071999999999865e-04 1.158168000000000056e-04 1.796879999999999981e-05 -1.009359000000000037e-04 -7.371630000000000435e-05 3.924180000000000094e-05 -1.418633999999999943e-04 1.160440000000000023e-05 9.051390000000000087e-05 8.398770000000000226e-05 -1.339719999999999940e-05 -1.057540000000000043e-05 -4.916199999999999619e-06 -6.680479999999999437e-05 3.235839999999999837e-05 2.557770000000000077e-05 -3.170619999999999808e-05 1.540489999999999882e-05 -4.896279999999999816e-05 -3.551299999999999694e-05 -6.114749999999999689e-05 1.216049999999999987e-05 3.066409999999999665e-05 2.368429999999999955e-05 -6.872540000000000441e-05 -1.062265000000000035e-04 -2.539459999999999908e-05 4.048110000000000109e-05 -1.129267999999999976e-04 3.123699999999999840e-06 -2.952009999999999880e-05 -2.080140000000000043e-05 5.142569999999999791e-05 -5.163100000000000084e-05 -4.451120000000000169e-05 6.441180000000000560e-05 9.437810000000000361e-05 3.357049999999999986e-05 -1.786199999999999941e-05 7.087500000000000328e-06 3.067769999999999937e-05 4.140500000000000422e-06 9.020840000000000184e-05 -3.089899999999999673e-05 -1.677219999999999842e-05 1.824079999999999991e-05 -3.506660000000000067e-05 -4.666679999999999846e-05 7.052920000000000229e-05 2.520939999999999957e-05 2.981559999999999961e-05 -8.599500000000000590e-05 3.145740000000000141e-05 1.103130000000000058e-05 -1.166499999999999928e-05 5.931609999999999948e-05 5.289399999999999874e-05 1.045900000000000015e-06 5.581300000000000248e-06 -1.867520000000000036e-05 2.866820000000000108e-05 8.509930000000000023e-05 -3.126550000000000076e-05
-5.481690000000000027e-05 -3.896100000000000187e-05 -1.661304000000000112e-04 1.465829999999999991e-05 -7.894600000000000613e-06 -1.859757000000000023e-04 -2.826279999999999984e-05 -3.352440000000000042e-05 -4.914320000000000071e-05 4.464909999999999913e-05 1.893069999999999952e-04 1.589499999999999943e-05 -2.911501300000000035e-03 4.283560999999999966e-03 0.000000000000000000e+00 -5.004809999999999945e-05 7.027999999999999796e-05 4.101517999999999852e-04 -6.949700000000000224e-05 5.859498000000000527e-04 2.319165999999999947e-04 -5.779430000000000331e-05 1.283272000000000069e-04 1.276111000000000020e-04 1.322476999999999908e-04 4.736970000000000151e-05 -9.747999999999999673e-07 3.412112000000000239e-04 -7.106220000000000548e-05 -5.882320000000000289e-05 1.398030000000000064e-05 -5.376110000000000269e-05 -4.334400000000000378e-06 1.451341000000000035e-04 9.755849999999999776e-05 5.677760000000000337e-05 3.313089999999999818e-05 7.505219999999999947e-05 5.959460000000000029e-05 -1.987969999999999874e-05 1.981570000000000071e-05 7.799290000000000335e-05 -1.439097000000000022e-04 -4.503610000000000068e-05 -7.624780000000000544e-05 -4.545700000000000202e-05 -4.902950000000000212e-05 -1.216000000000000036e-07 -6.265100000000000375e-06 6.280619999999999508e-05 -5.552379999999999854e-05 -3.663289999999999954e-05 3.719340000000000206e-05 2.614790000000000083e-05 1.742009999999999945e-05 -1.602489999999999966e-05 -4.474759999999999827e-05 -3.242249999999999662e-05 4.663690000000000066e-05 -6.953650000000000076e-05 -3.416470000000000173e-05 1.008219999999999979e-05 3.902310000000000251e-05 3.563429999999999864e-05 -2.830229999999999836e-05 5.614789999999999820e-05 4.062889999999999991e-05 1.323710000000000071e-05 -2.860369999999999856e-05 -1.188006999999999957e-04 6.306809999999999337e-05 1.742690000000000081e-05 -6.793400000000000043e-06 -5.933349999999999697e-05 4.005210000000000232e-05 1.097190000000000078e-05 -2.280740000000000122e-05 2.727049999999999920e-05 -8.024750000000000036e-05 1.321530000000000034e-05 3.698350000000000259e-05 3.586400000000000086e-05 1.982170000000000031e-05 -2.500000000000000205e-06 -2.751880000000000154e-05 7.778000000000000408e-05 -1.611289999999999950e-05 7.476100000000000300e-06 -3.349299999999999849e-06 6.532839999999999611e-05 2.510709999999999887e-05 -9.449399999999999686e-06 1.306209999999999984e-05 -5.368010000000000126e-05 -2.898770000000000030e-05 5.379979999999999946e-05 2.560200000000000069e-06 2.390489999999999876e-05 4.624329999999999820e-05 -4.554829999999999892e-05
