0.000000000000000000e+00 -6.934178000000000477e-04 -6.478700000000000329e-06 2.399139999999999869e-05 -1.441849999999999926e-05 1.758440000000000057e-05 -4.493790000000000219e-05 -1.201426000000000040e-04 -5.858989999999999955e-05 -1.529790000000000137e-05 5.849899999999999675e-06 2.347419999999999965e-05 -4.900300000000000330e-06 -1.759710000000000132e-05 5.825499999999999705e-05 -1.374569999999999953e-05 4.896500000000000299e-05 2.041350000000000030e-05 -1.031706000000000046e-04 9.713789999999999708e-05 -6.876439999999999506e-05 8.044819999999999998e-05 -6.473439999999999468e-05 4.729369999999999749e-05 -3.356840000000000203e-05 -1.054220000000000047e-05 5.464599999999999823e-05 -2.757339999999999929e-05 3.906910000000000173e-05 -2.814809999999999906e-05 -4.737840000000000026e-05 -5.525839999999999935e-05 -3.751410000000000053e-05 -6.931249999999999749e-05 -5.433009999999999673e-05 -8.395520000000000554e-05 -1.587139999999999851e-05 3.092040000000000299e-05 -6.311459999999999369e-05 4.918420000000000252e-05 2.024660000000000026e-05 2.222950000000000121e-05 4.848299999999999812e-06 7.730999999999999545e-07 -6.868200000000000412e-05 7.547190000000000495e-05 -1.106040000000000002e-05 -9.636779999999999576e-05 2.220160000000000102e-05 2.213937000000000077e-04 -7.550399999999999741e-06 -9.626199999999999416e-06 2.159039999999999915e-05 -2.995889999999999873e-05 1.216684999999999956e-04 3.675259999999999774e-05 9.644979999999999938e-05 8.513599999999999261e-06 -4.296000000000000204e-05 -6.024809999999999665e-05 -5.403900000000000049e-06 -3.177679999999999703e-05 4.462699999999999641e-06 -1.411817999999999905e-04 -5.590600000000000311e-06 -2.588299999999999850e-06 -2.931779999999999906e-05 -2.541880000000000132e-05 1.367309999999999958e-05 -3.748399999999999975e-06 -1.107399999999999934e-05 2.201280000000000039e-05 1.886339999999999968e-05 1.783079999999999876e-05 4.912939999999999755e-05 -1.388779999999999941e-05 4.294440000000000171e-05 1.299629999999999956e-05 -1.651560000000000159e-05 1.561780000000000148e-05 7.117399999999999821e-06 -2.977049999999999898e-05 6.156900000000000293e-06 -2.288900000000000057e-05 -1.383250000000000012e-05 -1.729169999999999912e-05 5.488399999999999833e-06 -2.440000000000000011e-08 1.183219999999999998e-05 -2.008020000000000131e-05 4.451700000000000085e-06 1.470689999999999975e-05 8.714300000000000575e-06 -1.950950000000000015e-05 1.734899999999999898e-06 3.778090000000000278e-05 1.012239999999999985e-05 2.352359999999999954e-05 2.804700000000000015e-06 5.398529999999999963e-05
6.934178000000000477e-04 0.000000000000000000e+00 1.792590000000000061e-05 -5.563470000000000047e-04 -1.640430000000000149e-05 1.207159999999999975e-05 -1.997050000000000133e-05 -2.156435999999999965e-04 -4.271709999999999798e-05 5.647199999999999905e-06 9.803600000000000462e-06 -6.016350000000000089e-05 3.591200000000000023e-06 -1.160889999999999993e-05 2.549809999999999902e-05 -5.523120000000000069e-05 3.135989999999999768e-05 -2.619999999999999903e-07 -5.034089999999999773e-05 -6.022599999999999732e-06 8.797500000000000049e-06 2.811630000000000048e-05 9.529200000000000176e-06 -9.503419999999999891e-05 -4.781939999999999824e-05 -5.422959999999999998e-05 3.831499999999999654e-06 5.306820000000000124e-05 -1.995970000000000136e-05 -1.616399999999999974e-05 -1.230489999999999971e-05 2.914699999999999808e-06 3.908889999999999771e-05 1.501010000000000050e-05 2.983400000000000099e-06 -7.643999999999999997e-06 1.400749999999999929e-05 6.752399999999999928e-06 -1.617230000000000100e-05 2.929050000000000018e-05 -3.248650000000000143e-05 3.571240000000000048e-05 3.221329999999999870e-05 -1.463400000000000041e-06 -1.637810000000000164e-05 4.174590000000000294e-05 9.765000000000000527e-06 3.025480000000000042e-05 4.880399999999999894e-06 4.491469999999999875e-05 -4.563960000000000261e-05 4.042359999999999698e-05 -4.602000000000000048e-07 3.639809999999999969e-05 -2.833689999999999969e-05 -9.560119999999999534e-05 -9.016699999999999577e-06 7.266499999999999800e-06 -1.210709999999999967e-05 -7.784399999999999534e-06 2.768579999999999842e-05 -4.276190000000000134e-05 2.160759999999999959e-05 -4.576669999999999670e-05 5.305739999999999789e-05 2.228719999999999898e-05 -1.479520000000000024e-05 -3.530460000000000076e-05 2.121499999999999932e-06 -2.212910000000000129e-05 -1.465930000000000041e-05 1.376700000000000092e-06 1.975439999999999843e-05 7.407999999999999631e-07 1.147220000000000004e-05 -4.289450000000000072e-05 8.564400000000000536e-06 2.199219999999999927e-05 -2.470910000000000031e-05 2.485559999999999967e-05 -2.191509999999999961e-05 -5.251160000000000051e-05 3.264110000000000161e-05 -1.121069999999999924e-05 4.115499999999999814e-06 -2.948279999999999833e-05 -2.205820000000000168e-05 4.112200000000000202e-06 -9.789299999999999600e-06 -3.381739999999999914e-05 -8.313999999999999935e-07 -6.894799999999999615e-06 8.217999999999999922e-06 1.956200000000000007e-06 -4.032000000000000106e-07 2.408879999999999881e-05 -2.647639999999999946e-05 -2.937339999999999900e-05 -4.575950000000000124e-05 3.138020000000000154e-05
6.478700000000000329e-06 -1.792590000000000061e-05 0.000000000000000000e+00 4.016020000000000218e-05 -2.906990899999999795e-03 7.513980000000000182e-05 1.271625000000000077e-04 -3.753290000000000109e-05 -2.100357999999999923e-04 -2.207222000000000058e-04 -6.769090000000000610e-05 -1.249729000000000042e-04 -2.945659999999999847e-05 1.870397000000000043e-04 4.895860000000000251e-05 4.313119999999999796e-05 5.609940000000000028e-05 8.596220000000000174e-05 2.706400000000000041e-05 -5.772419999999999868e-05 1.217560000000000079e-05 -4.351089999999999705e-05 1.946099999999999883e-05 -3.298099999999999814e-06 -6.198809999999999694e-05 1.466780000000000041e-05 -7.934260000000000162e-05 7.090200000000000319e-06 -4.510410000000000070e-05 1.785180000000000076e-05 -2.690739999999999923e-05 5.039119999999999960e-05 -2.111719999999999833e-05 7.924480000000000402e-05 -6.402490000000000427e-05 2.305470000000000137e-05 2.137429999999999964e-05 -3.356800000000000200e-06 3.163030000000000106e-05 5.630430000000000233e-05 2.009739999999999837e-05 3.350419999999999679e-05 2.575629999999999936e-05 -2.330429999999999980e-05 6.348139999999999838e-05 -3.015719999999999986e-05 9.154679999999999567e-05 2.106610000000000147e-05 2.010150000000000058e-05 -1.833210000000000021e-05 -3.704899999999999883e-06 -1.077000000000000022e-06 -9.334700000000000598e-06 -5.526099999999999827e-05 -2.571980000000000064e-05 5.719539999999999791e-05 -2.921940000000000014e-05 -5.198360000000000150e-05 -3.169240000000000170e-05 6.674999999999999619e-07 1.819150000000000023e-05 1.714369999999999986e-05 6.631300000000000020e-05 1.226350000000000041e-05 -3.317969999999999676e-05 -2.425780000000000007e-05 8.038100000000000171e-06 -4.903459999999999975e-05 1.600050000000000037e-05 -2.005240000000000134e-05 -2.474630000000000056e-05 -2.009449999999999878e-05 -4.173999999999999678e-05 9.985200000000000553e-06 4.355010000000000169e-05 -2.425790000000000029e-05 3.103720000000000160e-05 6.851629999999999992e-05 3.366700000000000140e-05 -1.481470000000000065e-05 -7.574000000000000456e-07 -4.676670000000000067e-05 -4.008650000000000321e-05 -5.817469999999999716e-05 -2.867029999999999891e-05 -7.344400000000000358e-06 7.749009999999999861e-05 -1.457639999999999990e-05 -5.626970000000000100e-05 9.204520000000000431e-05 5.000030000000000305e-05 2.680610000000000073e-05 -9.802689999999999483e-05 1.048900000000000071e-05 3.299099999999999889e-06 7.136639999999999488e-05 3.163090000000000237e-05 4.487260000000000131e-05 2.633640000000000080e-05 -1.282900000000000033e-05
-2.399139999999999869e-05 5.563470000000000047e-04 -4.016020000000000218e-05 0.000000000000000000e+00 1.965419000000000096e-04 -9.078900000000000438e-06 -6.422629999999999865e-05 -4.371978000000000105e-04 -2.488619999999999900e-05 -4.844099999999999920e-06 5.169560000000000019e-05 5.051700000000000270e-06 -2.060469999999999942e-05 -7.102369999999999560e-05 1.269344999999999957e-04 1.536889000000000050e-04 3.979400000000000389e-06 3.394699999999999871e-05 -2.665999999999999970e-06 -8.366059999999999653e-05 -6.033200000000000105e-06 -4.875680000000000048e-05 -5.086150000000000084e-05 1.503759999999999982e-04 -1.192789999999999976e-05 5.176329999999999956e-05 4.750779999999999939e-05 3.229089999999999944e-05 1.996039999999999951e-05 -1.874609999999999997e-05 3.823329999999999866e-05 4.123870000000000210e-05 -5.633480000000000144e-05 4.790450000000000188e-05 5.545899999999999706e-06 9.099499999999999868e-06 -3.694930000000000214e-05 5.359090000000000218e-05 -1.244899999999999931e-06 1.533700000000000029e-06 2.358200000000000139e-06 -2.560749999999999835e-05 4.647249999999999932e-05 -1.146489999999999928e-05 2.957540000000000147e-05 -8.943700000000000445e-06 -4.269879999999999851e-05 -1.476929999999999935e-05 -1.171696999999999973e-04 -1.089970000000000001e-05 -3.194870000000000126e-05 1.668599999999999999e-06 3.254220000000000159e-05 -9.738000000000000616e-06 6.322010000000000140e-05 -1.080570000000000057e-05 -6.026499999999999814e-06 3.296389999999999791e-05 1.384609999999999945e-05 -1.038167999999999985e-04 -6.127020000000000166e-05 -4.916910000000000329e-05 6.882039999999999588e-05 7.493250000000000128e-05 -2.259749999999999837e-05 -4.293000000000000127e-07 -2.152170000000000098e-05 -6.387299999999999815e-06 2.617260000000000078e-05 -1.178639999999999950e-05 -6.664000000000000063e-06 -2.539779999999999932e-05 3.467840000000000327e-05 4.309540000000000077e-05 -2.992570000000000047e-05 4.523770000000000227e-05 -5.756359999999999889e-05 2.975560000000000019e-05 1.981829999999999963e-05 1.157859999999999956e-05 -2.396879999999999996e-05 1.780169999999999932e-05 -3.845600000000000078e-06 -1.303668000000000069e-04 -5.602799999999999957e-06 4.900600000000000141e-06 1.715670000000000126e-05 4.080749999999999851e-05 1.296510000000000060e-05 3.087300000000000070e-06 3.156699999999999778e-05 -4.365580000000000307e-05 1.898209999999999907e-05 -3.285599999999999849e-05 -1.339230000000000051e-05 4.190700000000000382e-06 8.595660000000000301e-05 -4.616300000000000169e-06 1.163298000000000056e-04 9.283199999999999482e-06
1.441849999999999926e-05 1.640430000000000149e-05 2.906990899999999795e-03 -1.965419000000000096e-04 0.000000000000000000e+00 -1.784200999999999962e-04 4.377399999999999797e-06 -7.487389999999999476e-05 2.388890000000000094e-05 2.273533000000000108e-04 -1.092789000000000016e-04 -1.957396999999999989e-04 -1.143839999999999945e-04 7.915490000000000340e-05 -1.802139999999999995e-05 -2.610839999999999892e-05 7.021369999999999489e-05 -3.480959999999999957e-05 -3.676519999999999826e-05 1.110320000000000069e-05 -9.923440000000000657e-05 3.121109999999999667e-05 5.762070000000000213e-05 3.725199999999999926e-06 3.059199999999999865e-06 -5.733500000000000247e-06 -2.502399999999999961e-06 8.095200000000000014e-06 -5.197060000000000010e-05 3.411309999999999701e-05 -3.768490000000000235e-05 -3.630499999999999884e-05 3.843059999999999760e-05 8.389019999999999854e-05 9.795299999999999203e-06 1.140970000000000021e-05 1.648859999999999999e-05 -2.611999999999999831e-07 5.351199999999999689e-06 6.444499999999999877e-06 1.689830000000000048e-05 9.089930000000000568e-05 -5.880849999999999777e-05 -3.721259999999999672e-05 -8.718520000000000002e-05 -1.901299999999999906e-05 1.776939999999999965e-05 7.664670000000000597e-05 -6.074820000000000225e-05 2.305020000000000167e-05 5.284210000000000014e-05 4.995129999999999726e-05 2.826369999999999843e-05 4.546000000000000182e-06 -1.605770000000000043e-05 8.640700000000000127e-06 -4.476909999999999798e-05 2.934800000000000090e-05 -2.152340000000000131e-05 8.919999999999999935e-07 4.492850000000000191e-05 5.063549999999999995e-05 3.086309999999999932e-05 -3.812559999999999967e-05 4.875399999999999942e-06 -3.212079999999999916e-05 1.439830000000000070e-05 3.161039999999999808e-05 -7.632020000000000156e-05 1.018150000000000069e-05 -3.634960000000000177e-05 -3.375199999999999804e-05 2.782539999999999959e-05 -2.124830000000000119e-05 -3.548200000000000181e-06 -4.887120000000000060e-05 3.086559999999999803e-05 -7.981650000000000398e-05 -2.608700000000000112e-06 1.298709999999999971e-05 3.798770000000000223e-05 9.931000000000000293e-06 1.126076999999999959e-04 1.153309999999999974e-05 -9.754930000000000469e-05 -2.032700000000000037e-06 -9.029420000000000024e-05 -6.699700000000000415e-06 1.757370000000000083e-05 3.042100000000000063e-06 -5.158939999999999772e-05 -1.361800000000000074e-05 4.509089999999999886e-05 2.152750000000000014e-05 4.793669999999999794e-05 1.098749999999999941e-05 -4.608499999999999668e-05 1.015996999999999956e-04 1.003269999999999967e-05 5.526800000000000176e-06
-1.758440000000000057e-05 -1.207159999999999975e-05 -7.513980000000000182e-05 9.078900000000000438e-06 1.784200999999999962e-04 0.000000000000000000e+00 4.194504000000000049e-04 5.755699999999999797e-06 8.153366999999999689e-04 1.278506000000000054e-04 -6.300254000000000141e-04 -4.105606999999999941e-04 -4.019418999999999878e-04 1.729583999999999939e-04 -4.139489999999999901e-05 -3.965240000000000003e-05 2.077032999999999939e-04 -8.454800000000000772e-06 -1.055599999999999897e-06 -5.891900000000000289e-06 4.921299999999999790e-06 -3.352440000000000042e-05 -2.067539999999999927e-04 -5.868199999999999991e-06 -2.784100000000000161e-06 -4.716779999999999926e-05 3.160330000000000284e-05 -1.832620000000000082e-05 -7.514300000000000206e-06 8.554200000000000193e-06 2.340269999999999872e-05 4.743750000000000110e-05 2.211200000000000107e-05 6.395090000000000464e-05 -3.526490000000000180e-05 -6.190789999999999726e-05 1.828899999999999972e-06 8.553330000000000319e-05 7.473999999999999931e-06 1.796219999999999889e-05 5.863650000000000009e-05 2.491210000000000158e-05 -4.972009999999999852e-05 3.492069999999999923e-05 -9.797630000000000585e-05 -3.131870000000000221e-05 -1.083730000000000041e-05 1.417699999999999996e-05 1.437209999999999916e-05 -1.700210000000000108e-05 3.780580000000000317e-05 -3.890100000000000244e-06 1.461959999999999975e-05 -1.194389999999999927e-05 -7.416099999999999689e-05 -2.702789999999999918e-05 6.768339999999999643e-05 -5.354639999999999948e-05 8.977819999999999366e-05 3.438629999999999974e-05 4.823500000000000151e-05 1.802379999999999843e-05 6.555230000000000594e-05 2.975300000000000126e-05 -8.955799999999999872e-05 -1.094819999999999963e-05 -3.481000000000000002e-07 -4.301999999999999807e-05 1.186299999999999975e-05 -1.468049999999999946e-05 7.309900000000000096e-06 -7.290300000000000317e-05 -9.160359999999999824e-05 4.581729999999999923e-05 3.440600000000000144e-06 -1.651550000000000137e-05 4.024819999999999863e-05 3.459070000000000070e-05 3.696140000000000157e-05 -1.194120000000000012e-05 4.361499999999999661e-06 2.931360000000000001e-05 3.658959999999999947e-05 -5.035989999999999873e-05 -6.242529999999999336e-05 -1.339189999999999963e-05 2.196769999999999975e-05 -4.339000000000000300e-06 -1.118890000000000057e-05 -2.640930000000000141e-05 -8.885600000000000104e-06 -5.989300000000000407e-06 -2.662560000000000135e-05 5.099289999999999758e-05 4.202370000000000221e-05 3.825590000000000078e-05 3.272279999999999780e-05 -1.223389999999999988e-05 5.870069999999999856e-05 -1.386290000000000071e-05
4.493790000000000219e-05 1.997050000000000133e-05 -1.271625000000000077e-04 6.422629999999999865e-05 -4.377399999999999797e-06 -4.194504000000000049e-04 0.000000000000000000e+00 7.675050000000000318e-05 6.870277000000000155e-04 8.591264000000000149e-04 -5.165920000000000169e-05 -1.693599999999999845e-05 -2.144775000000000078e-04 -3.608769999999999670e-05 -2.842779999999999911e-05 -1.262651000000000051e-04 -6.510929999999999680e-05 1.628884000000000039e-04 -1.109399999999999915e-06 -2.875099999999999967e-05 7.580260000000000502e-05 1.270550000000000058e-05 -9.881399999999999955e-06 -7.616959999999999660e-05 -5.224800000000000357e-06 -1.090009999999999920e-05 1.529849999999999930e-05 -2.551250000000000010e-05 -5.611220000000000124e-05 -5.391999999999999578e-07 2.305160000000000135e-05 -7.966799999999999685e-06 7.663430000000000589e-05 9.019000000000000216e-05 -9.846950000000000310e-05 4.275260000000000128e-05 -2.156109999999999928e-05 -8.552670000000000227e-05 1.328000000000000033e-06 -4.254999999999999919e-07 -7.222900000000000251e-05 6.906790000000000325e-05 -1.717149999999999983e-05 7.321200000000000309e-05 -1.333650000000000013e-05 6.561770000000000027e-05 5.733699999999999839e-06 -3.251359999999999987e-05 8.093370000000000067e-05 -4.684569999999999772e-05 1.140616999999999993e-04 -2.797910000000000119e-05 -8.296339999999999921e-05 -8.609539999999999565e-05 -6.038159999999999800e-05 -9.926849999999999325e-05 3.618439999999999867e-05 -8.702700000000000550e-06 -1.503100000000000059e-06 -2.806270000000000154e-05 -5.537459999999999664e-05 -3.832460000000000234e-05 1.117999000000000000e-04 3.688490000000000323e-05 -1.816199999999999992e-05 4.432520000000000042e-05 -3.818590000000000314e-05 1.419999999999999957e-05 6.022999999999999762e-05 -4.439459999999999674e-05 -7.966389999999999463e-05 4.782239999999999804e-05 -1.948640000000000032e-05 -8.720500000000000617e-06 -2.773699999999999803e-06 -2.001810000000000067e-05 3.462150000000000047e-05 8.974999999999999620e-06 -6.847490000000000401e-05 7.231500000000000135e-06 3.741340000000000334e-05 9.799890000000000120e-05 -3.016899999999999863e-06 -8.620639999999999510e-05 -2.216560000000000001e-05 -1.202400000000000041e-05 3.917340000000000004e-05 1.521124000000000109e-04 2.380570000000000147e-05 -2.678819999999999875e-05 -1.562220000000000096e-05 9.741520000000000203e-05 -5.098870000000000193e-05 2.767950000000000155e-05 3.494439999999999699e-05 -3.667559999999999831e-05 -9.496599999999999844e-06 -4.391919999999999787e-05 -9.263299999999999892e-06 -2.204540000000000072e-05
1.201426000000000040e-04 2.156435999999999965e-04 3.753290000000000109e-05 4.371978000000000105e-04 7.487389999999999476e-05 -5.755699999999999797e-06 -7.675050000000000318e-05 0.000000000000000000e+00 -6.552309999999999612e-05 -1.161010999999999987e-04 -3.199580000000000290e-05 -1.451100000000000049e-05 -6.291219999999999712e-05 5.819899999999999962e-06 5.264319999999999769e-05 -3.950762000000000241e-04 7.111939999999999538e-05 -3.901489999999999808e-05 -2.193805000000000115e-04 -2.595800000000000202e-06 4.109100000000000181e-06 4.792511999999999966e-04 -1.459370000000000056e-05 -3.962522000000000006e-04 -1.483630999999999958e-04 -1.777759000000000067e-04 -1.195374000000000051e-04 -7.619930000000000073e-05 -4.696200000000000201e-05 1.709480000000000038e-04 5.691099999999999603e-06 6.233059999999999577e-05 -8.223089999999999903e-05 7.383529999999999423e-05 4.645740000000000010e-05 -5.521000000000000164e-06 1.096321000000000036e-04 1.587354999999999983e-04 -1.520182000000000076e-04 -2.065089999999999908e-05 -3.754610000000000293e-05 2.743700000000000090e-06 1.172769999999999954e-05 -2.085280000000000133e-05 -1.696889999999999944e-05 5.252130000000000145e-05 -3.278040000000000213e-05 4.480979999999999913e-05 1.544290000000000083e-05 4.186419999999999806e-05 8.147489999999999474e-05 -5.015879999999999823e-05 -1.914850000000000140e-05 -3.522220000000000304e-05 1.918789999999999970e-05 1.078570000000000077e-05 3.623560000000000252e-05 1.165509999999999959e-05 -1.211830000000000051e-05 -4.891510000000000199e-05 -3.673910000000000202e-05 -5.026039999999999740e-05 8.625200000000000022e-06 -1.361159000000000023e-04 -9.634589999999999517e-05 -1.627989999999999976e-05 1.033145000000000016e-04 3.970699999999999947e-06 -1.362349999999999924e-05 7.498700000000000558e-05 5.306339999999999749e-05 5.922019999999999926e-05 6.165759999999999730e-05 -4.743609999999999803e-05 -2.705579999999999937e-05 2.467530000000000073e-05 4.333479999999999716e-05 -2.049730000000000109e-05 -1.106140000000000052e-05 -3.234199999999999884e-06 -1.232670000000000007e-05 2.579009999999999894e-05 9.628999999999999203e-07 -1.898940000000000152e-05 1.242689999999999955e-05 -6.381000000000000401e-06 7.723499999999999829e-06 1.357700000000000062e-05 -5.928930000000000170e-05 -6.282599999999999784e-06 -6.137900000000000136e-06 -3.962619999999999679e-05 4.704300000000000004e-06 4.298430000000000111e-05 -4.356599999999999928e-06 -2.944800000000000164e-06 2.854450000000000089e-05 3.385079999999999784e-05 4.009389999999999910e-05 9.492799999999999982e-06
5.858989999999999955e-05 4.271709999999999798e-05 2.100357999999999923e-04 2.488619999999999900e-05 -2.388890000000000094e-05 -8.153366999999999689e-04 -6.870277000000000155e-04 6.552309999999999612e-05 0.000000000000000000e+00 -1.818638999999999933e-03 8.171979999999999641e-05 -2.095413000000000126e-04 -6.391122000000000166e-04 7.614929999999999952e-05 -5.095780000000000193e-05 -1.630259999999999872e-05 -1.948196000000000075e-04 2.028110000000000137e-05 4.603150000000000134e-05 2.739500000000000198e-06 1.528351999999999966e-04 -3.877620000000000323e-05 3.208166000000000143e-04 1.136483000000000008e-04 4.388800000000000230e-06 2.679499999999999926e-06 -7.541000000000000094e-07 1.316609999999999919e-05 5.174069999999999744e-05 3.912309999999999817e-05 1.939799999999999961e-05 1.614753000000000022e-04 -7.673910000000000529e-05 7.880359999999999882e-05 -1.064319000000000067e-04 -4.532919999999999961e-05 -5.660320000000000043e-05 -1.703999999999999906e-07 -1.119009000000000046e-04 -1.399027999999999914e-04 3.840160000000000177e-05 -4.863660000000000119e-05 1.087549999999999947e-05 5.051729999999999827e-05 1.603099999999999949e-06 3.999739999999999757e-05 4.637760000000000130e-05 9.771599999999999752e-06 3.275469999999999998e-05 5.844159999999999964e-05 -7.595699999999999968e-06 1.548569999999999981e-05 -8.410999999999999599e-06 5.432050000000000279e-05 -6.422469999999999514e-05 -6.192549999999999520e-05 -2.625290000000000067e-05 -5.473899999999999887e-05 -2.098289999999999861e-05 1.146129999999999985e-05 3.915800000000000015e-05 5.975789999999999921e-05 -3.346630000000000178e-05 3.524739999999999731e-05 -2.843300000000000035e-05 -5.663600000000000290e-06 1.764279999999999988e-05 1.759710000000000132e-05 1.888600000000000010e-06 3.315899999999999881e-06 4.804809999999999827e-05 -2.001700000000000164e-05 -3.469620000000000164e-05 3.195069999999999887e-05 4.412820000000000213e-05 1.635719999999999985e-05 1.329400000000000011e-05 -3.764400000000000076e-05 2.734880000000000148e-05 -1.189759000000000004e-04 5.370120000000000010e-05 -7.710109999999999945e-05 4.264579999999999749e-05 -1.390339999999999973e-05 -1.965309999999999993e-05 -1.490089999999999992e-05 4.628339999999999803e-05 -2.234600000000000171e-06 -3.418099999999999935e-06 -4.925240000000000298e-05 -1.069600000000000102e-06 -3.250840000000000202e-05 -1.359749999999999983e-05 -1.040250000000000078e-05 -3.729029999999999769e-05 -4.334829999999999966e-05 8.544100000000000070e-06 5.777740000000000013e-05 -2.315360000000000139e-05 3.982789999999999860e-05
1.529790000000000137e-05 -5.647199999999999905e-06 2.207222000000000058e-04 4.844099999999999920e-06 -2.273533000000000108e-04 -1.278506000000000054e-04 -8.591264000000000149e-04 1.161010999999999987e-04 1.818638999999999933e-03 0.000000000000000000e+00 -1.542023800000000061e-03 -3.374885999999999793e-04 3.170000000000000142e-06 8.987799999999999566e-05 -1.991910000000000043e-05 -3.700710000000000013e-05 6.260469999999999371e-05 -1.125206999999999949e-04 -1.850279999999999842e-05 -7.841620000000000318e-05 2.740845000000000217e-04 -2.363129999999999853e-05 -7.238800000000000048e-06 -6.516150000000000284e-05 1.395519999999999981e-05 -7.545000000000000394e-07 -1.520460000000000008e-05 -3.329590000000000083e-05 -6.536300000000000421e-05 -2.943130000000000060e-05 1.773110000000000037e-05 -2.217607999999999927e-04 -6.601199999999999580e-06 5.024680000000000146e-05 8.176600000000000624e-06 6.845360000000000474e-05 7.335489999999999795e-05 5.711910000000000002e-05 1.230290000000000040e-05 -9.030929999999999947e-05 -5.841420000000000054e-05 -1.589359999999999975e-05 -4.880899999999999974e-05 -9.540800000000000539e-05 5.596120000000000217e-05 -6.251059999999999744e-05 3.731360000000000135e-05 -7.577600000000000091e-06 -4.125199999999999908e-06 7.992759999999999687e-05 1.097839999999999979e-05 -2.891390000000000111e-05 4.299700000000000185e-05 -8.254679999999999375e-05 -5.090799999999999607e-06 2.737059999999999846e-05 -2.639700000000000154e-05 -5.397740000000000263e-05 -1.282949999999999973e-05 6.947510000000000165e-05 -9.113600000000000292e-06 1.272519999999999973e-05 -5.222110000000000049e-05 -1.175249999999999971e-05 7.587270000000000288e-05 3.798029999999999955e-05 7.952199999999999858e-06 3.531029999999999971e-05 3.671919999999999904e-05 -2.931220000000000033e-05 -2.599499999999999845e-06 -2.076989999999999913e-05 -2.367260000000000100e-05 -5.437729999999999859e-05 -8.849800000000000548e-05 -2.927789999999999966e-05 -5.825900000000000413e-06 -5.170729999999999874e-05 1.323940000000000067e-05 4.202070000000000241e-05 6.015150000000000168e-05 -9.523399999999999316e-06 -2.732060000000000063e-05 -2.082369999999999851e-05 6.763099999999999673e-06 1.216729999999999953e-05 -3.911000000000000015e-07 6.428000000000000120e-05 -3.390150000000000059e-05 5.113650000000000075e-05 5.189799999999999845e-06 2.888649999999999863e-05 -3.263079999999999936e-05 4.142489999999999703e-05 -1.634100000000000160e-05 -1.272888999999999867e-04 -1.187170000000000019e-05 1.178500000000000024e-06 -3.221540000000000330e-05 1.965749999999999941e-05
-5.849899999999999675e-06 -9.803600000000000462e-06 6.769090000000000610e-05 -5.169560000000000019e-05 1.092789000000000016e-04 6.300254000000000141e-04 5.165920000000000169e-05 3.199580000000000290e-05 -8.171979999999999641e-05 1.542023800000000061e-03 0.000000000000000000e+00 -3.535949999999999944e-03 -1.045584399999999929e-03 7.930886000000000489e-04 -3.867320000000000100e-05 1.026160000000000014e-05 3.539982000000000220e-04 -5.878335000000000157e-04 7.974779999999999564e-05 -7.573700000000000010e-06 -1.934306000000000111e-04 5.277099999999999840e-06 -2.129158999999999989e-04 -2.174280000000000128e-05 4.313449999999999842e-05 -1.057092000000000009e-04 -1.245750000000000058e-05 -4.955720000000000047e-05 2.220500000000000170e-06 3.294710000000000173e-05 3.183559999999999721e-05 4.576660000000000325e-05 -6.539209999999999348e-05 -7.134999999999999958e-05 8.561200000000000635e-05 -1.126159999999999938e-04 7.855969999999999934e-05 9.023400000000000377e-05 8.624040000000000189e-05 3.081300000000000043e-06 6.547150000000000495e-05 -3.813310000000000256e-05 2.400180000000000117e-05 5.027259999999999704e-05 6.074339999999999850e-05 2.091910000000000102e-05 -9.121359999999999689e-05 5.849430000000000000e-05 -1.554550999999999882e-04 7.325389999999999333e-05 -1.233225999999999973e-04 1.092820999999999951e-04 -3.963599999999999625e-06 -6.517720000000000338e-05 -1.205299999999999997e-04 1.665750000000000103e-05 5.225870000000000162e-05 1.222199999999999919e-06 -4.618200000000000100e-06 5.699839999999999963e-05 -1.049388999999999991e-04 4.051100000000000058e-06 -3.688209999999999709e-05 -4.369319999999999698e-05 -4.193189999999999743e-05 -1.731023000000000045e-04 -1.934790000000000156e-05 4.160779999999999828e-05 -4.981690000000000071e-05 -1.984540000000000146e-05 5.008100000000000382e-06 1.041139999999999996e-05 -3.946080000000000003e-05 -9.515300000000000190e-06 1.663309999999999835e-05 -2.933039999999999958e-05 3.589309999999999690e-05 1.823800000000000055e-05 -5.284000000000000231e-05 -2.525930000000000056e-05 -5.022199999999999959e-06 -3.213420000000000143e-05 -8.920929999999999984e-05 -5.808549999999999808e-05 7.980620000000000173e-05 -6.198900000000000569e-05 9.635760000000000050e-05 7.840889999999999394e-05 1.311749999999999935e-05 -2.638199999999999999e-06 5.846700000000000112e-05 -3.515380000000000214e-05 1.191245000000000010e-04 1.071920000000000064e-05 -6.971289999999999453e-05 2.862780000000000058e-05 9.426700000000000734e-06 -7.353659999999999656e-05 9.809800000000000505e-06 1.075599999999999917e-06
-2.347419999999999965e-05 6.016350000000000089e-05 1.249729000000000042e-04 -5.051700000000000270e-06 1.957396999999999989e-04 4.105606999999999941e-04 1.693599999999999845e-05 1.451100000000000049e-05 2.095413000000000126e-04 3.374885999999999793e-04 3.535949999999999944e-03 0.000000000000000000e+00 -2.781765800000000118e-03 1.661657800000000034e-03 -1.417200999999999986e-04 5.452070000000000131e-05 -7.358895000000000497e-04 3.337079000000000174e-04 5.859370000000000111e-05 1.943169999999999896e-05 -1.461141000000000111e-04 -8.405000000000000419e-07 2.959142000000000001e-04 -4.843729999999999786e-05 -2.418809999999999970e-05 -5.077260000000000242e-05 4.638889999999999897e-05 -4.988220000000000159e-05 -1.863448999999999986e-04 -3.440999999999999750e-05 -2.984619999999999895e-05 -1.067426000000000036e-04 -3.634399999999999880e-06 1.464926999999999874e-04 1.815843000000000090e-04 1.990789999999999959e-05 9.128270000000000611e-05 2.541809999999999979e-05 -4.343530000000000069e-05 -2.832470000000000005e-05 -3.100799999999999856e-05 3.662500000000000086e-06 -1.865370000000000065e-05 3.879110000000000202e-05 -4.215800000000000362e-06 -1.125908999999999997e-04 6.299500000000000419e-06 2.180599999999999925e-06 4.000910000000000290e-05 5.388299999999999893e-05 1.700230000000000152e-05 1.676527000000000084e-04 5.196399999999999918e-06 -2.323860000000000143e-05 7.314590000000000046e-05 -2.125405000000000024e-04 5.013530000000000091e-05 -2.087710000000000040e-05 -1.830430000000000024e-05 5.822199999999999923e-05 1.013350000000000047e-04 1.076950000000000082e-05 -4.051800000000000068e-05 1.840990000000000139e-05 -1.699789999999999865e-05 -1.442079999999999922e-05 4.710939999999999995e-05 9.133000000000000479e-06 -8.942599999999999727e-06 5.757939999999999966e-05 -2.933199999999999970e-05 -2.969240000000000052e-05 5.185929999999999999e-05 -9.729269999999999770e-05 7.149700000000000342e-06 -6.964729999999999977e-05 -1.428210000000000002e-05 1.630409999999999862e-05 -4.479939999999999666e-05 6.050559999999999885e-05 9.522700000000000153e-05 -5.327199999999999580e-06 -2.326130000000000038e-05 5.815599999999999851e-06 3.122669999999999699e-05 3.195659999999999826e-05 -5.995370000000000164e-05 2.672560000000000040e-05 1.097664000000000067e-04 1.746530000000000031e-05 6.155959999999999926e-05 -3.437289999999999747e-05 -4.097469999999999921e-05 5.683329999999999676e-05 -5.971299999999999902e-06 -3.228290000000000223e-05 4.297999999999999973e-07 5.845049999999999882e-05 1.124499999999999991e-06 -2.839819999999999858e-05
4.900300000000000330e-06 -3.591200000000000023e-06 2.945659999999999847e-05 2.060469999999999942e-05 1.143839999999999945e-04 4.019418999999999878e-04 2.144775000000000078e-04 6.291219999999999712e-05 6.391122000000000166e-04 -3.170000000000000142e-06 1.045584399999999929e-03 2.781765800000000118e-03 0.000000000000000000e+00 9.438922999999999888e-04 -2.181220000000000099e-05 9.120250000000000644e-05 -7.429701999999999834e-04 8.985631999999999691e-04 4.412740000000000038e-05 3.657349999999999805e-05 -3.095168000000000246e-04 -4.305920000000000271e-05 2.276450000000000066e-04 -2.591730000000000002e-05 2.641040000000000043e-05 -3.593610000000000310e-05 -2.777700000000000104e-06 -1.012539999999999965e-05 -7.514529999999999355e-05 6.512430000000000259e-05 1.160699999999999915e-05 -1.191462999999999946e-04 -1.514140000000000042e-05 -5.667740000000000050e-05 -4.383740000000000146e-05 -8.350639999999999723e-05 1.013441999999999978e-04 5.945630000000000197e-05 5.702790000000000333e-05 -4.223779999999999733e-05 5.710099999999999760e-06 -3.246999999999999913e-05 -6.912600000000000190e-05 -1.038509999999999989e-05 1.141635999999999991e-04 -7.376189999999999592e-05 -4.763419999999999872e-05 3.999940000000000196e-05 7.125760000000000026e-05 5.142410000000000118e-05 8.226100000000000404e-05 4.975979999999999748e-05 -1.645279999999999941e-05 2.715139999999999893e-05 -7.736900000000000412e-06 1.021915000000000057e-04 -4.635999999999999955e-07 -8.469159999999999395e-05 7.377999999999999495e-07 2.720650000000000116e-05 -7.472200000000000219e-06 1.211980000000000041e-05 1.712260000000000103e-05 1.313340000000000033e-05 1.102964999999999968e-04 1.686959999999999854e-05 -1.084813999999999944e-04 1.776530000000000082e-05 6.578700000000000219e-06 4.826400000000000072e-06 -1.670639999999999983e-05 -4.191790000000000061e-05 3.974820000000000002e-05 -5.460160000000000252e-05 6.920000000000000026e-07 -1.631600000000000099e-05 -1.836820000000000144e-05 4.936900000000000115e-06 1.251390000000000058e-05 1.144996000000000040e-04 9.713909999999999971e-05 1.841639999999999871e-05 -6.907180000000000502e-05 2.189789999999999917e-05 9.337039999999999630e-05 2.779429999999999916e-05 -5.276600000000000268e-05 -2.487960000000000147e-05 3.028800000000000122e-06 -6.422370000000000650e-05 7.107229999999999375e-05 -4.934510000000000296e-05 -2.391040000000000065e-05 6.561979999999999810e-05 -1.382689999999999970e-05 -2.062986999999999905e-04 -1.398720000000000052e-05 -2.343650000000000168e-05 -2.846430000000000122e-05 -2.452449999999999872e-05
1.759710000000000132e-05 1.160889999999999993e-05 -1.870397000000000043e-04 7.102369999999999560e-05 -7.915490000000000340e-05 -1.729583999999999939e-04 3.608769999999999670e-05 -5.819899999999999962e-06 -7.614929999999999952e-05 -8.987799999999999566e-05 -7.930886000000000489e-04 -1.661657800000000034e-03 -9.438922999999999888e-04 0.000000000000000000e+00 -2.394430000000000045e-05 -1.225890999999999949e-04 7.824791999999999468e-04 1.050084699999999979e-03 2.179020000000000018e-05 2.099269999999999977e-05 -1.679949999999999933e-04 -2.584299999999999973e-05 4.217245999999999907e-04 1.529859999999999952e-05 4.024060000000000229e-05 2.904269999999999893e-05 -6.999999999999999609e-10 1.721700000000000135e-05 -1.544321000000000083e-04 -2.690950000000000045e-05 -2.371669999999999944e-05 -6.683739999999999809e-05 1.223650000000000050e-05 -1.008299999999999952e-04 -1.597629999999999949e-04 -2.624589999999999887e-05 9.985499999999999517e-06 -1.820407000000000069e-04 5.504030000000000223e-05 1.611197000000000085e-04 7.457829999999999711e-05 8.558379999999999872e-05 5.525549999999999977e-05 -5.642959999999999925e-05 -2.154299999999999855e-06 -1.055260999999999992e-04 -8.352399999999999855e-06 7.349629999999999629e-05 5.113299999999999816e-06 1.780380000000000054e-05 2.792640000000000083e-05 -3.187379999999999966e-05 -4.083149999999999692e-05 -3.965950000000000204e-05 -1.210510000000000037e-05 -5.241519999999999919e-05 1.347660000000000070e-05 2.910530000000000067e-05 3.795040000000000175e-05 -2.996549999999999965e-05 4.777100000000000392e-06 4.758519999999999970e-05 -1.096976999999999984e-04 2.444259999999999871e-05 -4.714760000000000240e-05 3.377870000000000238e-05 -6.115699999999999739e-06 6.803459999999999402e-05 7.680539999999999481e-05 -1.771620000000000158e-05 -6.186870000000000618e-05 3.451529999999999800e-05 1.009896999999999997e-04 6.875339999999999804e-05 -2.350939999999999890e-05 1.048640000000000009e-05 -8.756700000000000372e-06 -1.886840000000000048e-05 -6.755660000000000300e-05 8.122849999999999656e-05 -3.633489999999999664e-05 -2.629590000000000009e-05 -7.811000000000000262e-06 3.867070000000000229e-05 -7.930810000000000051e-05 -1.599069999999999921e-05 1.680489999999999897e-05 -1.899850000000000115e-05 -9.350860000000000118e-05 -2.009360000000000020e-05 -8.951099999999999731e-06 -2.371059999999999962e-05 -1.143760000000000040e-05 1.868719999999999957e-05 -3.692370000000000022e-05 3.694689999999999688e-05 2.720369999999999841e-05 3.789299999999999871e-06 -2.114600000000000049e-06 2.728779999999999986e-05
-5.825499999999999705e-05 -2.549809999999999902e-05 -4.895860000000000251e-05 -1.269344999999999957e-04 1.802139999999999995e-05 4.139489999999999901e-05 2.842779999999999911e-05 -5.264319999999999769e-05 5.095780000000000193e-05 1.991910000000000043e-05 3.867320000000000100e-05 1.417200999999999986e-04 2.181220000000000099e-05 2.394430000000000045e-05 0.000000000000000000e+00 1.776879999999999833e-05 -6.544690000000000522e-05 1.110930000000000051e-05 -3.679395000000000235e-04 5.396751000000000196e-04 5.127950000000000260e-05 3.434773999999999922e-04 4.207570000000000103e-05 1.667755999999999893e-04 -3.803426000000000268e-04 -5.165719999999999730e-05 2.505858999999999821e-04 3.835905000000000131e-04 7.583639999999999782e-05 -8.918670000000000449e-05 3.178810999999999811e-04 2.702240000000000067e-05 4.353039999999999915e-05 9.002369999999999665e-05 8.707799999999999875e-06 -4.617899999999999951e-05 -1.023419999999999935e-05 4.065579999999999791e-05 4.178779999999999994e-05 -1.224870000000000014e-05 -3.868299999999999877e-06 5.440819999999999858e-05 -1.277937999999999893e-04 -4.372749999999999765e-05 6.810040000000000277e-05 6.701400000000000585e-05 -4.662180000000000143e-05 -1.729969999999999972e-05 -2.338660000000000069e-05 7.383569999999999511e-05 5.233419999999999777e-05 -2.257360000000000017e-05 3.695329999999999736e-05 -2.419209999999999831e-05 1.093611000000000057e-04 5.327989999999999788e-05 5.646710000000000016e-05 3.647280000000000086e-05 4.112070000000000086e-05 2.242680000000000015e-05 -3.025000000000000006e-05 -1.819129999999999979e-05 -2.252600000000000083e-05 5.370279999999999683e-05 -6.373089999999999658e-05 -4.538179999999999975e-05 2.485640000000000142e-05 8.825500000000000459e-06 -2.860190000000000139e-05 1.189930999999999975e-04 8.593240000000000416e-05 -9.179799999999999760e-06 -2.516499999999999962e-06 1.068399999999999969e-05 5.977380000000000020e-05 1.450599999999999969e-05 -5.759530000000000064e-05 3.241769999999999965e-05 -8.347370000000000007e-05 4.507400000000000246e-05 1.686100000000000001e-05 5.117249999999999837e-05 -8.265400000000000519e-06 -5.855720000000000239e-05 -3.284470000000000082e-05 -4.827109999999999935e-05 -4.529280000000000111e-05 1.154549999999999983e-05 -1.614299999999999943e-06 1.642570000000000098e-05 2.400539999999999890e-05 5.259069999999999777e-05 1.094569999999999923e-05 5.566599999999999863e-05 -3.642330000000000074e-05 5.660599999999999980e-05 2.788500000000000068e-06 -3.035660000000000002e-05 -5.815679999999999857e-05 -2.543159999999999890e-05
