   0.0000000000   -0.0008225969   -0.0000435965   -0.0003604741    0.0019374978   -0.0004709720    0.0001023836    0.0003901308    0.0000442227    0.0000681369   -0.0001883917   -0.0001141654    0.0001152900    0.0000037668   -0.0000561405   -0.0000271938    0.0002515932    0.0001333339   -0.0000484782   -0.0000529595    0.0001285565    0.0000747555   -0.0000245044    0.0000303123    0.0000517291   -0.0001703405   -0.0001346054    0.0000494984    0.0000251571    0.0000368456    0.0000569497    0.0000040551    0.0000676849    0.0000912118    0.0000071778   -0.0000195999   -0.0000190611   -0.0000861404    0.0000219276    0.0000058726    0.0000020066   -0.0000327775    0.0001050222    0.0000153899    0.0000343687   -0.0000302079   -0.0000168091    0.0000015431   -0.0000504634   -0.0000266837   -0.0000130335    0.0000452715   -0.0000033335    0.0000530403    0.0000044428    0.0000413393   -0.0000121310   -0.0000146916   -0.0000663671    0.0000083825    0.0000311428    0.0000563080    0.0000010542   -0.0000356601   -0.0000076328   -0.0000145483    0.0000459984    0.0000155516   -0.0000169598   -0.0000225060   -0.0000606217   -0.0000263603    0.0000115349   -0.0000659841    0.0000064752    0.0000332603    0.0000186422   -0.0000058038   -0.0000176801   -0.0000025284   -0.0000085273    0.0000287909    0.0000153428   -0.0000186407   -0.0000164439   -0.0000242075   -0.0000281059   -0.0000181571    0.0000186870   -0.0000215498   -0.0000058614   -0.0000044503    0.0000150812   -0.0000162506    0.0000457353   -0.0000087824   -0.0000221157    0.0000055973    0.0000358541    0.0000026160    0.0000220930   -0.0000152282   -0.0000010195   -0.0000262280    0.0000188671   -0.0000167312   -0.0000054071    0.0000166680    0.0000139214   -0.0000456316    0.0000037461   -0.0000221055    0.0000178977    0.0000113967    0.0000364399   -0.0000448217    0.0000108844   -0.0000163659   -0.0000299874   -0.0000084171   -0.0000019619   -0.0000239098    0.0000186172   -0.0000360511    0.0000074197    0.0000022378   -0.0000176808    0.0000208788   -0.0000022499   -0.0000042168   -0.0000256635    0.0000279574    0.0000122559   -0.0000126675   -0.0000118869    0.0000202423    0.0000003240   -0.0000000426    0.0000120405    0.0000419758    0.0000302006   -0.0000044594   -0.0000105088   -0.0000056895    0.0000010094    0.0000083833   -0.0000000846   -0.0000043599   -0.0000146446   -0.0000183960    0.0000105478    0.0000039535 
   0.0008225969    0.0000000000   -0.0034858204    0.0009319629    0.0003540283    0.0001047797   -0.0007619605   -0.0005781771    0.0000042616   -0.0000856039    0.0001256533    0.0003724397    0.0001632405    0.0000173178   -0.0000750642   -0.0000621034    0.0000389330    0.0000247757   -0.0000074844   -0.0000802899   -0.0001028908   -0.0001844375    0.0002941783    0.0000479623   -0.0000048748    0.0000125830    0.0001348553    0.0001285050    0.0000369830   -0.0000596589    0.0001099907   -0.0000302263   -0.0000072175   -0.0001071978    0.0000400097   -0.0000626767    0.0000063095   -0.0000260516   -0.0000256768    0.0000426447   -0.0000144506    0.0001302911    0.0000195286   -0.0001460639    0.0000130078   -0.0000427402    0.0000192449   -0.0001309746   -0.0000101274    0.0000172656   -0.0000006447    0.0000578949    0.0000105551   -0.0000145961    0.0000276318   -0.0000111189    0.0000854716   -0.0000730871   -0.0000189619    0.0000379790    0.0000108793    0.0000104772    0.0000240083    0.0000233520   -0.0000105125    0.0000178021    0.0000112365    0.0000181703    0.0000183989   -0.0000183783   -0.0000196565    0.0000386522   -0.0000095982    0.0000004567    0.0000733561    0.0000294186    0.0000006080    0.0000348523   -0.0000297449   -0.0000209118    0.0000038504    0.0000150128   -0.0000032500    0.0000428931   -0.0000273628    0.0000007373    0.0000265609    0.0000093659    0.0000143124   -0.0000598007    0.0000703683    0.0000384229    0.0000044806   -0.0000324915    0.0000086758   -0.0000026445    0.0000070703   -0.0000167746    0.0000334382   -0.0000225656   -0.0000022241   -0.0000272753   -0.0000176992    0.0000253754   -0.0000145380    0.0000056562    0.0000104861   -0.0000097643   -0.0000181711   -0.0000271622    0.0000065414   -0.0000073778    0.0000010659   -0.0000362782   -0.0000005603    0.0000025542    0.0000202040    0.0000195426    0.0000114717    0.0000032414    0.0000465408   -0.0000002847   -0.0000448092   -0.0000188428    0.0000446188    0.0000258561    0.0000157478    0.0000267050   -0.0000176639   -0.0000249352    0.0000006976   -0.0000171406   -0.0000411681    0.0000023839   -0.0000323284   -0.0000030116   -0.0000159860    0.0000278949    0.0000230778    0.0000102942    0.0000051821   -0.0000476999   -0.0000230337   -0.0000501415   -0.0000281029    0.0000283874    0.0000104552    0.0000052733   -0.0000189876    0.0000046542   -0.0000098547   -0.0000121199 
   0.0000435965    0.0034858204    0.0000000000   -0.0005854388   -0.0004310108    0.0004480992   -0.0000400788   -0.0000981501    0.0002105589    0.0000256650    0.0000197866    0.0000032875    0.0004887734   -0.0002428763    0.0000616044    0.0000364098   -0.0001669081   -0.0000417340   -0.0000188509    0.0000263713   -0.0001609400   -0.0000677128   -0.0000750348    0.0001678562   -0.0000969962   -0.0000912780    0.0001665259   -0.0000862507   -0.0000250902    0.0000442726   -0.0000981501    0.0000446835    0.0000246331   -0.0000173905    0.0000113783    0.0001089323    0.0000324041   -0.0001274173   -0.0000334103    0.0000769237   -0.0000239745    0.0000252710    0.0000120354    0.0000217505   -0.0000591782   -0.0000451510    0.0000402677    0.0000214212   -0.0000079445    0.0000087757    0.0000512249    0.0000081231    0.0000036921   -0.0000474177    0.0000237224    0.0000053612   -0.0000061852    0.0000176316   -0.0000081591    0.0000000323    0.0000317382   -0.0000222620    0.0000078702   -0.0000432929   -0.0000014847    0.0000178293   -0.0000668455   -0.0000059249    0.0000531976   -0.0000051872   -0.0000169363    0.0000095085   -0.0000260913    0.0000153664    0.0000042628    0.0000256768   -0.0000364472    0.0000289313   -0.0000169833   -0.0000554599   -0.0000299154   -0.0000225597    0.0000330104   -0.0000004304   -0.0000001596   -0.0000034250   -0.0000104412   -0.0000008985    0.0000576024    0.0000120516   -0.0000192934    0.0000155185    0.0000239789   -0.0000457235    0.0000300404    0.0000198329   -0.0000924833   -0.0000393563   -0.0000103655   -0.0000294840   -0.0000141676   -0.0000169517   -0.0000095269    0.0000392953    0.0000073734   -0.0000222135   -0.0000259428   -0.0000299522   -0.0000435546    0.0000011937   -0.0000078923   -0.0000146512    0.0000155942    0.0000160146    0.0000109101    0.0000108396    0.0000141639   -0.0000166835   -0.0000205612   -0.0000195844   -0.0000066986    0.0000130460    0.0000214763   -0.0000178440   -0.0000233968   -0.0000136428    0.0000060919    0.0000139361   -0.0000033034   -0.0000219812   -0.0000214682   -0.0000142661    0.0000408601    0.0000058905   -0.0000002579    0.0000286086   -0.0000023494    0.0000639842   -0.0000027023   -0.0000091903   -0.0000102428    0.0000049085    0.0000226074   -0.0000296126   -0.0000165784    0.0000416127    0.0000030412   -0.0000085883    0.0000144925    0.0000024786    0.0000427424   -0.0000064441 
   0.0003604741   -0.0009319629    0.0005854388    0.0000000000    0.0048432669    0.0005764940    0.0006765330   -0.0001129307   -0.0000364450   -0.0001273658   -0.0001448511   -0.0003010946    0.0002586417   -0.0000847439   -0.0000020979   -0.0000401391    0.0000077887   -0.0000189075   -0.0001168922   -0.0002341593   -0.0000017400    0.0001416613    0.0000809955    0.0000875075    0.0000030225   -0.0000347097   -0.0000311583    0.0000793565   -0.0000533350   -0.0000107110    0.0000623790    0.0000134716   -0.0000257275   -0.0000406822    0.0000041240    0.0000317926   -0.0000773279    0.0000650456    0.0000876251    0.0000130534   -0.0000243134   -0.0000110483   -0.0000535893   -0.0000278677    0.0000223546    0.0000295060    0.0000066369   -0.0000343584    0.0000288688    0.0000090109    0.0000143264   -0.0000064660    0.0000295972   -0.0000157089   -0.0000002601    0.0000165490   -0.0000593178    0.0000145858   -0.0000227023   -0.0000086207   -0.0000282874    0.0000250403   -0.0000083487    0.0000022039   -0.0000454435    0.0000355307    0.0000288313    0.0000311495    0.0000252894    0.0000401288   -0.0000335169   -0.0000432062    0.0000057075    0.0000549182   -0.0000012599   -0.0000278736    0.0000164108   -0.0000207509   -0.0000046223    0.0000161895    0.0000035843   -0.0000229382   -0.0000212984    0.0000525163   -0.0000062578   -0.0000054826    0.0000312068   -0.0000536136    0.0000036605    0.0000031239   -0.0000091631   -0.0000073294    0.0000188620   -0.0000093850   -0.0000030029   -0.0000179763    0.0000016417    0.0000108874   -0.0000064795    0.0000229654   -0.0000040841    0.0000006465   -0.0000008179    0.0000162667    0.0000150003    0.0000004664    0.0000011469   -0.0000363686   -0.0000463211   -0.0000216703   -0.0000021169   -0.0000045330    0.0000358468   -0.0000039959   -0.0000061417    0.0000092623    0.0000009657   -0.0000038023   -0.0000067456   -0.0000013653    0.0000537025    0.0000042299   -0.0000143249   -0.0000363818   -0.0000229477   -0.0000245463   -0.0000295156    0.0000123176    0.0000145961   -0.0000089448    0.0000037964    0.0000221047   -0.0000264632   -0.0000286211    0.0000045403    0.0000270357   -0.0000125058    0.0000292797    0.0000022966    0.0000103920    0.0000244714    0.0000159786   -0.0000013599   -0.0000054967    0.0000036326    0.0000064528   -0.0000035060    0.0000205436    0.0000169223   -0.0000101774   -0.0000000800   -0.0000086912 
  -0.0019374978   -0.0003540283    0.0004310108   -0.0048432669    0.0000000000   -0.0008211269   -0.0000678540    0.0006969877    0.0000375791    0.0004041397    0.0001477984    0.0000956658    0.0000362547    0.0000490126    0.0000343261   -0.0000995025   -0.0000136281    0.0001487245    0.0001164586   -0.0000139787   -0.0000508008   -0.0000017568   -0.0000165343   -0.0000555121    0.0000294450    0.0001983582   -0.0000394269    0.0000272224   -0.0000558421   -0.0000443116    0.0000596287    0.0001130115   -0.0000428938   -0.0000418707    0.0000031763   -0.0000178300   -0.0000363289    0.0000190700    0.0001030451   -0.0000555870   -0.0000285285    0.0000356417   -0.0000976136    0.0000159080    0.0000495998    0.0000269226    0.0000071882    0.0000531234   -0.0000109476    0.0000096533   -0.0000018113    0.0000609017    0.0000238760    0.0000267954   -0.0000168812    0.0000071770   -0.0000215755    0.0000300712    0.0000002247   -0.0000117649   -0.0000281287   -0.0000098304   -0.0000041804   -0.0000119347    0.0000229477    0.0000121971   -0.0000193867   -0.0000156824   -0.0000141919   -0.0000294178    0.0000129152    0.0000057067    0.0000122772   -0.0000389440    0.0000097158   -0.0000085685   -0.0000599631   -0.0000444049   -0.0000084421   -0.0000112953   -0.0000125675    0.0000266242    0.0000295332   -0.0000069776   -0.0000243464    0.0000708123   -0.0000040808   -0.0000191052   -0.0000089771   -0.0000092006    0.0000173082   -0.0000213381   -0.0000231668    0.0000141331   -0.0000030619    0.0000112776   -0.0000014608   -0.0000225119   -0.0000272599   -0.0000005741    0.0000158125   -0.0000091631   -0.0000095541    0.0000267822   -0.0000374968    0.0000254261    0.0000079775   -0.0000094784   -0.0000106308    0.0000071283    0.0000345157    0.0000118458    0.0000090866    0.0000125719   -0.0000092035   -0.0000256393   -0.0000130754   -0.0000039139    0.0000185709    0.0000060360    0.0000139331   -0.0000093850   -0.0000052685    0.0000070387    0.0000032003    0.0000042717    0.0000037292   -0.0000298581    0.0000029452   -0.0000107139   -0.0000164982   -0.0000081870    0.0000206311    0.0000635940    0.0000027039    0.0000439728    0.0000071364    0.0000019745    0.0000161815   -0.0000319851   -0.0000132349   -0.0000083333    0.0000029682    0.0000176250   -0.0000051936    0.0000018681   -0.0000247815   -0.0000124676    0.0000127381   -0.0000073668    0.0000168525   -0.0000132864 
   0.0004709720   -0.0001047797   -0.0004480992   -0.0005764940    0.0008211269    0.0000000000   -0.0001795204   -0.0000211728    0.0007406459    0.0006851985    0.0001285932    0.0000399223    0.0001077417    0.0001194133   -0.0001479748    0.0001074918    0.0001175978    0.0002438538   -0.0001123206    0.0000505215    0.0000318323    0.0000590319   -0.0000601498   -0.0000258965    0.0001017221   -0.0000198968    0.0000624893   -0.0000268895   -0.0000650044   -0.0000482416    0.0000761299   -0.0000876618    0.0000874340    0.0000662715   -0.0001367589    0.0000524891    0.0000238047   -0.0000091888   -0.0000665391    0.0000487428    0.0001011635    0.0000170892    0.0000057827    0.0000014707   -0.0000174670    0.0000186665    0.0000290334   -0.0000223112    0.0000713099   -0.0000161528    0.0000138075   -0.0000536724    0.0000033538   -0.0000212749   -0.0000292995   -0.0000146520   -0.0000058872    0.0000152311    0.0000108918    0.0000065547    0.0000017718   -0.0000346958    0.0000451135   -0.0000101619    0.0000417538   -0.0000057428    0.0000043162    0.0000091668   -0.0000005152    0.0000704823   -0.0000041022   -0.0000191023    0.0000513917   -0.0000092189   -0.0000420456    0.0000035642    0.0000312965   -0.0000272548    0.0000484716    0.0000090594   -0.0000462600   -0.0000271445   -0.0000120913   -0.0001050075   -0.0000163564    0.0000026088    0.0000674306    0.0000098466    0.0000133532    0.0000250050    0.0000302403   -0.0000221113    0.0000088683   -0.0000178947   -0.0000021878    0.0000325393   -0.0000009518   -0.0000091138   -0.0000696613   -0.0000060738   -0.0000183445    0.0000317154   -0.0000274003   -0.0000120604   -0.0000045996   -0.0000089727   -0.0000191368   -0.0000188708    0.0000290592    0.0000127858    0.0000145064   -0.0000096239   -0.0000037036    0.0000268895   -0.0000002524    0.0000121802   -0.0000054000    0.0000305482    0.0000034714    0.0000133665   -0.0000349251   -0.0000007141   -0.0000016054   -0.0000503819   -0.0000165960   -0.0000365847   -0.0000175985    0.0000303601    0.0000039223   -0.0000061055    0.0000272915    0.0000005031    0.0000041633    0.0000104919    0.0000422323    0.0000100708   -0.0000127601    0.0000073288   -0.0000065110    0.0000106595    0.0000074101    0.0000304446    0.0000052906   -0.0000105588   -0.0000149041    0.0000041499   -0.0000442815    0.0000043400    0.0000072457   -0.0000027461    0.0000156133    0.0000000860 
  -0.0001023836    0.0007619605    0.0000400788   -0.0006765330    0.0000678540    0.0001795204    0.0000000000   -0.0029128249    0.0007596085    0.0001081459    0.0002387824   -0.0005588176   -0.0001045371    0.0000502709    0.0001645267   -0.0003514705    0.0000393990    0.0000005003   -0.0000849203   -0.0002023638   -0.0001625864   -0.0001270792   -0.0002630296   -0.0000444410    0.0002365407   -0.0000259443    0.0000021861   -0.0001167894    0.0000009357    0.0000048759   -0.0001165542   -0.0000724270   -0.0000125249   -0.0001019573    0.0000248764   -0.0000661855    0.0000156574   -0.0000042493    0.0000126807    0.0000154935    0.0000605225   -0.0000394482   -0.0000446989    0.0000066574    0.0000917851   -0.0000016688    0.0000990762    0.0001419626   -0.0000139155   -0.0001932941   -0.0000067989    0.0000187297    0.0000356233   -0.0000047204   -0.0000204459   -0.0000088220   -0.0000069444    0.0000438824   -0.0000287799    0.0000497667   -0.0000087699    0.0000103846    0.0000038297   -0.0000316419    0.0000155736    0.0000008377   -0.0000041780   -0.0000527529   -0.0000830388    0.0000106073    0.0000069268    0.0000076409    0.0000218262    0.0000053918   -0.0001002889    0.0000036663   -0.0000051714   -0.0000013354    0.0000133297   -0.0000069744   -0.0000299838   -0.0000101480   -0.0000275877   -0.0000250888    0.0000015652   -0.0000004189   -0.0000098150   -0.0000340887   -0.0000125374   -0.0000151591    0.0000196866   -0.0000166864    0.0000057490   -0.0000525170    0.0000259208    0.0000094541    0.0000228566    0.0000160271    0.0000044115   -0.0000517776   -0.0000258127   -0.0000516401   -0.0000052202   -0.0000232770    0.0000001493   -0.0000136766    0.0000145219    0.0000030763    0.0000240363   -0.0000030187   -0.0000094056   -0.0000224700    0.0000037858    0.0000142955   -0.0000169289    0.0000195087   -0.0000301256    0.0000281331    0.0000414216    0.0000343092    0.0000369206    0.0000104581    0.0000180204    0.0000098834    0.0000048195   -0.0000086648    0.0000512852   -0.0000016838    0.0000057344   -0.0000108888   -0.0000078651   -0.0000019856   -0.0000300257   -0.0000237298   -0.0000091528    0.0000047321   -0.0000165357    0.0000178161    0.0000538627    0.0000074057    0.0000025368    0.0000052236    0.0000063630    0.0000082884   -0.0000274143   -0.0000075049   -0.0000147335   -0.0000076152   -0.0000256944    0.0000017951    0.0000028021    0.0000207729 
  -0.0003901308    0.0005781771    0.0000981501    0.0001129307   -0.0006969877    0.0000211728    0.0029128249    0.0000000000    0.0001533108   -0.0004881486    0.0000677070   -0.0001213904   -0.0000189274    0.0000946589   -0.0000945928    0.0000691563   -0.0000881028    0.0003939234   -0.0001386993   -0.0000508662    0.0000050909    0.0000831931    0.0000510838    0.0000545595   -0.0000885732    0.0001232425   -0.0000539179   -0.0000122140   -0.0000105419    0.0001048752    0.0000707175   -0.0000490626    0.0000491485    0.0000122074    0.0000368037   -0.0000103030    0.0000240230   -0.0000410409    0.0001676431   -0.0000764386   -0.0000086853   -0.0000103339    0.0000607011   -0.0000106132   -0.0000104897    0.0000369757    0.0000000394    0.0000420552   -0.0000686389   -0.0000231116   -0.0000483092   -0.0001499519    0.0000040186    0.0000357696   -0.0000615228   -0.0000321439    0.0000287902   -0.0000397121   -0.0000336278   -0.0000484165    0.0000112254   -0.0000062901    0.0000243869    0.0000491412    0.0000229117    0.0000232814   -0.0000132746   -0.0000047796    0.0000302770   -0.0000311480    0.0000211735    0.0000101061   -0.0001011562    0.0000626326   -0.0000072019    0.0000337528   -0.0000210096    0.0000117002    0.0000209956    0.0000136134    0.0000837517    0.0000031721    0.0000059002   -0.0000088882    0.0000035162   -0.0000200622   -0.0000025974   -0.0000073778    0.0000113548   -0.0000267932    0.0000670462   -0.0000063548    0.0000138361    0.0000351235   -0.0000251990    0.0000011070    0.0000064470   -0.0000483290   -0.0000196469    0.0000397223   -0.0000010593   -0.0000237504    0.0000174258    0.0000313766   -0.0000441073   -0.0000147078   -0.0000180469   -0.0000188105    0.0000219416    0.0000072315    0.0000561125    0.0000088316    0.0000083575    0.0000583785   -0.0000303432   -0.0000190626   -0.0000171744    0.0000175111   -0.0000297971   -0.0000068246   -0.0000203283   -0.0000075998   -0.0000007629   -0.0000166092   -0.0000067317    0.0000261633   -0.0000127322   -0.0000083362   -0.0000363649    0.0000175287   -0.0000028376    0.0000276340    0.0000148203   -0.0000089294   -0.0000234056   -0.0000365413    0.0000292988   -0.0000424139   -0.0000005303    0.0000015563   -0.0000141544    0.0000157537   -0.0000068013   -0.0000193287   -0.0000042001    0.0000000159   -0.0000018357    0.0000009959    0.0000105279   -0.0000012619    0.0000013580   -0.0000176911 
  -0.0000442227   -0.0000042616   -0.0002105589    0.0000364450   -0.0000375791   -0.0007406459   -0.0007596085   -0.0001533108    0.0000000000    0.0007089974   -0.0006729389    0.0008151735    0.0000203084   -0.0005584795   -0.0004359205   -0.0000661348    0.0001768010    0.0003077241    0.0000867505    0.0000007790   -0.0000413577   -0.0000190847    0.0000535739    0.0001475485    0.0001818504    0.0000038174    0.0001925003   -0.0000710644    0.0001421464   -0.0000507067    0.0000240590    0.0000739396   -0.0001278288    0.0000829065    0.0000602101   -0.0000874560    0.0000171347   -0.0000350155    0.0000110027    0.0000037928    0.0000250748   -0.0000389447    0.0000343224   -0.0000160007    0.0000066466   -0.0000157464    0.0000513381   -0.0000040015    0.0000382994    0.0000257503    0.0000716707    0.0000403838   -0.0000472111   -0.0000236805    0.0000370102    0.0000009245    0.0000076858   -0.0000057789   -0.0001057278    0.0000122236   -0.0000043807    0.0000168290    0.0000198851   -0.0000390557    0.0000136531   -0.0000342614   -0.0001818577   -0.0000494690    0.0000120545    0.0000248492    0.0000048802   -0.0000011619   -0.0000131298    0.0000264279   -0.0000339373    0.0000689733    0.0000204870   -0.0000178558   -0.0000336139    0.0000002114    0.0000091785    0.0000033632    0.0000510367   -0.0000242803    0.0000111417    0.0000139618   -0.0000219077   -0.0000251013    0.0000020053   -0.0000279229    0.0000111248   -0.0000221892    0.0000522664   -0.0000031983   -0.0000055134   -0.0000327466   -0.0000214197    0.0000147365    0.0000399281    0.0000199880    0.0000602116   -0.0000141088   -0.0000072211    0.0000337682   -0.0000268924   -0.0000083994   -0.0000576303    0.0000124095   -0.0000054906    0.0000059936    0.0000349890   -0.0000155766    0.0000090514    0.0000261449    0.0000575384   -0.0000311311    0.0000445020    0.0000135546   -0.0000014414   -0.0000022632   -0.0000002308   -0.0000274922    0.0000019440    0.0000044234    0.0000241046    0.0000027694    0.0000030219   -0.0000222745   -0.0000015491   -0.0000195977    0.0000202915    0.0000311598    0.0000280339    0.0000167467   -0.0000133091    0.0000118399    0.0000159602   -0.0000087184    0.0000009191    0.0000007532   -0.0000338763   -0.0000022650    0.0000062433    0.0000089999    0.0000011286   -0.0000731841   -0.0000083127    0.0000344069    0.0000092498    0.0000098753    0.0000076078    0.0000340968 
  -0.0000681369    0.0000856039   -0.0000256650    0.0001273658   -0.0004041397   -0.0006851985   -0.0001081459    0.0004881486   -0.0007089974    0.0000000000   -0.0014771758    0.0000338366    0.0001020235    0.0000553761    0.0001418009   -0.0000003098    0.0005198192   -0.0002674616   -0.0003705140   -0.0000091403   -0.0000343988   -0.0000705153   -0.0000235357    0.0000717832   -0.0000832887    0.0000379628   -0.0000196918    0.0001097261    0.0000448092   -0.0001849667   -0.0000574877   -0.0000672814    0.0000602645    0.0000766150   -0.0000945119   -0.0000113879    0.0000077152    0.0000492706    0.0000377636    0.0000307908    0.0001761469   -0.0000138266    0.0000361069   -0.0000220246   -0.0000407910   -0.0000222657    0.0000289982   -0.0000005309    0.0001211772    0.0000342430    0.0000335338    0.0001038021   -0.0000301844   -0.0000289666   -0.0000121508   -0.0000479299    0.0000171391   -0.0000231844    0.0000059934   -0.0000282992   -0.0000069933    0.0000429210    0.0000516703   -0.0000145652    0.0000655770    0.0000435994   -0.0000339409   -0.0000009379    0.0000081334    0.0000141323    0.0000093990   -0.0000060731    0.0000519430   -0.0000458389   -0.0000005474   -0.0000101796    0.0000147960    0.0001041329    0.0000016773    0.0000643415    0.0000537503    0.0000120442   -0.0000064588    0.0000699523   -0.0000002900   -0.0000105573   -0.0000086207    0.0000298816    0.0000448974    0.0000291797   -0.0000022415   -0.0000150650   -0.0000183857    0.0000169150   -0.0000197586    0.0000222694   -0.0000109991   -0.0000162234   -0.0000152128   -0.0000210147   -0.0000127175    0.0000104875   -0.0000157515    0.0000061459   -0.0000139912   -0.0000080988    0.0000078239    0.0000136083    0.0000147056   -0.0000057049    0.0000505722   -0.0000339924    0.0000391344   -0.0000007400   -0.0000011059    0.0000249278   -0.0000067846   -0.0000176955   -0.0000183026   -0.0000053338    0.0000102538    0.0000041347    0.0000074586    0.0000071981   -0.0000429269    0.0000166416   -0.0000008859   -0.0000011877   -0.0000541009    0.0000027592    0.0000000324   -0.0000044379    0.0000053791   -0.0000280427    0.0000127256   -0.0000401156    0.0000084590    0.0000009492   -0.0000120567   -0.0000334992    0.0000026447   -0.0000006793    0.0000107426   -0.0000120538   -0.0000088184   -0.0000024820    0.0000010739    0.0000337609   -0.0000146534   -0.0000070643    0.0000053650   -0.0000039812 
   0.0001883917   -0.0001256533   -0.0000197866    0.0001448511   -0.0001477984   -0.0001285932   -0.0002387824   -0.0000677070    0.0006729389    0.0014771758    0.0000000000   -0.0000630398   -0.0000205480   -0.0005620662   -0.0008181869    0.0004967039   -0.0001276672    0.0002539599   -0.0005291682    0.0001789913    0.0000404118    0.0000830902    0.0000671741    0.0000412107   -0.0000245868   -0.0001027879   -0.0000311076   -0.0001497388    0.0000617396    0.0000736309    0.0000561331    0.0001203614   -0.0000498975    0.0000462093    0.0000780115    0.0000852290    0.0000882278   -0.0000603446    0.0000526434    0.0000368677    0.0000582800    0.0000221018   -0.0000817305    0.0000334169    0.0000442521    0.0000028218    0.0000105838    0.0001365678    0.0000641989   -0.0000513932    0.0000470141    0.0000988851   -0.0000441852    0.0000511235   -0.0000057728    0.0000076681    0.0000291393    0.0000332530   -0.0000964155    0.0000745129    0.0000536070    0.0000167797    0.0000091594   -0.0000266447    0.0000186900   -0.0000291437   -0.0000198851   -0.0000125389   -0.0000349523   -0.0000683559    0.0000176389   -0.0000085339   -0.0000536775    0.0000170436    0.0000166225    0.0000107043    0.0000290775    0.0000081076   -0.0000405727   -0.0000515600    0.0000191324   -0.0000682170   -0.0000102567   -0.0000198829    0.0000015488    0.0000030847   -0.0000174956    0.0000728776   -0.0000166724   -0.0000174677    0.0000435119   -0.0000168400   -0.0000131996   -0.0000297361    0.0000062206   -0.0000745938   -0.0000163226    0.0000258517   -0.0000299331   -0.0000194176   -0.0000117767    0.0000216351   -0.0000079864   -0.0000199887    0.0000083766    0.0000046846    0.0000199181   -0.0000628303    0.0000288335    0.0000105684    0.0000052568    0.0000099657   -0.0000274290    0.0000300110    0.0000096077   -0.0000395606   -0.0000152172   -0.0000122456    0.0000175919   -0.0000211904    0.0000412166    0.0000309348   -0.0000107992    0.0000203878   -0.0000008679   -0.0000081804    0.0000442888   -0.0000169040    0.0000052000    0.0000321527   -0.0000037986    0.0000103824    0.0000094152   -0.0000261589    0.0000024116   -0.0000172384   -0.0000220687    0.0000028254   -0.0000215968   -0.0000009888   -0.0000482805   -0.0000061557    0.0000377416   -0.0000179175   -0.0000149151   -0.0000074123    0.0000152892    0.0000194874   -0.0000241340   -0.0000103405    0.0000045362    0.0000185907 
   0.0001141654   -0.0003724397   -0.0000032875    0.0003010946   -0.0000956658   -0.0000399223    0.0005588176    0.0001213904   -0.0008151735   -0.0000338366    0.0000630398    0.0000000000    0.0049934246    0.0021266099    0.0006330586    0.0000868607   -0.0001033097    0.0002373565   -0.0000576207   -0.0000340431    0.0002380474    0.0003370280    0.0001556187    0.0001818724   -0.0001395739   -0.0000288490    0.0004045219    0.0000881028   -0.0000682214   -0.0000159103    0.0000165438   -0.0000376497   -0.0000629310    0.0001304821    0.0000099921   -0.0000524420   -0.0000401641   -0.0001561405   -0.0000086956   -0.0000298735    0.0000007407   -0.0000142205    0.0000238496    0.0002384296   -0.0000039877    0.0000713701   -0.0000197976    0.0000572091    0.0000496057   -0.0000680333    0.0000718354    0.0000172509    0.0000210338    0.0000395967   -0.0000112130    0.0000836121    0.0000319741   -0.0000100605    0.0000240715    0.0000073837    0.0000294943    0.0000281375    0.0000214285   -0.0000763577   -0.0000221797   -0.0000396268   -0.0000327936    0.0000139706    0.0000103199   -0.0000091109    0.0000544970    0.0000931081    0.0000286020   -0.0000446747   -0.0000229904   -0.0000140529    0.0000205341    0.0000005291   -0.0000225134   -0.0000119413   -0.0000397363    0.0000223825    0.0000354462   -0.0000184496   -0.0000207994    0.0000298302   -0.0000535467    0.0000398473    0.0000500695   -0.0000130600   -0.0000259796    0.0000068598    0.0000437001   -0.0000082385   -0.0000868754   -0.0000241098   -0.0000095379   -0.0000374483    0.0000099951    0.0000095269   -0.0000110718   -0.0000147277    0.0000419817   -0.0000659746    0.0000048881   -0.0000122162   -0.0000010166    0.0000017976    0.0000032676   -0.0000204561   -0.0000023124    0.0000106161    0.0000016733   -0.0000010954   -0.0000317646   -0.0000046829    0.0000067582    0.0000006529   -0.0000198057    0.0000247088    0.0000017895   -0.0000087919    0.0000006656    0.0000001176    0.0000111483    0.0000136899    0.0000038244   -0.0000017255   -0.0000109469   -0.0000416502   -0.0000157581    0.0000148827    0.0000438530    0.0000254489    0.0000021420   -0.0000049002    0.0000031433   -0.0000055720   -0.0000189230    0.0000348112    0.0000045124   -0.0000172781    0.0000177654    0.0000154237    0.0000642738    0.0000649375    0.0000055419   -0.0000740572   -0.0000097224    0.0000263125    0.0000141404    0.0000178719 
  -0.0001152900   -0.0001632405   -0.0004887734   -0.0002586417   -0.0000362547   -0.0001077417    0.0001045371    0.0000189274   -0.0000203084   -0.0001020235    0.0000205480   -0.0049934246    0.0000000000    0.0000079621    0.0000229044    0.0005274851   -0.0000070498    0.0000513138    0.0001766099    0.0001795057    0.0002011878    0.0005302854    0.0002450665    0.0000843470   -0.0000263581   -0.0000179807    0.0000081407    0.0000625922    0.0001723837   -0.0000070506   -0.0000269865    0.0000191464   -0.0000601145    0.0000579831   -0.0000235446   -0.0001969911    0.0000489178   -0.0000221128    0.0000356248   -0.0000008294   -0.0000487039   -0.0000668103    0.0000067690   -0.0000405735    0.0000107205    0.0001635933    0.0001680326   -0.0000787759   -0.0000193426   -0.0001078372   -0.0000017868    0.0000091668   -0.0000444968   -0.0000287549    0.0000009700    0.0000424925   -0.0000351059    0.0000137795    0.0000212926   -0.0001364649   -0.0000116833    0.0000467356   -0.0000165975    0.0000443432   -0.0000392733    0.0000400097    0.0000157397   -0.0000620013    0.0000207391    0.0000181843    0.0000132672    0.0000255136   -0.0000462453    0.0000092983   -0.0000205745   -0.0000364193    0.0000323335   -0.0000401325    0.0000063613    0.0000287674   -0.0000445600   -0.0000046004    0.0000335308    0.0000235387   -0.0000203643   -0.0000105890   -0.0000188384    0.0000129982   -0.0000487862    0.0000022003   -0.0000072609    0.0000351529   -0.0000084082    0.0000127064   -0.0000841633    0.0000031008   -0.0000077864   -0.0000289511    0.0000055272    0.0000435450   -0.0000069920    0.0000230521    0.0000298412   -0.0000105948    0.0000086207    0.0000100847   -0.0000149459    0.0000139427   -0.0000235085    0.0000164637    0.0000181255   -0.0000360290    0.0000159860    0.0000159029   -0.0000354116    0.0000000499   -0.0000190494    0.0000076277    0.0000486958   -0.0000049528   -0.0000161550    0.0000333912    0.0000271673   -0.0000138545    0.0000152451   -0.0000410902    0.0000389954   -0.0000129189   -0.0000279839   -0.0000216843    0.0000301565   -0.0000068535    0.0000070594    0.0000019888    0.0000238209    0.0000082252   -0.0000081098    0.0000270225    0.0000090403    0.0000035736    0.0000225060    0.0000003449    0.0000420324   -0.0000807383   -0.0000120325    0.0000092226   -0.0000085163   -0.0000341034   -0.0000141411    0.0000017807    0.0000257032    0.0000182549 
  -0.0000037668   -0.0000173178    0.0002428763    0.0000847439   -0.0000490126   -0.0001194133   -0.0000502709   -0.0000946589    0.0005584795   -0.0000553761    0.0005620662   -0.0021266099   -0.0000079621    0.0000000000    0.0022813245   -0.0009508520   -0.0001029937    0.0000965258    0.0000429607   -0.0000226530    0.0001873260    0.0004461294    0.0000445314    0.0000437493    0.0000734759    0.0001045077   -0.0000003087    0.0000247110    0.0000363488   -0.0000022836   -0.0001727733    0.0000440852   -0.0000236930    0.0000164674   -0.0000025357    0.0000203128    0.0000041585    0.0001464534   -0.0000350126   -0.0000453700   -0.0000520172   -0.0000031453   -0.0000164005   -0.0000007202    0.0000191567    0.0001039859   -0.0000327260    0.0000005449   -0.0000185121    0.0000106735   -0.0002002397   -0.0000336506    0.0000140574    0.0000158985   -0.0000048981    0.0000129637   -0.0000083215   -0.0000268770    0.0000437449   -0.0000276495    0.0000219291    0.0000505340   -0.0000132004    0.0000382972    0.0000321365   -0.0000835606   -0.0000734406   -0.0000056165    0.0000034389   -0.0000158978   -0.0000023584   -0.0000255202   -0.0000062794   -0.0000180079   -0.0000228985    0.0000011054   -0.0000097173    0.0000141213   -0.0000190692    0.0000134657   -0.0000007974   -0.0000619829    0.0000277083    0.0000244067    0.0000049324   -0.0000384067    0.0000049212   -0.0000271063   -0.0000152341    0.0000083465    0.0000088375   -0.0000144961   -0.0000013438   -0.0000024676   -0.0000353903    0.0000105368   -0.0000233476    0.0000211485    0.0000134988   -0.0000181814    0.0000078173   -0.0000112806    0.0000024991   -0.0000384214    0.0000044173   -0.0000013730    0.0000142764   -0.0000268505   -0.0000046582   -0.0000142712    0.0000248058   -0.0000031511    0.0000313259   -0.0000024608    0.0000106132   -0.0000140235   -0.0000115452    0.0000061623    0.0000120876   -0.0000002485   -0.0000079981   -0.0000010354   -0.0000126822    0.0000063936   -0.0000079584    0.0000122346   -0.0000014459   -0.0000038809   -0.0000037363    0.0000213837   -0.0000185106    0.0000281551   -0.0000448709   -0.0000280633    0.0000278207    0.0000150106    0.0000029001   -0.0000149202    0.0000163726    0.0000331192    0.0000102773   -0.0000129328   -0.0000145351    0.0000054070   -0.0000284506   -0.0000406007   -0.0000084391    0.0000319036    0.0000016505   -0.0000364436   -0.0000083994   -0.0000179373 
   0.0000561405    0.0000750642   -0.0000616044    0.0000020979   -0.0000343261    0.0001479748   -0.0001645267    0.0000945928    0.0004359205   -0.0001418009    0.0008181869   -0.0006330586   -0.0000229044   -0.0022813245    0.0000000000   -0.0011226183    0.0010208227    0.0032815676    0.0002112719    0.0000034592   -0.0000154671    0.0000424264    0.0000016413    0.0001497020    0.0000145968    0.0000390947   -0.0002868358    0.0001656513   -0.0000091991    0.0000026801   -0.0000079503   -0.0000971652   -0.0000336830   -0.0000438184   -0.0000210522   -0.0000070207    0.0000088110   -0.0000033258    0.0000163263    0.0000294487    0.0000780409   -0.0000059901    0.0000079261    0.0000157897    0.0000013992   -0.0000404044    0.0000133033    0.0000676967   -0.0000214307    0.0000655049   -0.0000430702   -0.0000096607   -0.0000369044   -0.0000637814    0.0000279471    0.0000530043   -0.0000012502    0.0000520591    0.0000045586    0.0000345061   -0.0000030392   -0.0000850820   -0.0000046967    0.0000101252   -0.0000184511    0.0000079401   -0.0000292797    0.0000039135    0.0001463579   -0.0000180990    0.0000335220    0.0000224105   -0.0000059260   -0.0000097386    0.0000061999   -0.0000004816    0.0000358857   -0.0000130188    0.0000091543   -0.0000194610   -0.0000446762   -0.0000302094    0.0000593075    0.0000116062    0.0000059929    0.0000306974   -0.0000075887    0.0001437266   -0.0000014960   -0.0000947618    0.0000498343    0.0000153914   -0.0000558068    0.0000129343    0.0000270997    0.0000148702   -0.0000288828   -0.0000136759    0.0000064676    0.0000080481    0.0000154016   -0.0000346502   -0.0000120119   -0.0000278479   -0.0000072382   -0.0000093542    0.0000480483   -0.0000021866   -0.0000352698    0.0000251924   -0.0000522061   -0.0000445086    0.0000154560   -0.0000017369    0.0000011096   -0.0000256003   -0.0000087868    0.0000024549    0.0000489472   -0.0000235607    0.0000299838   -0.0000219526   -0.0000369720   -0.0000243758    0.0000142933    0.0000119479   -0.0000473537   -0.0000069708    0.0000453825   -0.0000203790    0.0000099407   -0.0000012654    0.0000192713   -0.0000282316   -0.0000126322   -0.0000416340    0.0000202239   -0.0000095534   -0.0000091388   -0.0000027577    0.0000166511   -0.0000103045   -0.0000200416   -0.0000100509   -0.0000199982   -0.0000151025   -0.0000082679   -0.0000063302   -0.0000038930    0.0000133635   -0.0000150562    0.0000075799 
   0.0000271938    0.0000621034   -0.0000364098    0.0000401391    0.0000995025   -0.0001074918    0.0003514705   -0.0000691563    0.0000661348    0.0000003098   -0.0004967039   -0.0000868607   -0.0005274851    0.0009508520    0.0011226183    0.0000000000    0.0043204710   -0.0017189864   -0.0008460429   -0.0004298274    0.0001467621   -0.0001286447   -0.0001537886    0.0000112012   -0.0002676821    0.0000557767   -0.0000819216   -0.0000274701    0.0001062570    0.0001618587    0.0001641372    0.0000252505    0.0001211331   -0.0000302903   -0.0000961656    0.0000647038    0.0000363649   -0.0000308371   -0.0001233675   -0.0000898153   -0.0000502900   -0.0000025218   -0.0000388558    0.0000057338    0.0000335580    0.0000005394    0.0000212433    0.0000037490    0.0000403008   -0.0000076703    0.0000722720   -0.0000421544   -0.0000394261   -0.0000264117    0.0000652403   -0.0000183607   -0.0000557730   -0.0000090558    0.0000045975    0.0000065211    0.0000681649   -0.0000297074    0.0000031823   -0.0000283242   -0.0000687036    0.0000154097   -0.0000129365    0.0000249917   -0.0000488002   -0.0000603115    0.0000002718    0.0000738735   -0.0000107323    0.0000545433    0.0000146652    0.0000155597   -0.0000801944   -0.0000174728    0.0000306739    0.0000236026    0.0000118384   -0.0000195536    0.0000330266    0.0000056698   -0.0000609318   -0.0000289033   -0.0000094630   -0.0000845087    0.0000123779    0.0000231028   -0.0000524832   -0.0000208619   -0.0000083215   -0.0000152855    0.0000269769    0.0000012155    0.0000107800   -0.0000169025    0.0000162145    0.0000244596   -0.0000240804   -0.0000040235   -0.0000005360   -0.0000052996    0.0000233902   -0.0000705543   -0.0000251726    0.0000717927   -0.0000236945    0.0000266433   -0.0000228728    0.0000188811   -0.0000064486   -0.0000187907    0.0000198138    0.0000134017    0.0000249396   -0.0000102883   -0.0000330296   -0.0000041009    0.0000017801   -0.0000467694   -0.0000059556    0.0000480762    0.0000408594    0.0000165262   -0.0000039000    0.0000250527    0.0000446240   -0.0000212514   -0.0000380062   -0.0000299066    0.0000072942   -0.0000060696    0.0000066382    0.0000196403   -0.0000331736    0.0000087338   -0.0000194352   -0.0000346032   -0.0000339917   -0.0000036027    0.0000033128    0.0000370889   -0.0000005093    0.0000015384    0.0000226729   -0.0000055441    0.0000339284   -0.0000035824    0.0000041268    0.0000081569 
