  -0.2720772935    0.0000475676   -0.0002060976   -0.0001288578   -0.0002463969   -0.0000863389   -0.0000583329   -0.0001271159    0.0000706741   -0.0002236931   -0.0000876986    0.0001840921    0.0001534431    0.0000138427    0.0000014163    0.0000942106   -0.0002267727    0.0000630435   -0.0001434473    0.0001827544   -0.0000547425    0.0000002654    0.0000437758   -0.0000231410   -0.0000646002   -0.0001036037    0.0000521150   -0.0000546345    0.0000599095    0.0000780409   -0.0000613743    0.0000256650   -0.0000322343    0.0000198851   -0.0000723278    0.0001073668   -0.0000222914   -0.0000027345    0.0000211176   -0.0000207670   -0.0000027040    0.0000140603    0.0000024919   -0.0000309348    0.0000112041    0.0000046720   -0.0000170002    0.0000394622   -0.0000665927   -0.0000170436    0.0000783202    0.0000068448    0.0000231727   -0.0000515248   -0.0000305879    0.0000863462    0.0000406220    0.0000070924   -0.0000079298    0.0000052931    0.0000231344    0.0000034580   -0.0000027584   -0.0000239370   -0.0000172332   -0.0000123794   -0.0000096886   -0.0000463894   -0.0000064175   -0.0000287115    0.0000350816   -0.0000935932    0.0000053368    0.0000075483    0.0000699244    0.0000136612   -0.0000265764    0.0000108072    0.0000045001   -0.0000300654    0.0000066506   -0.0000834724    0.0000357659    0.0000432966   -0.0000079592    0.0000113225    0.0000317720    0.0000204157   -0.0000117421    0.0000149761    0.0000242090   -0.0000027043   -0.0000158632    0.0000132378   -0.0000493191   -0.0000093755   -0.0000321652   -0.0000022773   -0.0000193970   -0.0000047792    0.0000060029    0.0000084494   -0.0000031219    0.0000084141   -0.0000095607    0.0000154384    0.0000163615    0.0000173971    0.0000151209   -0.0000012548    0.0000368162    0.0000554643    0.0000204098    0.0000024449    0.0000142609   -0.0000062322   -0.0000537988    0.0000121574   -0.0000192023    0.0000252291   -0.0000083281    0.0000066879   -0.0000153201    0.0000251174    0.0000168283    0.0000486488   -0.0000012462    0.0000089169    0.0000117414    0.0000473934   -0.0000005079   -0.0000034630   -0.0000054338    0.0000042511   -0.0000013826    0.0000205113   -0.0000438390    0.0000207421   -0.0000326246   -0.0000119656   -0.0000003236    0.0000079511    0.0000055107   -0.0000079739    0.0000570952    0.0000023120   -0.0000036241   -0.0000015704    0.0000046139   -0.0000114423   -0.0000197469    0.0000119987 
   0.0000475676   -0.2711438607   -0.0003708080    0.0013848615   -0.0007694573   -0.0001806891    0.0000675107   -0.0001696716    0.0000001341    0.0001387728    0.0001713400    0.0000227515    0.0001550674   -0.0001194280    0.0001227648   -0.0000184665    0.0000062620   -0.0000288401    0.0000051622    0.0000117965    0.0000097790    0.0000228375   -0.0000881910   -0.0000200468   -0.0000123191    0.0001409851    0.0000369735   -0.0000324350    0.0000086295   -0.0001116224    0.0000235725   -0.0000657600   -0.0001432562    0.0000087610   -0.0000098091    0.0000103251   -0.0000444593    0.0000399068   -0.0000120648    0.0000128828    0.0000276781   -0.0000504561   -0.0000299184   -0.0000937475    0.0000163476   -0.0000221804    0.0000137531    0.0000169289   -0.0000201011    0.0000073778   -0.0000389874    0.0000277222    0.0000545514   -0.0000490412   -0.0000454788   -0.0000524082   -0.0000563338   -0.0000000448    0.0000134613    0.0000596508    0.0000631905   -0.0000138589   -0.0000077857   -0.0000579427    0.0000005152   -0.0000204312    0.0000113695    0.0000087177    0.0000643304    0.0000112269   -0.0000086420    0.0000032291    0.0000010678    0.0000027594    0.0000002550    0.0000162873   -0.0000180145    0.0000152164    0.0000053129    0.0000105390   -0.0000084979    0.0000132423    0.0000004902   -0.0000461145    0.0000105529    0.0000477793    0.0000039918    0.0000112784   -0.0000061716   -0.0000089389   -0.0000202650    0.0000235615   -0.0000185907    0.0000068433   -0.0000051610    0.0000467591    0.0000077203    0.0000151187    0.0000267234    0.0000003691   -0.0000425925    0.0000119472   -0.0000264514   -0.0000266212   -0.0000006455   -0.0000037470    0.0000083818    0.0000535357   -0.0000234123   -0.0000226082   -0.0000050424    0.0000038417   -0.0000021237    0.0000141985    0.0000061361   -0.0000075535   -0.0000226288   -0.0000063287    0.0000209295   -0.0000076034   -0.0000110542    0.0000140037   -0.0000002226    0.0000395482   -0.0000491390   -0.0000120898   -0.0000230903    0.0000168246    0.0000215226    0.0000052548    0.0000190347    0.0000288482    0.0000132312   -0.0000067131   -0.0000029075   -0.0000060148    0.0000187796   -0.0000519150   -0.0000020102    0.0000194544    0.0000194904    0.0000058960   -0.0000086920   -0.0000398767   -0.0000260861    0.0000249528   -0.0000152561   -0.0000184945   -0.0000059399    0.0000244993   -0.0000140970    0.0000018668 
  -0.0002060976   -0.0003708080   -0.2709233648   -0.0063251466    0.0000614485    0.0001870026   -0.0003914979   -0.0001015825    0.0000959378   -0.0002043630    0.0000161469   -0.0001940879   -0.0000546088   -0.0000075160    0.0002739001    0.0000736089    0.0000166041   -0.0000453935    0.0002809118    0.0000528139   -0.0000356277    0.0000007717    0.0000731561    0.0000376732   -0.0001668860    0.0001121148   -0.0000262074    0.0000564007   -0.0000252387    0.0000123801   -0.0000200504   -0.0001072198   -0.0000864344   -0.0000017342    0.0000076336   -0.0000984661    0.0000463718   -0.0000005493    0.0000653704    0.0000230264   -0.0000353014   -0.0000203907    0.0001053897    0.0001152826    0.0000741822   -0.0000053632    0.0000134613   -0.0000447982   -0.0000120993   -0.0000184658   -0.0000733796   -0.0000159301   -0.0000478322   -0.0000011797    0.0000000807   -0.0001256092   -0.0000288306    0.0000165181    0.0000047715    0.0000076924   -0.0000078342   -0.0000010476    0.0000307923   -0.0000442462   -0.0000091704    0.0000091543    0.0000188936    0.0000281287    0.0000306908    0.0000488509    0.0000194955   -0.0000483606    0.0000002026    0.0000050518   -0.0000007718    0.0000049119    0.0000228860    0.0000590268    0.0000024955   -0.0000094872   -0.0000007333   -0.0000051373   -0.0000142492   -0.0000153201   -0.0000344099   -0.0000133547   -0.0000075358    0.0000158750   -0.0000389234   -0.0000728599   -0.0000181696   -0.0000356108   -0.0000098202   -0.0000030667   -0.0000043096    0.0000209383   -0.0000598345    0.0000090249    0.0000127858    0.0000245228   -0.0000821862   -0.0000437096    0.0000022082   -0.0000043211   -0.0000114364    0.0000068668    0.0000088044   -0.0000508530    0.0000114121   -0.0000044872    0.0000101899    0.0000016420    0.0000126543   -0.0000164034    0.0000176507   -0.0000159926    0.0000055505   -0.0000033044   -0.0000030201   -0.0000047364    0.0000024133    0.0000035402    0.0000424381    0.0000085677    0.0000005780    0.0000110513   -0.0000198755   -0.0000069925   -0.0000079209    0.0000200210    0.0000015132    0.0000025530    0.0000271680   -0.0000211419    0.0000035623    0.0000179146    0.0000287593    0.0000006264   -0.0000036578   -0.0000170061   -0.0000064238   -0.0000069042    0.0000219629    0.0000042913    0.0000059982   -0.0000272937    0.0000319815   -0.0000273658    0.0000047582   -0.0000005284    0.0000188142    0.0000041570 
  -0.0001288578    0.0013848615   -0.0063251466   -0.2708057669    0.0019916664    0.0005089193   -0.0008622126    0.0001289019    0.0005745683    0.0004074324    0.0000711151    0.0001922725    0.0001926841    0.0000597434   -0.0000021825    0.0000340968    0.0000283822    0.0000011081   -0.0004073001    0.0001285859    0.0000270203    0.0001471369   -0.0000126462   -0.0000555473   -0.0000254166    0.0002231492    0.0002072074    0.0000060353    0.0001952786    0.0000908076    0.0000046084   -0.0001069920   -0.0000165298    0.0000915132    0.0000552394   -0.0000181358    0.0000009253    0.0001144594    0.0000335485    0.0000056885   -0.0000129541    0.0000185680   -0.0000560699   -0.0000361635    0.0000116701   -0.0000357975   -0.0000321483    0.0000677261    0.0000001304    0.0000073940   -0.0000402324   -0.0000340879   -0.0000083531   -0.0000273996    0.0000024251   -0.0000602366   -0.0000021787   -0.0000293289    0.0000229669    0.0000055151    0.0000245655    0.0000262890   -0.0000809294   -0.0000355851    0.0000421184   -0.0000232263    0.0000232035   -0.0000264323    0.0000060065    0.0000866476    0.0000140000    0.0000132423   -0.0000253666   -0.0000035093    0.0000023993   -0.0000649508   -0.0000041536   -0.0000004815   -0.0000220011    0.0000550130    0.0000311171   -0.0000120089   -0.0000057363   -0.0000112754   -0.0000437530    0.0000009573   -0.0000051997   -0.0000393666    0.0000520620   -0.0000507824    0.0000001630   -0.0000558619   -0.0000187936    0.0000062367   -0.0000253673    0.0000330972   -0.0000554055    0.0000282419    0.0000223223   -0.0000037168   -0.0000099635   -0.0000293899   -0.0000162630   -0.0000185319    0.0000183916   -0.0000039644    0.0000122912    0.0000323953    0.0000398172    0.0000070835    0.0000041236   -0.0000007279    0.0000049441   -0.0000309569    0.0000184210   -0.0000032899    0.0000014390    0.0000145050    0.0000024773    0.0000069606    0.0000043740   -0.0000153767    0.0000654660   -0.0000055430    0.0000146667    0.0000033725   -0.0000325981    0.0000063327   -0.0000083803   -0.0000517894   -0.0000215792    0.0000001767    0.0000082936   -0.0000161969   -0.0000020794   -0.0000077534    0.0000006015   -0.0000265146   -0.0000243383   -0.0000589055   -0.0000026501   -0.0000603953    0.0000102193    0.0000192419    0.0000018037   -0.0000196359    0.0000187076   -0.0000088639   -0.0000008515    0.0000115371    0.0000124323    0.0000171737 
  -0.0002463969   -0.0007694573    0.0000614485    0.0019916664   -0.2696444883    0.0000458044   -0.0008763979   -0.0001934558   -0.0000647891   -0.0000633926   -0.0001287696   -0.0000324555    0.0001276231    0.0000093057    0.0000269314   -0.0001867821    0.0000624797    0.0000130695   -0.0000539745    0.0001870026   -0.0001029349   -0.0001997326   -0.0000282257   -0.0000025394    0.0000232800    0.0000727306    0.0000146461    0.0000432540    0.0000174545   -0.0001626893    0.0000076608    0.0000369426   -0.0000552761    0.0001210964    0.0000013468    0.0000328091   -0.0001416025    0.0000613626    0.0000850232   -0.0002073838    0.0000671550   -0.0000132827   -0.0000040621   -0.0000132665    0.0000565080   -0.0001615206   -0.0000276656   -0.0000033249   -0.0000010661   -0.0001841068    0.0000393931    0.0000494315    0.0000175662   -0.0000254761   -0.0000160719   -0.0000022082    0.0000038688   -0.0000170113   -0.0000326981    0.0000066308   -0.0001149813    0.0000157978    0.0000351662   -0.0000200019    0.0000292598    0.0000219357    0.0000605842   -0.0000104574   -0.0000386647   -0.0000303197    0.0000340681   -0.0000312560   -0.0000066876   -0.0000268814   -0.0000172803   -0.0000237717    0.0000332596   -0.0000226846   -0.0000808412    0.0000532674   -0.0000432687   -0.0000235754    0.0000133856    0.0000179043   -0.0000057846   -0.0000218232   -0.0000042832   -0.0000211522   -0.0000135473    0.0000360687    0.0000434583   -0.0000116422   -0.0000178793    0.0000067048   -0.0000244875    0.0000027349   -0.0000500092    0.0000233615   -0.0000097209    0.0000017859   -0.0000002555   -0.0000177411    0.0000444535    0.0000236746   -0.0000031346    0.0000356851   -0.0000058476   -0.0000095783    0.0000407138    0.0000047340    0.0000475029   -0.0000287938    0.0000066222   -0.0000393835   -0.0000310943    0.0000051726    0.0000117877    0.0000216733    0.0000232359   -0.0000145836    0.0000516071    0.0000231249   -0.0000003518    0.0000185606   -0.0000049399   -0.0000086185    0.0000110086    0.0000069031   -0.0000187965    0.0000179557    0.0000103538    0.0000024827    0.0000078607   -0.0000038525    0.0000028204   -0.0000149305    0.0000073129   -0.0000177815   -0.0000070117   -0.0000230529   -0.0000130783   -0.0000001767    0.0000214410    0.0000056909   -0.0000169473   -0.0000166805   -0.0000003853   -0.0000076130   -0.0000102700    0.0000129365   -0.0000080261   -0.0000133900 
  -0.0000863389   -0.0001806891    0.0001870026    0.0005089193    0.0000458044   -0.2688360032   -0.0016600405   -0.0009335063   -0.0000486223   -0.0000997744   -0.0002259128   -0.0002624343   -0.0004120922   -0.0001579486    0.0000929243   -0.0003363666   -0.0002368200   -0.0000222458    0.0001299750    0.0003930120    0.0000307246    0.0000494580    0.0000448393    0.0000299081    0.0000097525    0.0001734936    0.0000182255    0.0000202878    0.0000056800    0.0001185680   -0.0000270857   -0.0000133951    0.0000913809    0.0000888378    0.0000152113    0.0000718552   -0.0000790037   -0.0000253115   -0.0000044271    0.0000827815   -0.0000707660    0.0000228221    0.0000895434   -0.0000751450    0.0000528874    0.0000299845    0.0000464240   -0.0000118730   -0.0000236644   -0.0000128586   -0.0000145674   -0.0000334632   -0.0000610009   -0.0000177609   -0.0000051604    0.0000244052   -0.0000316176   -0.0000068418   -0.0000065882   -0.0000080408   -0.0000844793    0.0000109337   -0.0000145674   -0.0000142462   -0.0000503444   -0.0000038407   -0.0000106345   -0.0000088029   -0.0000176360    0.0000193368   -0.0000064553   -0.0000181556   -0.0000388661    0.0000272202   -0.0000587519   -0.0000533424   -0.0000119920   -0.0000005545   -0.0000606107    0.0000026335    0.0000199703   -0.0000264022   -0.0000389124   -0.0000352485   -0.0000424491    0.0000214498    0.0000463218   -0.0000091249    0.0000189061   -0.0000134363   -0.0000215292    0.0000050213    0.0000685948   -0.0000101186   -0.0000002611   -0.0000047916   -0.0000263537   -0.0000086273   -0.0000048512    0.0000001395    0.0000004596   -0.0000284315   -0.0000000886   -0.0000312303    0.0000026811    0.0000511609    0.0000102023    0.0000134135   -0.0000329957    0.0000314324   -0.0000163226   -0.0000279853    0.0000046746    0.0000105052    0.0000032375    0.0000415605   -0.0000147247   -0.0000052861   -0.0000361246    0.0000014453    0.0000141970   -0.0000203863   -0.0000064585   -0.0000051807    0.0000006680   -0.0000119178   -0.0000125183    0.0000138339   -0.0000152003    0.0000029683    0.0000283418   -0.0000334632   -0.0000001534    0.0000199064    0.0000070302   -0.0000060647    0.0000034093   -0.0000233638    0.0000188634   -0.0000021692   -0.0000062450   -0.0000399296    0.0000032587    0.0000163240   -0.0000030720   -0.0000134804    0.0000123140   -0.0000007369   -0.0000134679   -0.0000066515    0.0000206480   -0.0000085251 
  -0.0000583329    0.0000675107   -0.0003914979   -0.0008622126   -0.0008763979   -0.0016600405   -0.2682847633    0.0101957324    0.0004742206   -0.0003211891    0.0004377579   -0.0002179896    0.0000801797    0.0001240878   -0.0000199865   -0.0000749980   -0.0003112227    0.0000724491    0.0000966654    0.0001697451   -0.0000543978    0.0001159147   -0.0000184761    0.0001631155    0.0000831417   -0.0002256702   -0.0000163851   -0.0001027952   -0.0000885365    0.0000571371    0.0000572444    0.0000489619    0.0000006351   -0.0000777836    0.0000655262   -0.0000154634    0.0000952616    0.0000075255   -0.0000115525    0.0000567549    0.0000760711    0.0000570717   -0.0000060208    0.0000599080   -0.0000102082    0.0000253828    0.0000125095   -0.0000218350   -0.0000498130   -0.0001949772   -0.0000085935    0.0000731047    0.0000089632    0.0000118399    0.0000030254    0.0000037349    0.0000056845   -0.0000479696    0.0000278913    0.0001032289   -0.0000324776   -0.0000374402    0.0000047607    0.0000242619    0.0000548050   -0.0000107132    0.0000088985    0.0000615015    0.0000129578    0.0000066140    0.0000122008   -0.0000107639    0.0000053748   -0.0000027635    0.0000176779    0.0000527007   -0.0000460168    0.0000513351    0.0000480747   -0.0000123066    0.0000162777    0.0000047662    0.0000268895   -0.0000002448   -0.0000034588   -0.0000186518   -0.0000317544    0.0000195969   -0.0000155979   -0.0000066581    0.0000221157    0.0000177507   -0.0000426064    0.0000056369    0.0000017589    0.0000117135    0.0000189421    0.0000194213    0.0000169745    0.0000093961    0.0000082451    0.0000133635   -0.0000060727    0.0000076975    0.0000063523    0.0000509294    0.0000172795    0.0000048467   -0.0000122743    0.0000191111    0.0000146630    0.0000302271    0.0000165886    0.0000795917    0.0000184452   -0.0000038198    0.0000045737    0.0000148578    0.0000031130   -0.0000077372   -0.0000269211   -0.0000060174   -0.0000339872    0.0000031905   -0.0000053564   -0.0000073265    0.0000147291    0.0000074116    0.0000059216   -0.0000256973   -0.0000410306    0.0000447107   -0.0000042164   -0.0000409351    0.0000157052   -0.0000104133    0.0000078475    0.0000061870    0.0000032155    0.0000032104   -0.0000050978   -0.0000207457    0.0000038219   -0.0000259009    0.0000237393    0.0000288769    0.0000028524   -0.0000261126   -0.0000096842    0.0000175743   -0.0000157655   -0.0000117539 
  -0.0001271159   -0.0001696716   -0.0001015825    0.0001289019   -0.0001934558   -0.0009335063    0.0101957324   -0.2682039148    0.0014405000    0.0000688315    0.0001657615    0.0003324785    0.0001561405    0.0000916234    0.0000289026   -0.0006362851   -0.0000784231   -0.0001546632   -0.0001238967   -0.0001262560   -0.0000000883   -0.0000640122    0.0000586093    0.0001805200    0.0000152135    0.0001375307    0.0001184357   -0.0000076850    0.0000661282   -0.0000603034    0.0000429725    0.0000325606    0.0000058014   -0.0000081326    0.0000683001   -0.0000018428    0.0000665060   -0.0000918513   -0.0000811572   -0.0000094189   -0.0000319624    0.0000857435   -0.0000321512    0.0000789449   -0.0000449283   -0.0000038865    0.0000337087    0.0000334066    0.0000156677    0.0000078489    0.0000399303    0.0000613060    0.0000019371   -0.0000058037    0.0000068624    0.0000076196   -0.0000417524   -0.0000199394    0.0000298684   -0.0000323762   -0.0000208435   -0.0000173273   -0.0000098885    0.0000187620    0.0000350133    0.0000038621    0.0000413165    0.0000153421   -0.0000630097    0.0000386331   -0.0000043902   -0.0000015604    0.0000012770    0.0000276708    0.0000132393   -0.0000051230    0.0000081826   -0.0000001378    0.0000051900   -0.0000056609    0.0000129769    0.0000189186   -0.0000224046   -0.0000059252    0.0000282338    0.0000211632    0.0000590892   -0.0000125286    0.0000029707   -0.0000132224   -0.0000057322    0.0000301389    0.0000137626   -0.0000525493   -0.0000194485    0.0000385081    0.0000160830    0.0000270541   -0.0000120751   -0.0000227368    0.0000062243   -0.0000048963   -0.0000094600   -0.0000353271   -0.0000068171   -0.0000060086   -0.0000270115    0.0000045463    0.0000366413    0.0000069186   -0.0000134150   -0.0000026258    0.0000036886   -0.0000060935    0.0000022442    0.0000013458   -0.0000076152    0.0000020308    0.0000172479   -0.0000140427   -0.0000266638   -0.0000095063    0.0000083641    0.0000201592    0.0000491713   -0.0000001830   -0.0000012027   -0.0000056293    0.0000199813    0.0000255569   -0.0000057949   -0.0000023994    0.0000532226   -0.0000126778   -0.0000270960   -0.0000079555   -0.0000099084    0.0000410828   -0.0000261677   -0.0000006380    0.0000088000    0.0000019436   -0.0000083605    0.0000075520   -0.0000089485   -0.0000074608   -0.0000140360    0.0000244875   -0.0000007784   -0.0000103729   -0.0000011150   -0.0000129732 
   0.0000706741    0.0000001341    0.0000959378    0.0005745683   -0.0000647891   -0.0000486223    0.0004742206    0.0014405000   -0.2670646858    0.0000495829    0.0001254842    0.0001018838   -0.0002772957   -0.0000507655   -0.0001230147    0.0005951847   -0.0002189745   -0.0000144535    0.0000037384    0.0001725234    0.0000009638    0.0000625055    0.0001641445   -0.0000154957   -0.0002129109    0.0001518629   -0.0000478219   -0.0000378724   -0.0000084876   -0.0001928752   -0.0000144116   -0.0000271908    0.0000993775    0.0000049383   -0.0000143389   -0.0000766297    0.0000117252   -0.0000072085   -0.0000301771   -0.0000517974   -0.0000685272    0.0000305593   -0.0000694886    0.0000834724   -0.0000166592   -0.0001522157    0.0000040541    0.0000075476   -0.0000137126    0.0000717170    0.0000450664    0.0002277723   -0.0000206031   -0.0000209802   -0.0000120288   -0.0000148364    0.0000089294    0.0000514858   -0.0000774970    0.0000523237    0.0000169877   -0.0000277553   -0.0000119435    0.0000062744    0.0000390925   -0.0000199100    0.0000377805   -0.0000013881   -0.0000076703    0.0000335301   -0.0000216703   -0.0000353352   -0.0000264683    0.0000299992   -0.0000206708   -0.0000398752    0.0000557994   -0.0000499769    0.0000257400    0.0000112659    0.0000070587   -0.0000365435    0.0000039572   -0.0000232763    0.0000358982   -0.0000044598   -0.0000089565   -0.0000287225    0.0000237261   -0.0000008938   -0.0000004017    0.0000168341    0.0000394871   -0.0000022174   -0.0000062966    0.0000002933   -0.0000071410    0.0000059488    0.0000115386    0.0000084362    0.0000079011   -0.0000153311    0.0000126212    0.0000099532    0.0000106676    0.0000139405    0.0000186143    0.0000040113    0.0000115797   -0.0000096974    0.0000477874    0.0000029859   -0.0000097709   -0.0000305497    0.0000330839    0.0000420897    0.0000186731   -0.0000209390    0.0000174890   -0.0000192236    0.0000109021    0.0000407837   -0.0000143815   -0.0000007429   -0.0000067288    0.0000117186    0.0000032462   -0.0000105206   -0.0000004053    0.0000076586   -0.0000153840    0.0000408351   -0.0000188384    0.0000236070    0.0000195183    0.0000283007   -0.0000072877    0.0000262184   -0.0000504414   -0.0000244758    0.0000151304   -0.0000139133    0.0000204628    0.0000660812   -0.0000413503    0.0000617249    0.0000015195    0.0000005186    0.0000006093   -0.0000259413    0.0000055775    0.0000094483 
  -0.0002236931    0.0001387728   -0.0002043630    0.0004074324   -0.0000633926   -0.0000997744   -0.0003211891    0.0000688315    0.0000495829   -0.2658372583   -0.0047165552    0.0061547767   -0.0000242354   -0.0002302786    0.0001433444    0.0000463247   -0.0000678488    0.0001233087   -0.0000429276    0.0001981744    0.0002990072   -0.0000535063   -0.0000176220   -0.0000068362   -0.0000743365   -0.0001760219   -0.0000026315   -0.0000085479    0.0000012126   -0.0000053365   -0.0000555591    0.0000044858   -0.0000414246    0.0000318043    0.0000135274   -0.0000076850    0.0000002286    0.0000011890    0.0000105963   -0.0001169363    0.0000245603    0.0000951881    0.0000667404    0.0000184423    0.0000528543   -0.0000497005   -0.0000184188    0.0000276899   -0.0000087213   -0.0000554172   -0.0000116731    0.0000076718    0.0000030706    0.0000294891    0.0000029829    0.0000279155   -0.0000360820    0.0000114628    0.0000323034   -0.0000109719    0.0000755640    0.0000455354   -0.0000531358    0.0000305607    0.0000059657   -0.0000220062    0.0000119759   -0.0000238996    0.0000126513   -0.0000076938   -0.0000777469    0.0000050858   -0.0000078577   -0.0000198689   -0.0000202922   -0.0000017540   -0.0000352316   -0.0000057069    0.0000079085   -0.0000212117   -0.0000384751   -0.0000073653   -0.0000248506   -0.0000439875   -0.0000028010   -0.0000510294   -0.0000330068    0.0000021412   -0.0000104023    0.0000018383   -0.0000226163   -0.0000130100    0.0000068621    0.0000014535   -0.0000258068    0.0000239392   -0.0000108366    0.0000006490   -0.0000028586   -0.0000522223    0.0000062484   -0.0000068702   -0.0000180770   -0.0000010410   -0.0000015238   -0.0000011326    0.0000068862   -0.0000399943    0.0000097356   -0.0000384141   -0.0000304431    0.0000300639    0.0000153068    0.0000000939    0.0000228662    0.0000024771   -0.0000277457   -0.0000154002    0.0000165842   -0.0000179418   -0.0000192706   -0.0000097195    0.0000173986   -0.0000442469    0.0000225751   -0.0000213300   -0.0000118134   -0.0000178741    0.0000243927    0.0000036926    0.0000090220    0.0000024538   -0.0000201879   -0.0000161241   -0.0000126344   -0.0000006849   -0.0000153179   -0.0000162917   -0.0000026523    0.0000410292   -0.0000127234   -0.0000191074    0.0000064724   -0.0000057537   -0.0000150452    0.0000021671   -0.0000183497   -0.0000364024   -0.0000084847   -0.0000133077    0.0000213227   -0.0000166357 
  -0.0000876986    0.0001713400    0.0000161469    0.0000711151   -0.0001287696   -0.0002259128    0.0004377579    0.0001657615    0.0001254842   -0.0047165552   -0.2653889166   -0.0106778835    0.0014560082   -0.0002368200    0.0000916308   -0.0000602079   -0.0003602095   -0.0001949331    0.0002025770   -0.0002517770   -0.0000660356    0.0000574767    0.0002996907   -0.0000333735   -0.0001513999   -0.0002318515    0.0000255195    0.0000866770    0.0002017538    0.0000815761    0.0000565734   -0.0000352095    0.0000054576   -0.0000036394    0.0000012060   -0.0001697157   -0.0000015082   -0.0000575134   -0.0000310863   -0.0000114165   -0.0000039564   -0.0000370757    0.0000031813    0.0000772030   -0.0000080665   -0.0000170811    0.0000316125   -0.0000100980   -0.0000119737    0.0000403904    0.0000565131    0.0000108932    0.0000283095   -0.0000261685   -0.0000114290    0.0000138927    0.0000231521    0.0000168635   -0.0000825904    0.0001031774   -0.0000437861   -0.0000283889   -0.0000012407    0.0000182108    0.0000052033   -0.0000051997   -0.0000016966   -0.0000339101    0.0000136583   -0.0000034258   -0.0000413018   -0.0000034103   -0.0000069839    0.0000175875   -0.0000246162   -0.0000011733    0.0000155604   -0.0000039760    0.0000265499    0.0000142227   -0.0000327804    0.0000409189   -0.0000137472   -0.0000205943    0.0000551328   -0.0000169745   -0.0000313273   -0.0000063501   -0.0000017234    0.0000039884    0.0000157339   -0.0000254482   -0.0000411739    0.0000023171   -0.0000012050   -0.0000164637   -0.0000424146   -0.0000112747    0.0000263074    0.0000055311    0.0000057375    0.0000484702    0.0000089191    0.0000033325    0.0000149063   -0.0000036805    0.0000195499    0.0000318543   -0.0000021496   -0.0000021551    0.0000099679    0.0000295759    0.0000142007    0.0000069174   -0.0000243236   -0.0000070914    0.0000279618   -0.0000106595   -0.0000109072   -0.0000233983   -0.0000022407    0.0000324666   -0.0000080290   -0.0000181262    0.0000193250    0.0000130504   -0.0000142852    0.0000190957   -0.0000041509   -0.0000324849    0.0000004015   -0.0000131893    0.0000047354    0.0000198652    0.0000004055    0.0000173758    0.0000256231    0.0000079842   -0.0000063380    0.0000132239   -0.0000164608    0.0000026878    0.0000111505    0.0000228191   -0.0000036672    0.0000077997   -0.0000212565    0.0000030997    0.0000351588   -0.0000125418   -0.0000100847    0.0000221959 
   0.0001840921    0.0000227515   -0.0001940879    0.0001922725   -0.0000324555   -0.0002624343   -0.0002179896    0.0003324785    0.0001018838    0.0061547767   -0.0106778835   -0.2653668670   -0.0025942818    0.0003669861   -0.0000594788   -0.0001726557    0.0002540334    0.0000292407   -0.0003735275    0.0000845749    0.0001527890    0.0000952763   -0.0000408336    0.0002149027   -0.0000134142   -0.0000973122    0.0000771074   -0.0000695554    0.0000208780    0.0000393100   -0.0000798930    0.0000177191    0.0002221570   -0.0000099569    0.0000108998   -0.0000181049    0.0000571930    0.0000517636   -0.0001346716   -0.0000302844    0.0000385868   -0.0000114753    0.0000761005   -0.0000537429   -0.0000529800   -0.0000046637   -0.0001292768   -0.0000723124   -0.0001260281    0.0000225185    0.0000096107   -0.0000155582    0.0000653763    0.0000002754   -0.0000265168    0.0000031604   -0.0000267491   -0.0000586262   -0.0000440183    0.0000093821    0.0000434157   -0.0000091491   -0.0000275554   -0.0000654131    0.0000224413   -0.0000487465   -0.0000055539    0.0000320924    0.0000108535    0.0000167731   -0.0000320447   -0.0000635844   -0.0000235548    0.0000644701    0.0000336808    0.0000491941   -0.0000147791   -0.0000265551    0.0000107477   -0.0000225281    0.0000095328    0.0000033046    0.0000550769   -0.0000246029    0.0000108741    0.0000211867   -0.0000471825   -0.0000417619    0.0000291055   -0.0000074785    0.0000273202   -0.0000172832   -0.0000132452    0.0000185018    0.0000261876   -0.0000293576   -0.0000039278    0.0000362620    0.0000139640    0.0000109535    0.0000312649    0.0000103898   -0.0000054060    0.0000018703   -0.0000330472   -0.0000040854   -0.0000033761   -0.0000013050    0.0000374990    0.0000078034    0.0000048906   -0.0000183482   -0.0000127351    0.0000089617    0.0000032458   -0.0000170686    0.0000424896   -0.0000153759    0.0000189355   -0.0000303689   -0.0000018367   -0.0000143763   -0.0000047329    0.0000602623   -0.0000058238    0.0000429364   -0.0000041394    0.0000044162    0.0000030607    0.0000009178   -0.0000205017    0.0000047402    0.0000464835   -0.0000275914    0.0000341240   -0.0000045252    0.0000242582   -0.0000272695   -0.0000268902   -0.0000157610    0.0000082929   -0.0000136803   -0.0000013290   -0.0000051193   -0.0000561265   -0.0000004737   -0.0000297515   -0.0000030523    0.0000093321   -0.0000010995   -0.0000131504    0.0000078592 
   0.0001534431    0.0001550674   -0.0000546088    0.0001926841    0.0001276231   -0.0004120922    0.0000801797    0.0001561405   -0.0002772957   -0.0000242354    0.0014560082   -0.0025942818   -0.2644554838   -0.0003690735   -0.0000258517   -0.0006452005    0.0006331982   -0.0004356265   -0.0000716906   -0.0000256694    0.0002430159   -0.0000250064    0.0001912288    0.0001483203    0.0000457852   -0.0000220908    0.0000051581   -0.0000241671    0.0000350258   -0.0001402207   -0.0002269859    0.0000018287   -0.0002435525   -0.0000373645   -0.0000457250   -0.0000941665    0.0000176676   -0.0000028482    0.0000006125   -0.0000258237   -0.0000085913   -0.0001244994   -0.0000617977    0.0000442058    0.0000626120    0.0000671241    0.0000050104   -0.0000815320   -0.0000544823   -0.0000125977    0.0001031186    0.0000473956   -0.0000020347    0.0000465246   -0.0000308334    0.0000351375    0.0000118517    0.0000544206    0.0000125183   -0.0000095467   -0.0000240965    0.0000117495    0.0000097356    0.0000098782    0.0000304762    0.0000205333   -0.0000779380    0.0000026981   -0.0000328826   -0.0000047662   -0.0000155053    0.0000033052    0.0000298441    0.0000012005   -0.0000032589    0.0000062434   -0.0000256937    0.0000166188   -0.0000924833    0.0000003900   -0.0000265778   -0.0000022559    0.0000062472   -0.0000090580   -0.0000157699    0.0000339417    0.0000259061   -0.0000288776   -0.0000274517    0.0000370463    0.0000059676    0.0000320043    0.0000202401   -0.0000037176    0.0000899697    0.0000122361    0.0000133745   -0.0000117517    0.0000112071    0.0000032056    0.0000186848   -0.0000285491   -0.0000500643    0.0000199843   -0.0000149606   -0.0000174927    0.0000041287   -0.0000594420   -0.0000162381   -0.0000170840    0.0000058214   -0.0000047141   -0.0000001246    0.0000193162    0.0000213793   -0.0000064441    0.0000166614   -0.0000070780    0.0000028048    0.0000131614   -0.0000171994   -0.0000018816    0.0000251013   -0.0000005607    0.0000178962    0.0000004317   -0.0000100686    0.0000297993    0.0000118370   -0.0000175566    0.0000156868   -0.0000153700   -0.0000055227   -0.0000168679   -0.0000252130   -0.0000235541    0.0000028842    0.0000167922   -0.0000045149   -0.0000053783    0.0000037710    0.0000174978    0.0000104126    0.0000038438    0.0000254842    0.0000155185    0.0000004662   -0.0000061579   -0.0000020808    0.0000250968    0.0000192838   -0.0000213969 
   0.0000138427   -0.0001194280   -0.0000075160    0.0000597434    0.0000093057   -0.0001579486    0.0001240878    0.0000916234   -0.0000507655   -0.0002302786   -0.0002368200    0.0003669861   -0.0003690735   -0.2635220509   -0.0002435010   -0.0007637244    0.0005131529   -0.0000719287    0.0003510589   -0.0010357429   -0.0000762401    0.0000776734    0.0001694879   -0.0000028125   -0.0000302844   -0.0004676498   -0.0000030113   -0.0000966875    0.0000476940   -0.0005351510    0.0000488700    0.0000983853    0.0000182086   -0.0000670558    0.0000238290   -0.0001719427   -0.0000040789    0.0000153891    0.0000134826    0.0000116936    0.0000019107    0.0000409490    0.0000154024    0.0000218431    0.0000680458    0.0000151378   -0.0000358078    0.0000147762   -0.0000389308    0.0000162020   -0.0000112710   -0.0001629024   -0.0000160080   -0.0000904474   -0.0000073182    0.0000252078   -0.0000066984    0.0000252336    0.0000176639   -0.0000067036   -0.0000166651   -0.0000187039    0.0000027457   -0.0000421588    0.0000040299    0.0000246000    0.0000196315   -0.0000076372    0.0000310708    0.0000552254    0.0000125139    0.0000400031   -0.0000169833    0.0000068933   -0.0000061360   -0.0000317264    0.0000037381   -0.0000136487    0.0000000110    0.0000717068    0.0000011564   -0.0000057850   -0.0000164255   -0.0000194183   -0.0000013089   -0.0000042608   -0.0000146218    0.0000016770   -0.0000130688    0.0000007858   -0.0000025704    0.0000413915    0.0000043087   -0.0000015298    0.0000815908    0.0000123397    0.0000229161   -0.0000108697   -0.0000072704   -0.0000061135    0.0000382568    0.0000907488   -0.0000124338   -0.0000023825   -0.0000360408   -0.0000830167   -0.0000056794   -0.0000109410    0.0000095578    0.0000119149   -0.0000005441   -0.0000235879    0.0000188267   -0.0000468010   -0.0000105037   -0.0000012407   -0.0000181057   -0.0000070762    0.0000139464   -0.0000082620   -0.0000255209    0.0000006052    0.0000577347    0.0000082458   -0.0000036377   -0.0000107462   -0.0000058740   -0.0000250770   -0.0000259950    0.0000452186    0.0000139405    0.0000057300    0.0000056419   -0.0000218997   -0.0000190053   -0.0000249741    0.0000045653   -0.0000190134    0.0000335595   -0.0000128292   -0.0000035789    0.0000262589   -0.0000001514   -0.0000149959   -0.0000404941    0.0000093321    0.0000066657   -0.0000084656   -0.0000010722   -0.0000495182    0.0000090881    0.0000092667 
   0.0000014163    0.0001227648    0.0002739001   -0.0000021825    0.0000269314    0.0000929243   -0.0000199865    0.0000289026   -0.0001230147    0.0001433444    0.0000916308   -0.0000594788   -0.0000258517   -0.0002435010   -0.2625739184    0.0001070875    0.0027207729   -0.0004964760   -0.0003291931   -0.0003169850    0.0000324438   -0.0001060659    0.0003280906   -0.0000139589    0.0000414047   -0.0000144631    0.0000170804    0.0000201945    0.0000532410    0.0001816005   -0.0000283176   -0.0000272629   -0.0000609833    0.0003933354   -0.0000194705   -0.0000873017    0.0001242862   -0.0000579000    0.0001666508    0.0000282940   -0.0000759094   -0.0000457779   -0.0000023819   -0.0000233233    0.0000143683   -0.0000374189    0.0000328274   -0.0000490479   -0.0000082002   -0.0000202290    0.0000381914   -0.0001789251   -0.0000648045   -0.0000085935    0.0000024017   -0.0000139530   -0.0000162520   -0.0000248514    0.0000129887    0.0000125124    0.0000779306    0.0000097151   -0.0000254129   -0.0000138302   -0.0000375718   -0.0000217799   -0.0000502238    0.0000170826   -0.0000022139    0.0000064744   -0.0001130630   -0.0000368779    0.0000231403   -0.0000284050    0.0000021704   -0.0001160838   -0.0000614067    0.0000614030    0.0000005537   -0.0000384045   -0.0000411004   -0.0000074101    0.0000226376   -0.0000006942    0.0000135083   -0.0000652117   -0.0000437839    0.0000043513   -0.0000343062   -0.0000098253   -0.0000066315   -0.0000242876   -0.0000045586   -0.0000068152   -0.0000042547   -0.0000042175    0.0000340776    0.0000068657   -0.0000590040   -0.0000005197    0.0000300264    0.0000345708   -0.0000063242    0.0000455640   -0.0000019723    0.0000879632   -0.0000071829    0.0000083656   -0.0000139816    0.0000066294   -0.0000462409    0.0000064562    0.0000047796   -0.0000085611   -0.0000178131    0.0000061196   -0.0000289629   -0.0000203885   -0.0000095078   -0.0000243604    0.0000347318    0.0000003329   -0.0000340196    0.0000068580    0.0000177183   -0.0000334470    0.0000151223   -0.0000008061    0.0000479277    0.0000435097    0.0000135414   -0.0000100436    0.0000134944   -0.0000211676    0.0000100767   -0.0000207788   -0.0000393468   -0.0000019268   -0.0000071509   -0.0000168569    0.0000016675   -0.0000224759    0.0000159308   -0.0000155758   -0.0000062292   -0.0000289555    0.0000110219   -0.0000081657    0.0000319771    0.0000060109   -0.0000169561    0.0000005735 
   0.0000942106   -0.0000184665    0.0000736089    0.0000340968   -0.0001867821   -0.0003363666   -0.0000749980   -0.0006362851    0.0005951847    0.0000463247   -0.0000602079   -0.0001726557   -0.0006452005   -0.0007637244    0.0001070875   -0.2623313729    0.0049788719   -0.0000385221    0.0009650372   -0.0002139766    0.0000179756    0.0000505097   -0.0003416144   -0.0005883861   -0.0000349626   -0.0000485414   -0.0000695525    0.0001638064    0.0000100833   -0.0000076924    0.0000780335    0.0000877941   -0.0000769751   -0.0000371690   -0.0000242281   -0.0000932845    0.0000553864   -0.0000827154   -0.0000228610   -0.0000296964    0.0000082679    0.0000609737   -0.0000285902    0.0000209552   -0.0000322762   -0.0000431048    0.0000994951    0.0000274517   -0.0000401104   -0.0000063536    0.0000254570   -0.0000828477    0.0000560942    0.0000057725   -0.0000011833    0.0000016193   -0.0000008718    0.0001457405   -0.0000078769    0.0000037292    0.0000281338   -0.0000189310    0.0000001252    0.0000079937   -0.0000123720   -0.0000964155   -0.0000176103   -0.0000426946   -0.0000076982    0.0000191464    0.0000042642   -0.0000030449   -0.0000037057   -0.0000714120    0.0001269616   -0.0000089213    0.0000138589   -0.0000290401   -0.0000202842   -0.0000312502    0.0000628641    0.0000100509   -0.0000499093    0.0000025194    0.0000289724    0.0000488046    0.0000002049   -0.0000626672   -0.0000345965   -0.0000409196    0.0000166996    0.0000158066   -0.0000538495    0.0000606959   -0.0000204650   -0.0000067539   -0.0000153377   -0.0000375490    0.0000140052   -0.0000202195   -0.0000082517    0.0000273746   -0.0000246948    0.0000393872   -0.0000280309    0.0000961215   -0.0000789081    0.0000018331   -0.0000199181    0.0000140397    0.0000190045   -0.0000279332   -0.0000035122   -0.0000028368   -0.0000216005   -0.0000428865   -0.0000175743    0.0000174089   -0.0000244067   -0.0000034225   -0.0000400156   -0.0000290900    0.0000316088   -0.0000064047   -0.0000233432   -0.0000155207   -0.0000018657   -0.0000223752    0.0000145410   -0.0000137112   -0.0000165967   -0.0000102185   -0.0000071035    0.0000052180    0.0000449503    0.0000054094    0.0000289526   -0.0000242737   -0.0000118465    0.0000010755    0.0000206627   -0.0000239995   -0.0000043378   -0.0000223443   -0.0000300580    0.0000343459   -0.0000161131   -0.0000040779    0.0000290503   -0.0000001025    0.0000060390    0.0000347134 
