  -0.2720478941   -0.0000000821   -0.0007362360    0.0017103135   -0.0001255577    0.0001581617   -0.0000355410    0.0000813557   -0.0000996348    0.0000520209   -0.0000173530    0.0000418097   -0.0001213242    0.0001463873   -0.0001716046   -0.0002958615    0.0002336522    0.0000455030    0.0005870925   -0.0002110808   -0.0000558612   -0.0000226074   -0.0000482298    0.0000491493    0.0001101598    0.0000794300    0.0000631699   -0.0000748510    0.0000301308   -0.0000691505    0.0001216109   -0.0000319587    0.0000678290   -0.0000156949    0.0000744394    0.0000056610   -0.0000238804    0.0000875736   -0.0000367795    0.0000154053   -0.0000102641   -0.0000561023    0.0000211919   -0.0000101737    0.0000175831   -0.0000046437   -0.0000076703    0.0001019647   -0.0000168341   -0.0000198784    0.0000181057   -0.0000256451   -0.0000398120    0.0000203804    0.0000032105    0.0000364127   -0.0000132599   -0.0000435377   -0.0000086603   -0.0000330376    0.0000816937   -0.0000037930   -0.0000060544    0.0000086875    0.0000372991    0.0000330729    0.0000150672    0.0000491824   -0.0000001696    0.0000211735    0.0000846557    0.0000293407    0.0000683229   -0.0000145336   -0.0000074976   -0.0000203202   -0.0000292877    0.0000636109   -0.0000086559   -0.0000485473   -0.0000266910    0.0000121890   -0.0000480417    0.0000048701    0.0000193573    0.0000066069   -0.0000174170   -0.0000065461    0.0000049715    0.0000227486   -0.0000230293    0.0000036941   -0.0000127667    0.0000113827    0.0000264720    0.0000201269   -0.0000153950   -0.0000093233    0.0000233674   -0.0000343253   -0.0000045116   -0.0000024299   -0.0000099502    0.0000379238    0.0000027835   -0.0000176727   -0.0000255070    0.0000082421    0.0000102516   -0.0000059405   -0.0000238547   -0.0000146836    0.0000081437   -0.0000028771   -0.0000142330   -0.0000242509    0.0000600690   -0.0000381282    0.0000125896    0.0000050709   -0.0000216623   -0.0000102788   -0.0000577155    0.0000272827   -0.0000007451    0.0000334823    0.0000014087   -0.0000186429   -0.0000017453    0.0000421926   -0.0000116415   -0.0000189061   -0.0000278016    0.0000034504    0.0000148489   -0.0000090131   -0.0000004240    0.0000207898   -0.0000706168   -0.0000004867   -0.0000068794    0.0000254247    0.0000225229    0.0000025800    0.0000488619   -0.0000096710   -0.0000065069   -0.0000232895   -0.0000000353    0.0000098716   -0.0000334066   -0.0000024376 
  -0.0000000821   -0.2710630122   -0.0024375091   -0.0013317955    0.0025714972    0.0000232454   -0.0000187686   -0.0000434245    0.0000169789    0.0000536592    0.0000274672   -0.0002462719    0.0000943576    0.0000789816   -0.0000099525   -0.0000196646    0.0000088404    0.0000135274   -0.0000415833    0.0000169583    0.0001243965    0.0000592899    0.0000129843   -0.0001713474    0.0000094777    0.0000711158    0.0003181389    0.0001627848    0.0000029625   -0.0000995980   -0.0000450098    0.0001104979    0.0001336646   -0.0000070049   -0.0000054737    0.0000109954    0.0000532784   -0.0000149761    0.0000182130   -0.0000365737   -0.0000183423    0.0000141838    0.0000454619    0.0001635271   -0.0000406609    0.0000303586    0.0000584013   -0.0000700354   -0.0000308062   -0.0000503333    0.0001046694    0.0000204635    0.0000197814   -0.0000048365    0.0000342305   -0.0000155575    0.0000127763    0.0000520995   -0.0001375307    0.0000313391   -0.0000182291    0.0000125168   -0.0000797460    0.0000040127    0.0000145079   -0.0000536400   -0.0000143477   -0.0000442124   -0.0000024343    0.0000063201   -0.0000258502    0.0000102310    0.0000022430   -0.0000176595    0.0000100958   -0.0000046881    0.0000119575   -0.0000372476    0.0000104420   -0.0000048709    0.0000285234    0.0000217960   -0.0000121898   -0.0000175478    0.0000258487    0.0000259347   -0.0000160021    0.0000058589   -0.0000115202    0.0000288806   -0.0000360437   -0.0000106147    0.0000278553    0.0000146946    0.0000144983    0.0000267623    0.0000151716    0.0000052492   -0.0000019508   -0.0000157882    0.0000140118   -0.0000054713    0.0000332148    0.0000689888    0.0000002746   -0.0000296369   -0.0000044331    0.0000494212    0.0000007329    0.0000180130   -0.0000231565   -0.0000146130   -0.0000226435    0.0000314376   -0.0000285755   -0.0000218820   -0.0000252681   -0.0000112923   -0.0000364561   -0.0000021670    0.0001029202    0.0000149930   -0.0000059708    0.0000083869    0.0000151870    0.0000086302    0.0000151312    0.0000031369    0.0000267366    0.0000196403    0.0000346605    0.0000097496    0.0000009700   -0.0000048160    0.0000065758    0.0000474904   -0.0000098701    0.0000448011   -0.0000000196    0.0000136333    0.0000056160    0.0000239951   -0.0000080657    0.0000410519   -0.0000030300   -0.0000466437   -0.0000007557   -0.0000056195    0.0000125403    0.0000120391   -0.0000194970    0.0000011972 
  -0.0007362360   -0.0024375091   -0.2708939653   -0.0102266018    0.0000445431    0.0003314275    0.0002358131    0.0009733426    0.0002325571    0.0000340468   -0.0000570327    0.0000724631   -0.0000113783    0.0000266117    0.0002030547   -0.0000537768   -0.0001017368   -0.0000129909    0.0001170833   -0.0000469590    0.0000029426   -0.0000194940   -0.0001239555    0.0000077056    0.0000161932   -0.0001551262   -0.0001212948    0.0000038543   -0.0000343327   -0.0000258083   -0.0000489229   -0.0000283940    0.0000898374   -0.0000724800    0.0000845308    0.0000466430   -0.0000044730   -0.0000169297    0.0000423815    0.0000360753   -0.0000197866   -0.0000518077   -0.0000413687   -0.0000324952    0.0000775631    0.0000065969    0.0000028800    0.0000295465   -0.0000383369    0.0000236122    0.0000097628    0.0000417208   -0.0000084972    0.0000410020   -0.0000107264   -0.0000584329   -0.0000037525    0.0000142499   -0.0000087228    0.0000051391   -0.0000131070   -0.0000154626   -0.0000150444   -0.0000069346   -0.0000001024    0.0000164174   -0.0000464901   -0.0000003022   -0.0000282492    0.0000345524    0.0000604820    0.0000158875    0.0000024563   -0.0000640688   -0.0000004701    0.0000155685   -0.0000324276   -0.0000126535    0.0000151326    0.0000303307    0.0000297265   -0.0000250844    0.0000447563   -0.0000198189   -0.0000319381   -0.0000585431    0.0000206663   -0.0000355256   -0.0000274003   -0.0000394445    0.0000480350    0.0000336778   -0.0000130916    0.0000006878   -0.0000048635   -0.0000034469    0.0000598617    0.0000348861   -0.0000131033   -0.0000154178    0.0000687822    0.0000279163   -0.0000034054    0.0000044177    0.0000015463   -0.0000125176    0.0000151716    0.0000023695   -0.0000216093   -0.0000095004   -0.0000107080    0.0000070322    0.0000086045    0.0000286623   -0.0000095460   -0.0000166313   -0.0000092572    0.0000007925    0.0000021957    0.0000365406    0.0000107874    0.0000143036    0.0000884556   -0.0000016339   -0.0000036960   -0.0000002487   -0.0000057752   -0.0000025558   -0.0000066872   -0.0000091756    0.0000034627   -0.0000157214    0.0000347252   -0.0000355609    0.0000011953   -0.0000267711    0.0000284726   -0.0000021802    0.0000142066   -0.0000166364   -0.0000070362    0.0000272518   -0.0000279435    0.0000187164   -0.0000077365   -0.0000273488    0.0000043332    0.0000070966    0.0000198248    0.0000054053   -0.0000099936   -0.0000135921 
   0.0017103135   -0.0013317955   -0.0102266018   -0.2707543179    0.0013449518    0.0001093954   -0.0002021286   -0.0000654351   -0.0002525487    0.0000797313   -0.0001283874   -0.0001480410    0.0001403236   -0.0000647655   -0.0000579272    0.0000350949    0.0001179947    0.0001019941   -0.0001864220    0.0000381539   -0.0000836635    0.0000068127   -0.0000082789   -0.0000115841    0.0000084082    0.0000919027   -0.0000322865   -0.0000378261    0.0001677313    0.0000493191    0.0000036013   -0.0000320359    0.0000127579    0.0000792389   -0.0000180469    0.0000000692   -0.0000952689   -0.0000192353   -0.0000483665   -0.0000560405    0.0000296008   -0.0000386838   -0.0000203782   -0.0000351030   -0.0000654270    0.0000031377   -0.0000295281    0.0001090132   -0.0000435957    0.0000064064    0.0000252505    0.0000383678   -0.0000599359   -0.0000430474    0.0000110645   -0.0000428137   -0.0000064186   -0.0000173773   -0.0000029708    0.0000164733    0.0000458896    0.0000465548   -0.0000735795   -0.0000110696    0.0000043686    0.0000040623   -0.0000182137    0.0000004407   -0.0000076968    0.0000159022   -0.0000481240   -0.0000137251    0.0000093843    0.0000071334   -0.0000081495    0.0000463211   -0.0000424778   -0.0000033258    0.0000203599    0.0000239106    0.0000108190   -0.0000222319   -0.0000102854   -0.0000329458   -0.0000163557   -0.0000009495   -0.0000150613   -0.0000689939    0.0000455361    0.0000668345    0.0000001722   -0.0000136178    0.0000307981    0.0000196410    0.0000275738    0.0000383009    0.0000412996    0.0000081444    0.0000056457    0.0000312693    0.0000077174   -0.0000048637    0.0000161815    0.0000267432   -0.0000280412    0.0000115378   -0.0000051076   -0.0000235673    0.0000145586    0.0000117510   -0.0000035141    0.0000052810   -0.0000035645    0.0000098510   -0.0000175919   -0.0000007965   -0.0000076159   -0.0000267050    0.0000074763   -0.0000333162   -0.0000075072   -0.0000030254   -0.0000092821   -0.0000023326   -0.0000584792   -0.0000070247   -0.0000297934    0.0000043554    0.0000102758    0.0000547991    0.0000007285   -0.0000121662   -0.0000076982   -0.0000197535   -0.0000052156    0.0000050444    0.0000245074    0.0000220959    0.0000148982    0.0000279390    0.0000105037    0.0000041339    0.0000038628    0.0000108124    0.0000021403    0.0000012418   -0.0000184518   -0.0000051089    0.0000056002   -0.0000012757   -0.0000033102   -0.0000062647 
  -0.0001255577    0.0025714972    0.0000445431    0.0013449518   -0.2696371384    0.0025103463   -0.0013268711   -0.0008322252   -0.0010978493   -0.0003499785    0.0001547294   -0.0002857333    0.0002298964   -0.0000757477    0.0001849079   -0.0002082511    0.0001115489    0.0000368169    0.0002044144    0.0001140038   -0.0000349302    0.0004066754    0.0000371021   -0.0000118156    0.0000331913    0.0000118377   -0.0000081370   -0.0000957467    0.0000006956   -0.0001302323    0.0001157383    0.0000505289   -0.0000351235    0.0001206848   -0.0001883917    0.0000459006   -0.0000301888    0.0000767914    0.0000940048    0.0000055896   -0.0000177654   -0.0000710386    0.0000282639    0.0000015593    0.0000396533   -0.0001059997    0.0000001891    0.0000083274    0.0000321748   -0.0000540693    0.0000282896   -0.0000033591    0.0000292503   -0.0000512712    0.0000195426    0.0000272570    0.0000124169   -0.0000605622    0.0000027824   -0.0000289496   -0.0000420941    0.0000452046   -0.0000385846   -0.0000339689    0.0000059172   -0.0000046298    0.0000210677   -0.0000494102    0.0000194779   -0.0000094894   -0.0000107051    0.0000267256   -0.0000038496    0.0000065317    0.0000032861    0.0000299507   -0.0000105213    0.0000236364   -0.0000339667   -0.0000036944    0.0000166019   -0.0000123794   -0.0000012171    0.0000004431    0.0000028329    0.0000088220   -0.0000194646    0.0000177308   -0.0000303417    0.0000398355    0.0000239363    0.0000248822   -0.0000743365   -0.0000051344   -0.0000260722    0.0000067293    0.0000212367    0.0000001956   -0.0000113026   -0.0000096313    0.0000131313    0.0000591517    0.0000157111   -0.0000015399    0.0000090484    0.0000316831   -0.0000500687   -0.0000177801   -0.0000151268   -0.0000059244    0.0000502694    0.0000061349   -0.0000121258    0.0000080202    0.0000147578   -0.0000112188    0.0000081054    0.0000185474    0.0000338594    0.0000051736    0.0000345524   -0.0000100972   -0.0000019198   -0.0000243891   -0.0000071315    0.0000105324    0.0000183423   -0.0000208119   -0.0000252343    0.0000083943    0.0000073396   -0.0000033869   -0.0000200806    0.0000047128    0.0000158603   -0.0000139037    0.0000116194   -0.0000136127    0.0000040060   -0.0000097209    0.0000064943    0.0000163490   -0.0000142727   -0.0000257951    0.0000276833    0.0000178866   -0.0000065446   -0.0000068748    0.0000095269    0.0000066237    0.0000065180    0.0000040753 
   0.0001581617    0.0000232454    0.0003314275    0.0001093954    0.0025103463   -0.2688286533   -0.0003367194    0.0003083268    0.0003932839    0.0002087729   -0.0000355858    0.0003122590    0.0001216917   -0.0003546898    0.0000143322   -0.0000312369   -0.0004071164    0.0002468158   -0.0000152098    0.0003468475   -0.0000667728    0.0000572518   -0.0000428284    0.0000461535   -0.0000083406    0.0001692821    0.0000647192    0.0000368214    0.0000453097    0.0000345745    0.0000461020   -0.0000684750   -0.0000843838    0.0001296663    0.0000727240    0.0001229926    0.0000758653   -0.0000258495    0.0000511227   -0.0000662745    0.0000674438   -0.0000421471   -0.0000772765   -0.0000082061   -0.0000269571   -0.0000082407    0.0000115628    0.0000534490    0.0000462718   -0.0000120758    0.0000081672    0.0000107793    0.0000235049    0.0000378643   -0.0000079114   -0.0000055033   -0.0002050612   -0.0000221209   -0.0000091601   -0.0000092167   -0.0000871179    0.0001096894   -0.0000313229   -0.0000168040   -0.0000347678   -0.0000184761    0.0000051356   -0.0000006267    0.0000105640   -0.0000043408   -0.0000081304    0.0000096291   -0.0000309885    0.0000051464   -0.0000081363    0.0000019265   -0.0000125293    0.0000044994    0.0000046594    0.0000040502   -0.0000071335   -0.0000139875    0.0000490082    0.0000894846   -0.0000840016    0.0000144528   -0.0000439478   -0.0000167305    0.0000143587   -0.0000148600   -0.0000017749   -0.0000039683    0.0000381649    0.0000015631   -0.0000155648    0.0000110285    0.0000106992    0.0000465026   -0.0000164549    0.0000052346    0.0000110358   -0.0000347362   -0.0000157596   -0.0000251711   -0.0000495182   -0.0000239238   -0.0000031542   -0.0000021813   -0.0000002560   -0.0000264999   -0.0000020011   -0.0000214954   -0.0000199549   -0.0000140559    0.0000191405   -0.0000099076   -0.0000095203   -0.0000251123   -0.0000193478    0.0000093167    0.0000155913    0.0000040546    0.0000080724   -0.0000504524    0.0000026795   -0.0000016925   -0.0000031083    0.0000138633    0.0000084244   -0.0000049276    0.0000102692   -0.0000105228   -0.0000178491    0.0000035117   -0.0000407388    0.0000028797    0.0000034736    0.0000037804   -0.0000105765   -0.0000117921    0.0000118781    0.0000075542    0.0000005305    0.0000072656    0.0000083759    0.0000108359    0.0000643539   -0.0000283639    0.0000154546   -0.0000029772   -0.0000022895   -0.0000165298 
  -0.0000355410   -0.0000187686    0.0002358131   -0.0002021286   -0.0013268711   -0.0003367194   -0.2682186145   -0.0018375397    0.0009784140    0.0000988630   -0.0000742924    0.0003233059   -0.0000549829   -0.0000603490   -0.0000221775    0.0001744417   -0.0002043703    0.0004132388    0.0000706079    0.0000775999   -0.0001327459    0.0000119377    0.0000235159    0.0000926303   -0.0000071669   -0.0000409005   -0.0000521546   -0.0001243965   -0.0001446306   -0.0000030922   -0.0000144888    0.0000245985    0.0000081076   -0.0000381296    0.0000103611    0.0000265786   -0.0001449320   -0.0000265330    0.0000271651   -0.0000459969   -0.0000599411   -0.0000132048    0.0000241928   -0.0000237658    0.0000452862   -0.0000213624    0.0000127167   -0.0000304005    0.0000788273    0.0000399046   -0.0000449187   -0.0000721411    0.0000097599    0.0000487031   -0.0000283955    0.0000022527    0.0000190207   -0.0000184445   -0.0000078291   -0.0000559655   -0.0000023654   -0.0000315669    0.0000009170    0.0000246955    0.0000210559   -0.0000344055   -0.0000111924    0.0000291547   -0.0000108344    0.0000058811   -0.0000327253    0.0000321512    0.0000318168   -0.0000090293   -0.0000262471   -0.0000082289    0.0000231271   -0.0000276311   -0.0000186187   -0.0000037143    0.0000247102   -0.0000002397   -0.0000116789   -0.0000145505   -0.0000257025   -0.0000005519    0.0000048903    0.0000236144   -0.0000134444   -0.0000179462    0.0000060095    0.0000265110   -0.0000243273   -0.0000077049   -0.0000133951   -0.0000241127   -0.0000060124   -0.0000096158    0.0000209986   -0.0000035432    0.0000581433    0.0000012179   -0.0000334691    0.0000003584   -0.0000243501   -0.0000294443    0.0000165798   -0.0000099943    0.0000601623    0.0000067700    0.0000093667    0.0000068987   -0.0000098863   -0.0000306482   -0.0000299691    0.0000443638   -0.0000178616   -0.0000116444   -0.0000078746    0.0000024620    0.0000040092    0.0000158221   -0.0000061013   -0.0000113577   -0.0000254937    0.0000180564   -0.0000361922   -0.0000283080   -0.0000149724    0.0000015083   -0.0000101266    0.0000380304   -0.0000163490   -0.0000568130   -0.0000107580    0.0000038006   -0.0000063165    0.0000218666    0.0000033105   -0.0000024958    0.0000109145   -0.0000025180    0.0000169922    0.0000114878   -0.0000156280   -0.0000145667   -0.0000066924    0.0000049668    0.0000054027   -0.0000039168   -0.0000143947    0.0000074109 
   0.0000813557   -0.0000434245    0.0009733426   -0.0000654351   -0.0008322252    0.0003083268   -0.0018375397   -0.2680642674   -0.0016908364    0.0004448800   -0.0000781144   -0.0005022677    0.0000597096   -0.0000996348    0.0000159022   -0.0000349582    0.0004993278    0.0000407859   -0.0000272849   -0.0002505936    0.0000526552   -0.0000139236    0.0000074447    0.0001550968   -0.0002978165    0.0002625445   -0.0000066260   -0.0000302836    0.0000428086   -0.0000738294   -0.0000199108    0.0000435097    0.0000240370    0.0000252843   -0.0000618080    0.0000282389   -0.0000171127   -0.0000551299   -0.0000389513    0.0000061927    0.0001444616    0.0000163417   -0.0000382097   -0.0000148453    0.0000315743    0.0000116473   -0.0000084928    0.0000022478   -0.0000194110   -0.0000039933   -0.0000163116   -0.0000387470    0.0000070634    0.0000743586   -0.0000171267   -0.0001050149    0.0000341938    0.0000083039    0.0000123948   -0.0000269762    0.0000617447    0.0000755934   -0.0000206031   -0.0000568784   -0.0000381083    0.0000154531   -0.0000199791   -0.0000202555    0.0001371117    0.0000064153   -0.0000002913    0.0000215652    0.0000344790   -0.0000076865    0.0000333919    0.0000156787   -0.0000103163    0.0000120031    0.0000031162    0.0000268373    0.0000052867   -0.0000073844    0.0000127660    0.0000404044   -0.0000603578    0.0000236159    0.0000458999   -0.0000131555   -0.0000033327   -0.0000166033    0.0000055739    0.0000259377   -0.0000019141   -0.0000175052    0.0000052676   -0.0000242854    0.0000087735    0.0000078158    0.0000027116   -0.0000606356   -0.0000277200   -0.0000222525   -0.0000340269    0.0000153899   -0.0000225479    0.0000342327   -0.0000005592    0.0000124632    0.0000111828    0.0000037869   -0.0000108433   -0.0000142749    0.0000107874   -0.0000123397    0.0000039384    0.0000031890   -0.0000173339    0.0000011855   -0.0000105096    0.0000059385    0.0000044709   -0.0000143322    0.0000095357   -0.0000290687   -0.0000409946   -0.0000020367    0.0000049989   -0.0000039825   -0.0000154803   -0.0000436214    0.0000040504   -0.0000294200    0.0000051160   -0.0000252336    0.0000340519   -0.0000033726   -0.0000113945    0.0000291584   -0.0000074616    0.0000174331   -0.0000050485   -0.0000062580    0.0000036179    0.0000216674   -0.0000055835    0.0000035524    0.0000097614   -0.0000178778   -0.0000097106    0.0000067364    0.0000055512   -0.0000237085 
  -0.0000996348    0.0000169789    0.0002325571   -0.0002525487   -0.0010978493    0.0003932839    0.0009784140   -0.0016908364   -0.2670132367    0.0000537775    0.0003074007   -0.0006149632    0.0002906651    0.0000020153    0.0003495228   -0.0002278091   -0.0000295222    0.0001898470    0.0001032729    0.0000490317    0.0000772250    0.0000203025   -0.0001981524    0.0000646384   -0.0001873334    0.0000459800    0.0000455302    0.0000192618    0.0000687381   -0.0000048128    0.0000066226    0.0000749319   -0.0000352404   -0.0000103464   -0.0000059912   -0.0000794961   -0.0000424374    0.0000047077    0.0000262721    0.0000996127    0.0001444101   -0.0000539546    0.0000364524   -0.0000006984   -0.0000129483    0.0000339645   -0.0000062351   -0.0000718655   -0.0000235085   -0.0000692269    0.0000189472   -0.0001879287    0.0000223958   -0.0000489523   -0.0000020622    0.0000935344    0.0000128013    0.0000362598   -0.0000051853   -0.0000489927    0.0000008660   -0.0000516563    0.0000145351    0.0000126976    0.0000277553   -0.0000148864   -0.0000247029    0.0000330391    0.0000309958    0.0000530388    0.0000323659    0.0000087463   -0.0000152282   -0.0000404478    0.0000704205    0.0000308187   -0.0000533571    0.0000101568    0.0000109638    0.0000067226    0.0000068200   -0.0000059014   -0.0000103567    0.0000477962    0.0000494227   -0.0000454155   -0.0000213256    0.0000041792    0.0000174287   -0.0000238599    0.0000278905    0.0000349082    0.0000195257   -0.0000018816    0.0000114018   -0.0000014231    0.0000028252   -0.0000184570   -0.0000025311    0.0000579632   -0.0000293568   -0.0000285057    0.0000341394   -0.0000012032   -0.0000192067   -0.0000068087    0.0000189546    0.0000116833    0.0000158478    0.0000299713   -0.0000374483    0.0000033004    0.0000085729    0.0000229308   -0.0000160617   -0.0000249903    0.0000215983    0.0000141147    0.0000134561    0.0000243501    0.0000172501   -0.0000228537    0.0000071606   -0.0000149048    0.0000390572   -0.0000210860   -0.0000231183   -0.0000013358    0.0000035788   -0.0000354807    0.0000119957    0.0000334095    0.0000216872    0.0000002630   -0.0000045271   -0.0000236195    0.0000007110   -0.0000198615    0.0000263515    0.0000189406   -0.0000428982    0.0000053019   -0.0000145336    0.0000528911    0.0000109337    0.0000199997    0.0000041908   -0.0000078717   -0.0000114467   -0.0000033417    0.0000053578    0.0000035156 
   0.0000520209    0.0000536592    0.0000340468    0.0000797313   -0.0003499785    0.0002087729    0.0000988630    0.0004448800    0.0000537775   -0.2658005090   -0.0041616404   -0.0001223605    0.0005632716   -0.0001060953    0.0000997818   -0.0003112006   -0.0000104074   -0.0001580074    0.0002247662   -0.0002028857   -0.0001488054    0.0000402956   -0.0001041035   -0.0001020161    0.0000724160    0.0000561684    0.0000114467   -0.0000458881    0.0000077159    0.0000137457   -0.0000179432    0.0000296898    0.0000178668   -0.0000363899    0.0000109395   -0.0000191707   -0.0000179153   -0.0000127469   -0.0000214844    0.0000412180   -0.0000022417    0.0000280074    0.0000101774   -0.0000474485   -0.0000029016   -0.0000258921    0.0000815982   -0.0000279368    0.0000116892    0.0001727733   -0.0000158132    0.0000203702   -0.0000220930   -0.0000050477   -0.0000195595    0.0000676327   -0.0000192633    0.0000196749   -0.0000722543    0.0000303564   -0.0000328524   -0.0000215924   -0.0000337307    0.0000300396    0.0000267638   -0.0000311061    0.0000173971    0.0000142124    0.0000096195   -0.0000014214    0.0000748804    0.0000918586   -0.0000055044    0.0000073241   -0.0000291782    0.0000283176    0.0000335587    0.0000023308    0.0000415311    0.0000554172   -0.0000243442    0.0000183173   -0.0000256312   -0.0000053983    0.0000277354    0.0000089036    0.0000540237   -0.0000127094   -0.0000079158    0.0000314743   -0.0000192640   -0.0000101024    0.0000393593   -0.0000082039   -0.0000345605    0.0000374931   -0.0000635212   -0.0000782540   -0.0000176742    0.0000227552   -0.0000151356   -0.0000034401    0.0000180233   -0.0000183026   -0.0000135157   -0.0000139949    0.0000045455    0.0000074344   -0.0000264000    0.0000440823   -0.0000430239   -0.0000214410   -0.0000239003    0.0000257899    0.0000158720   -0.0000276054   -0.0000303233   -0.0000146608    0.0000421250   -0.0000147269    0.0000506538   -0.0000006829   -0.0000377349    0.0000306151   -0.0000150702    0.0000198101    0.0000088213    0.0000030889   -0.0000117208   -0.0000201195   -0.0000154582    0.0000127741    0.0000126506    0.0000053304    0.0000018544   -0.0000014806    0.0000103633    0.0000200938    0.0000022573   -0.0000504921   -0.0000058148    0.0000311921   -0.0000260700    0.0000213021    0.0000122125   -0.0000038331    0.0000152738    0.0000221613   -0.0000066130   -0.0000111880   -0.0000057221    0.0000139258 
  -0.0000173530    0.0000274672   -0.0000570327   -0.0001283874    0.0001547294   -0.0000355858   -0.0000742924   -0.0000781144    0.0003074007   -0.0041616404   -0.2653889166   -0.0315794289   -0.0013295905    0.0001332016    0.0001452186    0.0004727580   -0.0000454317   -0.0000729371   -0.0001600433   -0.0000078129    0.0001667023    0.0000167430   -0.0000841413    0.0000861331    0.0000290944   -0.0000763577    0.0002449710   -0.0003810023    0.0000508846    0.0000478910   -0.0000404434    0.0001022954   -0.0001943304   -0.0000152436    0.0000169488   -0.0000498365   -0.0000599492    0.0000930640    0.0000473037    0.0000586828   -0.0000276245    0.0000396202   -0.0000518041   -0.0000946295   -0.0000176999   -0.0000047396   -0.0000631236   -0.0000167606   -0.0000106117    0.0000356130    0.0001454097    0.0000216336    0.0000741895    0.0000237842    0.0000759976   -0.0000108697    0.0000547536   -0.0000561059   -0.0000714561   -0.0000254100   -0.0000108697   -0.0000091528   -0.0000074300   -0.0000012248   -0.0000002562    0.0000006418    0.0000480512   -0.0000259443   -0.0000272878   -0.0000204231    0.0000169547   -0.0000198049    0.0000103648   -0.0000115731   -0.0000005094   -0.0000160999    0.0000509287    0.0000446247   -0.0000091447    0.0000083340   -0.0000047355    0.0000159499   -0.0000058263   -0.0000472457   -0.0000163733   -0.0000256584    0.0000241906   -0.0000177639    0.0000017552   -0.0000026477    0.0000260883    0.0000299470    0.0000081290    0.0000162057   -0.0000074307    0.0000174971   -0.0000446225   -0.0000222208    0.0000017997    0.0000159573   -0.0000595589   -0.0000692453    0.0000138030    0.0000225472    0.0000279479    0.0000156552    0.0000095372   -0.0000189906   -0.0000183703    0.0000268248    0.0000059119   -0.0000032782    0.0000038999   -0.0000207751    0.0000109145    0.0000280287    0.0000202570   -0.0000037582    0.0000067537    0.0000009995    0.0000128461   -0.0000241921    0.0000080253    0.0000071653    0.0000050790   -0.0000144844    0.0000233784    0.0000022544   -0.0000036690    0.0000105434    0.0000033569   -0.0000060489    0.0000628428   -0.0000833622   -0.0000267631    0.0000313567   -0.0000049592    0.0000066110   -0.0000047010    0.0000016515    0.0000217637    0.0000036247    0.0000116098    0.0000207127   -0.0000031205    0.0000050054    0.0000132136    0.0000245559   -0.0000179836    0.0000076417    0.0000030422   -0.0000010885 
   0.0000418097   -0.0002462719    0.0000724631   -0.0001480410   -0.0002857333    0.0003122590    0.0003233059   -0.0005022677   -0.0006149632   -0.0001223605   -0.0315794289   -0.2652272196    0.0004557798   -0.0003940630    0.0003005801   -0.0003818990    0.0001702523   -0.0001220151    0.0003355948   -0.0001127396   -0.0001340468   -0.0000550520   -0.0001706418    0.0001866719    0.0000292679    0.0001154958    0.0000129306    0.0000874119   -0.0000226236   -0.0000028481    0.0000014491    0.0000400935   -0.0000727350    0.0000178977    0.0000280574    0.0000514491   -0.0001138641   -0.0000862139    0.0000303917    0.0000754464   -0.0000481071   -0.0000344554   -0.0000067240   -0.0000853907    0.0000130636   -0.0000061655   -0.0000687374    0.0000153972   -0.0000835974   -0.0000162807    0.0000090896   -0.0000253725   -0.0000223443   -0.0000482283    0.0000646060    0.0000052606    0.0000050039    0.0000603909    0.0001278876   -0.0000904989   -0.0000574282   -0.0000326334   -0.0000138692    0.0000455140   -0.0000249484   -0.0000439287    0.0000058996    0.0000323931    0.0000064784   -0.0000190259    0.0000137068   -0.0000428313    0.0000065483   -0.0000203187    0.0000203216    0.0000107808    0.0000520980   -0.0000063096   -0.0000617881   -0.0000078070   -0.0000059868   -0.0000301683    0.0000463563   -0.0000454861   -0.0000161006   -0.0000056235    0.0000136215   -0.0000552739   -0.0000012956    0.0000251042   -0.0000457933   -0.0000012043   -0.0000076247    0.0000156618    0.0000154259   -0.0000018855   -0.0000029345    0.0000040804   -0.0000278413    0.0000065578    0.0000573172   -0.0000022676    0.0000341585   -0.0000003550    0.0000121626   -0.0000053547   -0.0000389535   -0.0000114584    0.0000289717    0.0000294722   -0.0000573547    0.0000159698    0.0000111644   -0.0000449319    0.0000139794    0.0000004882    0.0000095739    0.0000113857   -0.0000012650   -0.0000057893    0.0000221841   -0.0000150430   -0.0000048122   -0.0000153664    0.0000076130    0.0000031124   -0.0000042593   -0.0000146762   -0.0000242141    0.0000061236    0.0000171355   -0.0000050036    0.0000025505   -0.0000055830    0.0000031486   -0.0000225876   -0.0000070986   -0.0000404279   -0.0000261957   -0.0000297067   -0.0000050741   -0.0000238371   -0.0000117899    0.0000628399    0.0000193654    0.0000021961   -0.0000008690    0.0000036568   -0.0000273018   -0.0000269174   -0.0000007720   -0.0000069408 
  -0.0001213242    0.0000943576   -0.0000113783    0.0001403236    0.0002298964    0.0001216917   -0.0000549829    0.0000597096    0.0002906651    0.0005632716   -0.0013295905    0.0004557798   -0.2644554838    0.0004103650   -0.0001034861    0.0000614794   -0.0008344301    0.0011397435   -0.0000692622   -0.0000049111   -0.0005115138   -0.0000278927    0.0000592833    0.0002371140   -0.0001012738   -0.0000831858    0.0000077982   -0.0000437390    0.0000023223   -0.0001797850    0.0001480336    0.0000535945    0.0001575076   -0.0000378342    0.0000240789    0.0001594553   -0.0000139353    0.0000332486   -0.0000279831    0.0000321101    0.0000467510    0.0000094438    0.0000290290    0.0000514226   -0.0000710960    0.0000431687    0.0000004260    0.0000823626    0.0000312957    0.0000002982   -0.0000380708   -0.0000371462   -0.0000058054   -0.0000739837    0.0000599918   -0.0000473699    0.0000188568   -0.0000110380    0.0000023278    0.0000606474    0.0000355101   -0.0000535276   -0.0000192023   -0.0000234446    0.0000234777   -0.0000403022    0.0000354028   -0.0000202342    0.0000348362   -0.0000073329    0.0000327076    0.0000346862   -0.0000030289   -0.0000087941   -0.0000231175    0.0000305622    0.0000053733   -0.0000076387    0.0000801282    0.0000520356   -0.0000131467   -0.0000158742    0.0000071430    0.0000234101   -0.0000962832   -0.0000138016   -0.0000002693   -0.0000380488   -0.0000241237    0.0000009505   -0.0000105838    0.0000264757   -0.0000064680    0.0000020979    0.0000272937   -0.0000197991   -0.0000092020   -0.0000179131   -0.0000272371   -0.0000025697    0.0000352353   -0.0000308981    0.0000227273    0.0000112504   -0.0000213646    0.0000015980    0.0000123331   -0.0000073903   -0.0000062092   -0.0000088882    0.0000037473    0.0000123456   -0.0000054807   -0.0000126366   -0.0000330913    0.0000106610    0.0000000618   -0.0000025624    0.0000232594    0.0000141279    0.0000022862    0.0000096555   -0.0000115275    0.0000078746   -0.0000182218    0.0000275840    0.0000008812    0.0000031889   -0.0000045846    0.0000060378   -0.0000026168   -0.0000279310   -0.0000513028   -0.0000090212    0.0000359820    0.0000098106    0.0000145072   -0.0000072046    0.0000187150   -0.0000047354    0.0000101127    0.0000082804    0.0000155134   -0.0000234696    0.0000305137   -0.0000089301   -0.0000018126   -0.0000014486    0.0000020470   -0.0000240216    0.0000263647   -0.0000257392 
   0.0001463873    0.0000789816    0.0000266117   -0.0000647655   -0.0000757477   -0.0003546898   -0.0000603490   -0.0000996348    0.0000020153   -0.0001060953    0.0001332016   -0.0003940630    0.0004103650   -0.2634632520   -0.0008392811    0.0007428508    0.0001290416   -0.0001799026    0.0007103350   -0.0003218506   -0.0001954256   -0.0000155773   -0.0000209434   -0.0001823722    0.0000562963   -0.0001276304   -0.0000112107   -0.0000814439    0.0000989733   -0.0000048688    0.0000298250    0.0000526544   -0.0000097386   -0.0000463034   -0.0000063407   -0.0001153855    0.0000159874    0.0000325298   -0.0000182593   -0.0000619167    0.0000150364   -0.0000178440   -0.0000009705    0.0000198505    0.0000111556    0.0000081591   -0.0000022374   -0.0000229698    0.0000525185   -0.0000195999    0.0000568078    0.0001289975    0.0000177507   -0.0000635241   -0.0000170245    0.0000461917   -0.0000329561    0.0000026203    0.0000007657    0.0000012270   -0.0000343158   -0.0000247110   -0.0000044926   -0.0000570474    0.0000100833    0.0000204003   -0.0000384354    0.0000017638    0.0001191487    0.0000405933   -0.0000203422   -0.0000151892    0.0000163123    0.0000255422   -0.0000480858    0.0000226736   -0.0000107433   -0.0000094144    0.0000048751    0.0000344260    0.0000137413   -0.0000086052    0.0000065994    0.0000044553   -0.0000342798   -0.0000034902   -0.0000017804   -0.0000496072   -0.0000083340   -0.0000159367    0.0000026352    0.0000328980    0.0000036690    0.0000095291   -0.0000461946    0.0000437993   -0.0000163410   -0.0000066383   -0.0000007834   -0.0000289055   -0.0000099289    0.0000175074    0.0000100656    0.0000297023    0.0000228463    0.0000632537   -0.0000030306    0.0000293892   -0.0000094394    0.0000105684   -0.0000081995   -0.0000041060   -0.0000147710    0.0000183827    0.0000103089    0.0000063195   -0.0000199534   -0.0000364178    0.0000058229    0.0000036790    0.0000344540    0.0000071966    0.0000062044    0.0000121361    0.0000128770    0.0000192390   -0.0000278031    0.0000274914    0.0000054743   -0.0000208207   -0.0000149680    0.0000050344   -0.0000157802   -0.0000246978    0.0000465886    0.0000209802    0.0000030525    0.0000100193   -0.0000298022    0.0000011633   -0.0000086787   -0.0000141242   -0.0000101068   -0.0000148048    0.0000098290   -0.0000098584   -0.0000090073   -0.0000150819    0.0000131313   -0.0000264169    0.0000061817   -0.0000058358 
  -0.0001716046   -0.0000099525    0.0002030547   -0.0000579272    0.0001849079    0.0000143322   -0.0000221775    0.0000159022    0.0003495228    0.0000997818    0.0001452186    0.0003005801   -0.0001034861   -0.0008392811   -0.2626253674   -0.0000477146    0.0031968972   -0.0017111955   -0.0001815564   -0.0002274122    0.0001805788   -0.0000302829   -0.0001261751    0.0000760123    0.0000632199   -0.0000239870    0.0000280162    0.0000446034    0.0000548219    0.0000907708   -0.0000618241   -0.0000426233    0.0001159809    0.0003505151    0.0000284763   -0.0001045445   -0.0001215447    0.0000664215   -0.0000536878   -0.0000521164    0.0001563243    0.0000528272   -0.0000218894   -0.0000045656   -0.0000442543   -0.0000242068    0.0000378106   -0.0000607356   -0.0000024943    0.0000141676   -0.0000381392    0.0000504884    0.0000273944   -0.0000144241   -0.0000468936   -0.0000623981   -0.0000129821   -0.0000156096   -0.0000039276   -0.0000144307    0.0000757036   -0.0000211184   -0.0000277715   -0.0000382722    0.0000073120   -0.0000622467    0.0000589959    0.0000742924   -0.0000346678   -0.0000007112    0.0000821788    0.0000141632    0.0000130769   -0.0000043338    0.0000046270    0.0000395753    0.0000447173   -0.0000397723    0.0000046392   -0.0000252674    0.0000102751    0.0000001774   -0.0000341063   -0.0000243479    0.0000066072   -0.0000687286   -0.0000370352    0.0000482945   -0.0000116510    0.0000127880   -0.0000120876   -0.0000170039   -0.0000080165   -0.0000246544   -0.0000255628   -0.0000687043   -0.0000091800   -0.0000015747   -0.0000006450    0.0000105000   -0.0000345135    0.0000075351   -0.0000056651   -0.0000295957   -0.0000183541   -0.0000130703    0.0000089845    0.0000072121    0.0000136274    0.0000250733   -0.0000183725    0.0000034843    0.0000216307    0.0000152921    0.0000187980   -0.0000160727   -0.0000340240    0.0000199593   -0.0000093895    0.0000102913   -0.0000235754   -0.0000004026    0.0000136641    0.0000152951    0.0000018554    0.0000143425    0.0000196499    0.0000235622   -0.0000469899   -0.0000393394   -0.0000034785   -0.0000079827    0.0000206487   -0.0000063850   -0.0000041397    0.0000042995   -0.0000399664    0.0000172597   -0.0000029300    0.0000221870    0.0000245272    0.0000052467   -0.0000031169   -0.0000114952   -0.0000044129   -0.0000016198   -0.0000194411   -0.0000066025   -0.0000327576    0.0000094071   -0.0000179954    0.0000011311 
  -0.0002958615   -0.0000196646   -0.0000537768    0.0000350949   -0.0002082511   -0.0000312369    0.0001744417   -0.0000349582   -0.0002278091   -0.0003112006    0.0004727580   -0.0003818990    0.0000614794    0.0007428508   -0.0000477146   -0.2623166731   -0.0040547734    0.0033566832    0.0004332966   -0.0008533193   -0.0001055808    0.0000443520   -0.0001568976   -0.0003878891    0.0001500916   -0.0003175803    0.0000047720    0.0000847145    0.0000632081    0.0000781658   -0.0000642724    0.0000699376    0.0001698774    0.0000668367    0.0000021871    0.0001002154   -0.0000498666   -0.0000269755    0.0000037175    0.0000109462    0.0000211742   -0.0000400648   -0.0000237496    0.0000073719    0.0000227500    0.0000637924    0.0000009458    0.0000372800   -0.0000079062   -0.0000331082    0.0000090859   -0.0000603497    0.0000296141   -0.0000878382   -0.0000043976    0.0000156471    0.0000375931   -0.0000328546   -0.0000223098   -0.0000282382    0.0000374814    0.0000025594   -0.0000019950   -0.0000279758    0.0000117767    0.0000395004    0.0000301065    0.0000137060    0.0000431261    0.0000160249    0.0000737632   -0.0000183364   -0.0000460388    0.0000147108    0.0000797534   -0.0000545522    0.0000362855    0.0000219026   -0.0000214800    0.0000190979    0.0000101913   -0.0000117436   -0.0000248278    0.0000043202    0.0000161036    0.0000306173   -0.0000061000   -0.0000553129   -0.0000187863    0.0000488229   -0.0000002870    0.0000117208    0.0000248866    0.0000438772   -0.0000346598    0.0000152929    0.0000139140    0.0000029982   -0.0000029886   -0.0000339284   -0.0000222282    0.0000278935    0.0000195301   -0.0000135465   -0.0000143403    0.0000457698   -0.0000121295    0.0000255364   -0.0000159860    0.0000247992   -0.0000294818   -0.0000062469   -0.0000140706   -0.0000040439   -0.0000394570    0.0000235438    0.0000267682   -0.0000108535    0.0000277847    0.0000059847    0.0000214976   -0.0000277950   -0.0000177507   -0.0000158478    0.0000429217    0.0000035021   -0.0000010194   -0.0000180469   -0.0000157684   -0.0000043789   -0.0000040219    0.0000048826    0.0000046109   -0.0000008993   -0.0000366824    0.0000007864   -0.0000373329   -0.0000129446    0.0000343672    0.0000451532   -0.0000341431   -0.0000082267    0.0000007817    0.0000343562   -0.0000156361    0.0000208347   -0.0000373689    0.0000035234    0.0000158698    0.0000160653    0.0000048256    0.0000181064 
