   0.0000000000   -0.0000489053    0.0002757228    0.0003197338    0.0008429560   -0.0000350655   -0.0002304624    0.0001769259   -0.0000189957    0.0001353698   -0.0000260832   -0.0000542927    0.0000252152   -0.0001249110   -0.0001260502    0.0002564441    0.0001245508   -0.0000742851    0.0004129522    0.0001250285   -0.0000711915   -0.0000108925   -0.0000240289   -0.0000085045    0.0001210082    0.0000305490    0.0001533990    0.0000370183    0.0000248793   -0.0000367728   -0.0000358534   -0.0000874854   -0.0000316243    0.0000080863   -0.0000099767    0.0000324996   -0.0000419398    0.0001044710    0.0000035572    0.0000333059    0.0000672035    0.0000197528    0.0000015790   -0.0000148151    0.0000530763   -0.0000300749   -0.0000118112   -0.0000650154   -0.0000083399   -0.0000363671    0.0000154597    0.0000275466    0.0000489369   -0.0000187649   -0.0000559413   -0.0000089323    0.0000147269   -0.0000609715    0.0000016545    0.0000547954    0.0000375012   -0.0000124161   -0.0000013021    0.0000085501   -0.0000335264   -0.0000301396    0.0000245684    0.0000053891    0.0000072533   -0.0000119795    0.0001094983    0.0000438581    0.0000553658    0.0000329428    0.0000825537   -0.0000089213   -0.0000035333   -0.0000510698    0.0000086574   -0.0000334463   -0.0000096489    0.0000455795    0.0000429137    0.0000243516    0.0000392931    0.0000419398    0.0000552460   -0.0000274407   -0.0000215160    0.0000407616   -0.0000101553   -0.0000310760    0.0000155178   -0.0000171480    0.0000599521   -0.0000206737   -0.0000175985   -0.0000037104   -0.0000219827   -0.0000392747    0.0000488171   -0.0000030240    0.0000020855    0.0000147857   -0.0000142448    0.0000084788    0.0000312450   -0.0000083156   -0.0000121317   -0.0000004078   -0.0000164519    0.0000119553    0.0000096790    0.0000241399   -0.0000202254    0.0000150268   -0.0000545816    0.0000088412    0.0000086148    0.0000110711   -0.0000076843   -0.0000205708   -0.0000067815    0.0000268932   -0.0000116694   -0.0000198270    0.0000019551   -0.0000055752    0.0000120869   -0.0000259311   -0.0000195631   -0.0000313994    0.0000329509   -0.0000242376    0.0000128461    0.0000007598    0.0000154252   -0.0000058262    0.0000470876   -0.0000305541   -0.0000176389    0.0000162594   -0.0000190707    0.0000094865    0.0000047923   -0.0000210640   -0.0000022781    0.0000287850   -0.0000013955   -0.0000179366   -0.0000213991   -0.0000020264 
   0.0000489053    0.0000000000   -0.0040553614   -0.0047397808    0.0001697598   -0.0004945503    0.0000744174    0.0000453884    0.0004126288   -0.0001142463    0.0000582514   -0.0000622394   -0.0005425964   -0.0002591121    0.0001692894   -0.0000107029    0.0001138641    0.0001761763   -0.0000578155    0.0000171340    0.0002047525   -0.0000562610   -0.0000595361    0.0000917484    0.0000517702    0.0000109381    0.0001507237   -0.0002015333    0.0000746673   -0.0002482270    0.0000341548   -0.0000138486   -0.0000019360   -0.0000499460    0.0000085222    0.0000189604   -0.0000338447   -0.0000183592    0.0000382979   -0.0000428159    0.0000057259    0.0000055773    0.0000004249   -0.0000725417   -0.0000229353    0.0000324129   -0.0000415378    0.0000140669   -0.0000665464   -0.0000031164   -0.0000597515    0.0001254401    0.0000096732    0.0000231535   -0.0000088382    0.0000281169   -0.0000694349   -0.0000140125   -0.0000821274   -0.0000839943   -0.0000117274    0.0000098518   -0.0000582830   -0.0000241333   -0.0000101516    0.0000410637   -0.0000114312    0.0000040209   -0.0000251182    0.0000266469   -0.0000110277   -0.0000056357    0.0000181130   -0.0000045214    0.0000079886    0.0000647273   -0.0000077629    0.0000275245   -0.0000003109    0.0000226435   -0.0000146093   -0.0000390947    0.0000002251    0.0000074858    0.0000630229   -0.0000152473    0.0000224274   -0.0000213175   -0.0000187392    0.0000441359   -0.0000515358    0.0000111211    0.0000039578    0.0000081606    0.0000049775   -0.0000213837   -0.0000498681    0.0000021868   -0.0000152693   -0.0000458426    0.0000137288   -0.0000024691    0.0000125675    0.0000670668    0.0000050226   -0.0000237261   -0.0000036091   -0.0000364046    0.0000038075    0.0000015665    0.0000198174    0.0000248866    0.0000156383    0.0000014936   -0.0000219533    0.0000174126    0.0000298985    0.0000462336    0.0000055261   -0.0000180674    0.0000803267    0.0000115775    0.0000117627    0.0000122250    0.0000079401   -0.0000133856   -0.0000203724    0.0000171068   -0.0000144307   -0.0000374270   -0.0000228397   -0.0000255334    0.0000139045    0.0000102869   -0.0000000264   -0.0000285065   -0.0000051211    0.0000633206   -0.0000078658    0.0000261876    0.0000138038    0.0000407307    0.0000177999    0.0000005152    0.0000228522   -0.0000440257    0.0000046659   -0.0000121824   -0.0000137141   -0.0000143366   -0.0000219349   -0.0000060199 
  -0.0002757228    0.0040553614    0.0000000000   -0.0010944684   -0.0014810712    0.0001501136    0.0003222034   -0.0002400907    0.0002255453    0.0001288578    0.0002055316   -0.0003520512    0.0000551644    0.0000808559   -0.0000130056    0.0000444571   -0.0001772420    0.0000336492   -0.0000236151    0.0000130548   -0.0001642180    0.0000877427   -0.0001203393   -0.0000875810    0.0001457772   -0.0000337212    0.0000675967   -0.0000357718    0.0000684802    0.0000319308   -0.0000380260    0.0000101222    0.0000044432   -0.0000693357    0.0000387566    0.0000259965    0.0000072867   -0.0000425998   -0.0000240289    0.0000344194    0.0000240620    0.0000337418   -0.0000307239    0.0000168900    0.0000373285    0.0000097709    0.0000396797    0.0000082576   -0.0000270688   -0.0000583910   -0.0000092138    0.0000127689   -0.0000229301   -0.0000792756   -0.0000522245   -0.0000090220    0.0000029480    0.0000033490   -0.0000184482   -0.0000166636   -0.0000194816   -0.0000090095    0.0000113386    0.0000369125    0.0000219364   -0.0000418509    0.0000114893    0.0000965478    0.0000652955   -0.0000183739   -0.0000000616   -0.0000092792    0.0000056235    0.0000271431    0.0000023171    0.0000011652   -0.0000136259   -0.0000162630   -0.0000233549    0.0000378761    0.0000102781   -0.0000336065   -0.0000376350    0.0000195874    0.0000539451   -0.0000079511    0.0000019811   -0.0000380569   -0.0000000221    0.0000008965   -0.0000588687    0.0000110101    0.0000250851   -0.0000364855   -0.0000705058   -0.0000055521   -0.0000284168   -0.0000463666    0.0000157530   -0.0000223090   -0.0000055702    0.0000000170   -0.0000190376   -0.0000163549    0.0000114922   -0.0000081503    0.0000092932    0.0000220614    0.0000386581    0.0000135385   -0.0000111056   -0.0000110924   -0.0000285645   -0.0000237636   -0.0000167592    0.0000028336    0.0000103141    0.0000000874    0.0000054428    0.0000426748   -0.0000148063   -0.0000126793    0.0000636182    0.0000162292    0.0000436045    0.0000006868    0.0000380231   -0.0000096798    0.0000119994    0.0000281029    0.0000271820   -0.0000038756    0.0000485091    0.0000141661    0.0000187671    0.0000246375   -0.0000440602   -0.0000501290   -0.0000369588   -0.0000068385   -0.0000005440    0.0000305210   -0.0000381774   -0.0000180917    0.0000109366   -0.0000061645    0.0000263500   -0.0000074902   -0.0000115172   -0.0000105963    0.0000099289   -0.0000244589 
  -0.0003197338    0.0047397808    0.0010944684    0.0000000000   -0.0000647038    0.0002562898   -0.0010014191   -0.0000418656    0.0002841164   -0.0000160345    0.0000203040   -0.0006680660   -0.0002409947    0.0000408417    0.0001688190   -0.0000072760   -0.0001523333   -0.0001698701   -0.0000875883   -0.0000216549    0.0001383392    0.0000304270    0.0000976209    0.0000055386   -0.0000162564   -0.0000255290    0.0000225325   -0.0000817819    0.0001512823   -0.0000948941   -0.0000456008    0.0000018329   -0.0000302234   -0.0000840972    0.0000047770    0.0000182732   -0.0000050186    0.0000048500   -0.0000545389   -0.0000083347   -0.0000441587    0.0000178984   -0.0001074844    0.0000042758    0.0000358482   -0.0000160800   -0.0000001485    0.0000773647    0.0000572327    0.0000052474    0.0000045443    0.0000060141   -0.0000447541    0.0000143205   -0.0000068138    0.0000020961    0.0000790110   -0.0000094953    0.0000535901    0.0000139971   -0.0000723094   -0.0000224171   -0.0000574208   -0.0000106066   -0.0000255393    0.0000324710    0.0000084156   -0.0000852511   -0.0000340372    0.0000372521   -0.0000590150   -0.0000289526    0.0000358872   -0.0000063222   -0.0000148372    0.0000524655   -0.0000677555    0.0000178153   -0.0000078563    0.0000374123   -0.0000105853   -0.0000160359    0.0000655204   -0.0000153612   -0.0000801062   -0.0000118215   -0.0000096974    0.0000260435    0.0000293701    0.0000655351    0.0000253306    0.0000112034    0.0000205862    0.0000031219   -0.0000068644    0.0000318543   -0.0000836782    0.0000451113    0.0000644796   -0.0000052846    0.0000030590    0.0000051986    0.0000221797    0.0000212176    0.0000309429    0.0000288931    0.0000097944    0.0000647354   -0.0000061739   -0.0000219805    0.0000030908    0.0000028615   -0.0000260104   -0.0000071767   -0.0000165908    0.0000112740   -0.0000220871    0.0000230330   -0.0000219967   -0.0000468363   -0.0000149834    0.0000245280    0.0000131386   -0.0000017827    0.0000310951    0.0000128027   -0.0000412643   -0.0000006565    0.0000049905   -0.0000003529    0.0000219077   -0.0000260942   -0.0000091065   -0.0000039891   -0.0000064314   -0.0000188186   -0.0000094924    0.0000156067    0.0000216137    0.0000056080   -0.0000084479    0.0000338564    0.0000017937   -0.0000023355    0.0000131474    0.0000064255   -0.0000083855    0.0000017862   -0.0000191956   -0.0000023842   -0.0000014739   -0.0000004684 
  -0.0008429560   -0.0001697598    0.0014810712    0.0000647038    0.0000000000   -0.0055390786   -0.0000853025   -0.0002139399    0.0001781166    0.0001099834    0.0003018736   -0.0003349480    0.0001141654    0.0000947177   -0.0001663862    0.0000124610   -0.0000517019   -0.0000005370    0.0001195088   -0.0001183843    0.0001973439    0.0001500328    0.0000071322   -0.0000232903    0.0001260796   -0.0000366339    0.0000019329   -0.0000627862   -0.0000217482    0.0000575935   -0.0001194868   -0.0000731701   -0.0000232991   -0.0000581845   -0.0001426756    0.0000567277   -0.0001045371   -0.0000398965    0.0001122251   -0.0001450128   -0.0000813410    0.0000803414   -0.0000232204   -0.0000294678   -0.0000437780    0.0000475639    0.0000457919    0.0000467216    0.0000712378    0.0000789008    0.0000265426   -0.0000132092    0.0000100693    0.0000971432    0.0000091212    0.0000049241   -0.0000025565   -0.0000523516    0.0000347796    0.0000218276   -0.0000111850    0.0000321027   -0.0000017981    0.0000491346   -0.0000022548    0.0000196021   -0.0000352573    0.0000192302    0.0000222796    0.0000404066   -0.0000069203   -0.0000320057    0.0000062594    0.0000160528   -0.0000086809    0.0000286718    0.0000214175   -0.0000272165    0.0000460829   -0.0000400626   -0.0000134451    0.0000028387   -0.0000023762    0.0000591524    0.0000203033   -0.0000038640   -0.0000372521   -0.0000170216   -0.0000206318   -0.0000185172    0.0000188980    0.0000022400    0.0000504340   -0.0000024449    0.0000025031    0.0000293524   -0.0000151966    0.0000204929   -0.0000361194    0.0000268630    0.0000007476    0.0000181578   -0.0000354638   -0.0000052242   -0.0000071553    0.0000287196    0.0000214704    0.0000225810    0.0000037713    0.0000322835    0.0000320381    0.0000131518   -0.0000039586    0.0000367199    0.0000036191   -0.0000151642   -0.0000052530   -0.0000136237   -0.0000348266   -0.0000003921    0.0000380921    0.0000349949    0.0000071377   -0.0000128211    0.0000046773   -0.0000056467   -0.0000215211   -0.0000311950    0.0000227574    0.0000146181    0.0000088206   -0.0000004820   -0.0000014177   -0.0000022922    0.0000487458   -0.0000141007    0.0000095159   -0.0000364928   -0.0000249080   -0.0000186929   -0.0000263544    0.0000040665    0.0000001991    0.0000166364   -0.0000225325    0.0000229139    0.0000083869    0.0000016737    0.0000021451   -0.0000058534    0.0000045751   -0.0000018924 
   0.0000350655    0.0004945503   -0.0001501136   -0.0002562898    0.0055390786    0.0000000000   -0.0000331626   -0.0004157231   -0.0005577959   -0.0000731907    0.0007641654    0.0000556179    0.0000025623    0.0000309694   -0.0001310040    0.0000567204    0.0001018691   -0.0000126065    0.0001919417    0.0000087022   -0.0000553379   -0.0001164366   -0.0001840333   -0.0000439456    0.0001876567    0.0000701699   -0.0000299147    0.0000546867    0.0000211603   -0.0000051803   -0.0000451715    0.0000546823    0.0000841413   -0.0000273422   -0.0001512161    0.0000022775    0.0001330399   -0.0000516137   -0.0002026358   -0.0000882278   -0.0000016929    0.0000445924   -0.0000923805   -0.0000825022    0.0000453729    0.0000027846   -0.0000069211    0.0000659202    0.0000065664   -0.0000332846   -0.0000048967   -0.0000005709    0.0000235651    0.0000818995   -0.0000125778   -0.0000145586    0.0000482004    0.0001217726   -0.0000114768   -0.0000122993   -0.0000578162   -0.0000270622   -0.0000108484    0.0000011137    0.0000388102   -0.0000216850    0.0000365406   -0.0000095041    0.0000217938    0.0000393820    0.0000279192   -0.0000427858   -0.0000232322    0.0000062533    0.0000187113    0.0000671388   -0.0000099348    0.0000079650    0.0000288401    0.0000046187    0.0000056867   -0.0000105779    0.0000017185   -0.0000647766    0.0000074476    0.0000181711   -0.0000252527   -0.0000458830    0.0000203444   -0.0000032216    0.0000029332   -0.0000059394    0.0000718861    0.0000001139    0.0000048438    0.0000043314    0.0000022947    0.0000331486    0.0000433466   -0.0000149239    0.0000042670   -0.0000126337   -0.0000119987   -0.0000168694    0.0000260957   -0.0000054637   -0.0000162094    0.0000052591   -0.0000328245    0.0000053222   -0.0000329869    0.0000154722   -0.0000174618   -0.0000322791    0.0000393240   -0.0000033655    0.0000086317    0.0000022660   -0.0000389903   -0.0000151363   -0.0000038812    0.0000278435    0.0000403750    0.0000304005    0.0000109462   -0.0000261354   -0.0000039295    0.0000123581    0.0000058558    0.0000127755   -0.0000237408    0.0000081304    0.0000073232    0.0000197513   -0.0000271952    0.0000157919    0.0000015441   -0.0000028037    0.0000207884   -0.0000043549   -0.0000028384    0.0000178881    0.0000057965   -0.0000168576    0.0000106992    0.0000087581   -0.0000541986    0.0000251013    0.0000067848    0.0000244603    0.0000102810    0.0000054142 
   0.0002304624   -0.0000744174   -0.0003222034    0.0010014191    0.0000853025    0.0000331626    0.0000000000    0.0004294011   -0.0011435655    0.0001159515    0.0000120361    0.0003501696    0.0006165655   -0.0005867765    0.0001756691   -0.0004898685    0.0001334294   -0.0006603265    0.0000354947    0.0001266235    0.0000591774   -0.0000489303    0.0000110880   -0.0000464181   -0.0000349332    0.0000324629    0.0000253960    0.0000770339   -0.0000475749    0.0000685853    0.0000201563   -0.0000096540   -0.0000147181    0.0000069467    0.0000035223    0.0000226596   -0.0000264617   -0.0000394408    0.0000058901    0.0000217144   -0.0000527463    0.0000065489    0.0000014896    0.0000458889   -0.0000658592    0.0000150562    0.0000250968    0.0000422360    0.0000666559   -0.0000033521   -0.0000094769   -0.0001692600    0.0000248447    0.0000159257   -0.0000042432   -0.0000209750   -0.0000176176    0.0000032752   -0.0001096012    0.0000617308    0.0000051678   -0.0000018064    0.0000061445   -0.0000139596    0.0000031761   -0.0000155538   -0.0000187370   -0.0000102509    0.0000248580    0.0000183306   -0.0000065955   -0.0000383259   -0.0000195426   -0.0000160528   -0.0000146108    0.0000032613   -0.0000552563   -0.0000321946   -0.0000013945   -0.0000211904   -0.0000145887   -0.0000082274   -0.0000218482   -0.0000065387    0.0000019014   -0.0000224950    0.0000064633    0.0000200887   -0.0000294303   -0.0000326143    0.0000218438    0.0000122287    0.0000483900   -0.0000619256    0.0000183519   -0.0000116268   -0.0000121310   -0.0000453215    0.0000060961    0.0000185371   -0.0000094710    0.0000204870   -0.0000283543    0.0000245456   -0.0000394181   -0.0000199843    0.0000169378    0.0000068847   -0.0000339314    0.0000297875    0.0000306857    0.0000204018    0.0000202673    0.0000710541   -0.0000369853   -0.0000369713   -0.0000376754    0.0000223700    0.0000118208   -0.0000094497   -0.0000147453   -0.0000143425    0.0000167606    0.0000037212    0.0000214249    0.0000259627   -0.0000105537   -0.0000244839    0.0000140809    0.0000125345   -0.0000283617    0.0000105544   -0.0000123492    0.0000190001   -0.0000181292   -0.0000142962    0.0000269115    0.0000078886    0.0000140662   -0.0000027255    0.0000155325    0.0000228213   -0.0000087603   -0.0000419589   -0.0000039500   -0.0000034115   -0.0000049035    0.0000089433   -0.0000102898    0.0000064243    0.0000073815   -0.0000026321 
  -0.0001769259   -0.0000453884    0.0002400907    0.0000418656    0.0002139399    0.0004157231   -0.0004294011    0.0000000000    0.0000663083   -0.0002402303    0.0002285146    0.0002049069   -0.0000496109    0.0000659636    0.0003290902   -0.0006311770    0.0001083003    0.0000239870    0.0001344290   -0.0001222797   -0.0000397069   -0.0000361922   -0.0000187657    0.0001586174   -0.0003864632    0.0001212507   -0.0000243119    0.0000095467   -0.0000258818    0.0000476712   -0.0000007040   -0.0000693019    0.0000393556   -0.0000104096   -0.0000286821    0.0000076365   -0.0000321182    0.0000506178   -0.0000835165    0.0000171752    0.0001779696    0.0000151231    0.0000678936   -0.0001784694   -0.0000239098   -0.0000098540    0.0000364715   -0.0000247360   -0.0000227750    0.0000684971   -0.0000810984   -0.0000066880    0.0000428262   -0.0000759535   -0.0000290783   -0.0000115635   -0.0000214447    0.0000194691   -0.0000291452    0.0000257936   -0.0000290584    0.0000457742   -0.0000538730    0.0000392990   -0.0000321314    0.0000314258   -0.0000115782   -0.0000160301    0.0000007830    0.0000392483    0.0000262618   -0.0000482261    0.0000012881    0.0000498240    0.0000096621   -0.0000057408    0.0000065848    0.0000644069    0.0000136355   -0.0000039780   -0.0000148725   -0.0000106544    0.0000093365    0.0000364105    0.0000021106   -0.0000365773   -0.0000039323    0.0000381906   -0.0000113357    0.0000043659    0.0000108543   -0.0000188311   -0.0000214667   -0.0000378974    0.0000301477    0.0000095431   -0.0000263713   -0.0000285961   -0.0000152333   -0.0000040185    0.0000538025    0.0000429769    0.0000054006   -0.0000133407   -0.0000120788    0.0000079290   -0.0000178741   -0.0000087405    0.0000024517   -0.0000081231    0.0000040634   -0.0000095703   -0.0000029800   -0.0000005946    0.0000041694    0.0000034749   -0.0000151540   -0.0000200784    0.0000222054    0.0000115047   -0.0000101208   -0.0000371396   -0.0000371418   -0.0000186826   -0.0000078107    0.0000066399    0.0000022388    0.0000216468    0.0000125550    0.0000333324    0.0000215006   -0.0000440081    0.0000351331    0.0000264801    0.0000115628    0.0000223796   -0.0000222789    0.0000222363   -0.0000246470    0.0000168635    0.0000122485   -0.0000048766    0.0000198520   -0.0000147666    0.0000022488    0.0000225803    0.0000122632   -0.0000472442   -0.0000049132    0.0000015583   -0.0000083311   -0.0000133584 
   0.0000189957   -0.0004126288   -0.0002255453   -0.0002841164   -0.0001781166    0.0005577959    0.0011435655   -0.0000663083    0.0000000000   -0.0008178929   -0.0001979980   -0.0013689123   -0.0006202845   -0.0004546920   -0.0005937294    0.0001283139   -0.0002989410   -0.0000490839   -0.0000235034   -0.0000325511   -0.0000307820   -0.0000481438   -0.0002039955    0.0000006820    0.0000239238    0.0000006773    0.0000099738   -0.0000469208    0.0001631155    0.0002485283   -0.0000514946   -0.0000053166    0.0000171281    0.0000687771   -0.0000117392   -0.0000584998   -0.0000449731   -0.0000052067   -0.0000052288    0.0000021525   -0.0000326113    0.0000509573    0.0000709416   -0.0000073345   -0.0000596206   -0.0000051637   -0.0000286145   -0.0000524075   -0.0001669963    0.0000198571    0.0000124720   -0.0001897000    0.0000059984    0.0000394923    0.0000375137    0.0000047912   -0.0000061582   -0.0000036128    0.0000524575    0.0000350802    0.0000028495   -0.0000244728    0.0000242259   -0.0000179271   -0.0000217482    0.0000981060    0.0000202665   -0.0000985543    0.0000632919    0.0000450201    0.0000218592   -0.0000410703    0.0000188480    0.0000619733    0.0000347869    0.0000376578    0.0000330906    0.0000293216    0.0000132739    0.0000628097   -0.0000067248   -0.0000338314    0.0000137744   -0.0000191398    0.0000062004    0.0000403956   -0.0000089191   -0.0000419427    0.0000044686   -0.0000144248   -0.0000158956    0.0000798930    0.0000134613   -0.0000136921   -0.0000135164   -0.0000121537   -0.0000282183   -0.0000145255    0.0000058162   -0.0000521958    0.0000085009   -0.0000210654    0.0000361430    0.0000012114    0.0000006152    0.0000012512   -0.0000092807   -0.0000223598   -0.0000127079   -0.0000636270   -0.0000484635    0.0000248830   -0.0000035365   -0.0000193279   -0.0000439301   -0.0000404029   -0.0000312847   -0.0000187546   -0.0000180116    0.0000185885    0.0000135414   -0.0000167915   -0.0000135862    0.0000081885   -0.0000230529   -0.0000086162    0.0000135679    0.0000135046   -0.0000114246    0.0000213006    0.0000227140   -0.0000213984    0.0000234762    0.0000003199    0.0000042024    0.0000234453   -0.0000179645   -0.0000316742    0.0000225531    0.0000359783    0.0000346326   -0.0000005605    0.0000147571    0.0000027532    0.0000283668    0.0000290334    0.0000010628    0.0000008847    0.0000512286    0.0000013968   -0.0000011403   -0.0000006180 
  -0.0001353698    0.0001142463   -0.0001288578    0.0000160345   -0.0001099834    0.0000731907   -0.0001159515    0.0002402303    0.0008178929    0.0000000000   -0.0009557764    0.0016707713   -0.0002372389    0.0000736015   -0.0001468282    0.0001177375    0.0001176199    0.0002768915    0.0001201188   -0.0001876273    0.0001111300   -0.0000709549    0.0000344628    0.0000657122   -0.0000287181   -0.0000587092   -0.0001899352    0.0000623070    0.0000059940   -0.0001242054    0.0001238893   -0.0000499188   -0.0002070530    0.0000077828    0.0000866843    0.0000413717   -0.0000085075    0.0001296884    0.0000057180    0.0000147409    0.0000079562    0.0000727703   -0.0000187561   -0.0000524648   -0.0000071731   -0.0000228720    0.0000519466   -0.0000215821   -0.0001009210    0.0000098128    0.0000157508    0.0000420846   -0.0000672983    0.0000563698   -0.0000505009   -0.0000957320    0.0000310429    0.0000271849    0.0000629567    0.0000300102    0.0000104949   -0.0000214587    0.0000201621    0.0000414128    0.0000189751    0.0000059358    0.0000081018    0.0000036321    0.0000032675    0.0000017446   -0.0000940783   -0.0000019984    0.0000107242   -0.0000335984   -0.0000425961   -0.0000068238   -0.0000156192   -0.0000276392    0.0000411637   -0.0000891906    0.0000250910    0.0000088713   -0.0000070372    0.0000263985    0.0000007726   -0.0000158823    0.0000123323   -0.0000011039   -0.0000198527    0.0000009431    0.0000186789   -0.0000202820   -0.0000255070   -0.0000157324    0.0000236526   -0.0000678826   -0.0000203826   -0.0000422919   -0.0000068956   -0.0000703022    0.0000151613   -0.0000228456   -0.0000111931    0.0000042124   -0.0000014714    0.0000098782    0.0000000558    0.0000118384   -0.0000078857    0.0000306217    0.0000015732    0.0000167797    0.0000056501   -0.0000018266   -0.0000056486    0.0000284256   -0.0000134708   -0.0000090359    0.0000394394    0.0000084178    0.0000254254   -0.0000058887    0.0000341916   -0.0000246823    0.0000239833    0.0000217696   -0.0000070284   -0.0000011536   -0.0000333015   -0.0000152804    0.0000037889   -0.0000136619   -0.0000284469   -0.0000015546    0.0000248227   -0.0000098694   -0.0000003947   -0.0000025705   -0.0000193463   -0.0000008740    0.0000125756   -0.0000195470    0.0000232292   -0.0000108741    0.0000443314   -0.0000000436   -0.0000102839   -0.0000214182   -0.0000033029   -0.0000079915    0.0000042213    0.0000251321 
   0.0000260832   -0.0000582514   -0.0002055316   -0.0000203040   -0.0003018736   -0.0007641654   -0.0000120361   -0.0002285146    0.0001979980    0.0009557764    0.0000000000   -0.0006043059    0.0001231176    0.0001355462   -0.0005321449    0.0003123693   -0.0000012498   -0.0000206245    0.0005051195    0.0000125837    0.0000531336    0.0000449635   -0.0000333125    0.0001203320    0.0000991570   -0.0000813924    0.0001024277    0.0000728166   -0.0000197785   -0.0000206259   -0.0000447063    0.0000747996   -0.0000113864    0.0000288350    0.0000310745    0.0001183843    0.0001040006   -0.0000098885    0.0000470759   -0.0000685294   -0.0001364943    0.0000422808    0.0000005706    0.0001063158   -0.0000018178   -0.0000023786   -0.0000652528   -0.0001242789    0.0000806795    0.0000745276   -0.0000357674    0.0000083906   -0.0000181211   -0.0001295340   -0.0000650573   -0.0000092307    0.0000023270    0.0000503113    0.0000334118   -0.0000331927   -0.0000371492    0.0000088647    0.0000347384   -0.0000280022    0.0000314883   -0.0000105831   -0.0000041352   -0.0000098782    0.0000270762   -0.0000255922   -0.0000248433   -0.0000170223   -0.0000005494   -0.0000236497    0.0000299522    0.0000112982   -0.0000285300    0.0000148056    0.0000080878   -0.0000034471   -0.0000247712   -0.0000274944   -0.0000225670    0.0000348810    0.0000314221   -0.0000373373   -0.0000244221    0.0000829800   -0.0000011014   -0.0000253078   -0.0000125161    0.0000183570   -0.0000014239   -0.0000045216   -0.0000078945   -0.0000263382   -0.0000210324    0.0000192736    0.0000191795    0.0000456772    0.0000156001   -0.0000054102   -0.0000130960   -0.0000105426   -0.0000190538   -0.0000047897    0.0000127454   -0.0000492448   -0.0000375431    0.0000267388    0.0000050516   -0.0000166078   -0.0000369882   -0.0000347193    0.0000072366    0.0000223568    0.0000011463   -0.0000120075    0.0000332170    0.0000132040    0.0000574164    0.0000094953    0.0000151275    0.0000081958   -0.0000274635   -0.0000271702   -0.0000004869   -0.0000420611    0.0000277840    0.0000062864    0.0000097415    0.0000056989   -0.0000247352   -0.0000120405    0.0000285748   -0.0000072631   -0.0000095908   -0.0000389227   -0.0000226133   -0.0000004996   -0.0000001300   -0.0000288159    0.0000113916   -0.0000594420    0.0000016059    0.0000120435   -0.0000343217   -0.0000172406    0.0000425895   -0.0000200453   -0.0000107823    0.0000213322 
   0.0000542927    0.0000622394    0.0003520512    0.0006680660    0.0003349480   -0.0000556179   -0.0003501696   -0.0002049069    0.0013689123   -0.0016707713    0.0006043059    0.0000000000   -0.0030247633    0.0002288380    0.0000450811   -0.0000053606   -0.0006099800    0.0003415335   -0.0000034222    0.0000188612    0.0001017662    0.0001037801    0.0000970256    0.0000664648   -0.0000448724    0.0000596530    0.0001420582   -0.0000551541   -0.0002399143   -0.0001586174   -0.0000241436    0.0000126822   -0.0000175787   -0.0000096033    0.0000012534    0.0000068491    0.0000732627    0.0000209927   -0.0000721573   -0.0000821200   -0.0000197079   -0.0000190494   -0.0000984220   -0.0000234108   -0.0000071157    0.0000778498   -0.0000234049   -0.0000364803    0.0000451451    0.0000146196   -0.0000374468    0.0000014776   -0.0000663222   -0.0000523509    0.0000354161   -0.0000371220    0.0000321549    0.0000063066   -0.0000835974   -0.0001005682    0.0000763283   -0.0000004472   -0.0000235607    0.0000074160    0.0000318705   -0.0000164225    0.0000516232   -0.0001306291   -0.0000080679   -0.0000193823    0.0000042401    0.0000296332    0.0000028933   -0.0000189810   -0.0000302109   -0.0000313053   -0.0000143646    0.0000131114    0.0000327503    0.0000075924    0.0000142543   -0.0000256635   -0.0000019188   -0.0000818628   -0.0000416862   -0.0000271394    0.0000200460    0.0000279258    0.0000092520   -0.0000025422    0.0000289915    0.0000356571    0.0000611531    0.0000031214   -0.0000036916   -0.0000002030   -0.0000201621    0.0000010870   -0.0000177654    0.0000275767   -0.0000056536   -0.0000064791   -0.0000309863   -0.0000088478   -0.0000233645   -0.0000064681   -0.0000196418    0.0000417002    0.0000087941    0.0000024336    0.0000238584   -0.0000102053    0.0000049731    0.0000298618   -0.0000126293   -0.0000072698    0.0000091594    0.0000291613   -0.0000287740    0.0000030392    0.0000070745   -0.0000435200    0.0000088867   -0.0000218695    0.0000074366   -0.0000068327   -0.0000091844    0.0000092829   -0.0000143536   -0.0000324313   -0.0000197065    0.0000001013   -0.0000228831   -0.0000289710   -0.0000076446   -0.0000128784    0.0000239797   -0.0000098025   -0.0000036036   -0.0000268542   -0.0000080371    0.0000175640   -0.0000079092   -0.0000602241   -0.0000410593   -0.0000178683   -0.0000069026    0.0000055130   -0.0000431459   -0.0000075608    0.0000151246    0.0000111997 
  -0.0000252152    0.0005425964   -0.0000551644    0.0002409947   -0.0001141654   -0.0000025623   -0.0006165655    0.0000496109    0.0006202845    0.0002372389   -0.0001231176    0.0030247633    0.0000000000    0.0000739323    0.0007076450   -0.0008233318   -0.0002255233    0.0010209697    0.0006089142   -0.0001779476   -0.0003381820   -0.0000486091   -0.0000303300    0.0000352683    0.0000657254   -0.0000683324    0.0000042865   -0.0000541178    0.0000457073   -0.0002678511   -0.0002095005    0.0000174214    0.0000116047   -0.0000090734    0.0000299073   -0.0001222944    0.0000050055   -0.0000397018    0.0000159191   -0.0000149026   -0.0000176463   -0.0000060091   -0.0000390094    0.0001495183   -0.0001032142   -0.0000709850   -0.0000252461    0.0000099657   -0.0001000684    0.0000091976    0.0000002435    0.0000525567   -0.0000518386   -0.0000078783    0.0000084759   -0.0000109682    0.0000953424   -0.0000257870   -0.0000092131    0.0001203687   -0.0000233998    0.0000662392    0.0000043031   -0.0000209082    0.0000168488    0.0000536511    0.0000177102    0.0000073749   -0.0000122353    0.0000238172   -0.0000192618   -0.0000021663    0.0000390557    0.0000043766    0.0000044238   -0.0001015751    0.0000263618   -0.0000389403    0.0000885218    0.0000624327   -0.0000230345    0.0000177088    0.0000499681    0.0000070138   -0.0000061433    0.0000296170   -0.0000359945    0.0000391851    0.0000576119    0.0000166210    0.0000300102   -0.0000368103    0.0000398539    0.0000128696    0.0000635278   -0.0000026196   -0.0000036493   -0.0000058674    0.0000264874    0.0000012396    0.0000191361   -0.0000371470   -0.0000008053    0.0000113967    0.0000264022    0.0000040604    0.0000108976   -0.0000261119    0.0000075718   -0.0000249697    0.0000152620    0.0000231550   -0.0000046833   -0.0000015548    0.0000689395    0.0000068948    0.0000168856   -0.0000033799    0.0000346892   -0.0000085405   -0.0000031434    0.0000224516   -0.0000193096    0.0000067833   -0.0000111549   -0.0000235372   -0.0000386037    0.0000135987   -0.0000140184   -0.0000343114    0.0000248286   -0.0000064031    0.0000396907   -0.0000122735   -0.0000226413    0.0000337837   -0.0000216909    0.0000113239   -0.0000147754    0.0000075410   -0.0000221981   -0.0000125756    0.0000044949   -0.0000207178   -0.0000240495    0.0000057528    0.0000058711    0.0000083921   -0.0000269306    0.0000266293    0.0000138611    0.0000098297 
   0.0001249110    0.0002591121   -0.0000808559   -0.0000408417   -0.0000947177   -0.0000309694    0.0005867765   -0.0000659636    0.0004546920   -0.0000736015   -0.0001355462   -0.0002288380   -0.0000739323    0.0000000000   -0.0038298675    0.0021832773    0.0002021213    0.0000798857   -0.0008016497    0.0004732798   -0.0000142286    0.0000954600   -0.0000042427   -0.0000357887   -0.0000344782    0.0000343202   -0.0001159294   -0.0000060137   -0.0001489083   -0.0004744338    0.0002754729    0.0000186856   -0.0000311039   -0.0000300433    0.0000158860    0.0000942326   -0.0000030053   -0.0000264037    0.0000181130   -0.0000386875   -0.0000045226   -0.0000503841    0.0000153958    0.0000016206   -0.0001022513    0.0000799665   -0.0000686977   -0.0000244618   -0.0000272592    0.0000043348   -0.0000149151   -0.0001215962   -0.0000189715    0.0000002282   -0.0000233667    0.0000231859   -0.0000745423    0.0000024437    0.0000461895   -0.0000012545   -0.0000525008   -0.0000322556   -0.0000048695   -0.0000583917    0.0000220547   -0.0000321770    0.0000159566    0.0000168973   -0.0001072860   -0.0000510323    0.0000124668   -0.0000071599    0.0000192140   -0.0000040242    0.0000395276   -0.0000747628   -0.0000255158    0.0000158463   -0.0000166313   -0.0000354241    0.0000037950    0.0000184709   -0.0000016547   -0.0000190979   -0.0000462696    0.0000067938    0.0000265631    0.0000197359    0.0000037410    0.0000193500   -0.0000138501   -0.0000107198   -0.0000100024    0.0000144947   -0.0000617962   -0.0000066327   -0.0000251630    0.0000440058    0.0000437839    0.0000165247   -0.0000023893   -0.0000466349   -0.0000147541    0.0000234762    0.0000080091   -0.0000447298    0.0000167084    0.0000288835   -0.0000243795    0.0000195903    0.0000154399    0.0000063052   -0.0000262714    0.0000226471   -0.0000320145   -0.0000278758    0.0000153847   -0.0000484474    0.0000150422   -0.0000051847   -0.0000458463    0.0000083715    0.0000130659   -0.0000065665   -0.0000044240    0.0000202900    0.0000093931    0.0000071280    0.0000203687   -0.0000129534    0.0000219937    0.0000016969    0.0000068354   -0.0000018469   -0.0000360467   -0.0000258605   -0.0000055539   -0.0000187223   -0.0000302535    0.0000183820   -0.0000035487    0.0000255996   -0.0000113430   -0.0000107308    0.0000097342    0.0000268660    0.0000080253    0.0000087530   -0.0000321233    0.0000350331    0.0000017946    0.0000058153 
   0.0001260502   -0.0001692894    0.0000130056   -0.0001688190    0.0001663862    0.0001310040   -0.0001756691   -0.0003290902    0.0005937294    0.0001468282    0.0005321449   -0.0000450811   -0.0007076450    0.0038298675    0.0000000000    0.0028790890    0.0006309050   -0.0018033628    0.0001428005    0.0000650272    0.0000853172    0.0000168172   -0.0001740742   -0.0000226648   -0.0000284454   -0.0000775778    0.0000935491   -0.0000481975   -0.0000229036    0.0001016119    0.0000785995   -0.0000907782    0.0000840237    0.0001868850    0.0000438155    0.0000398311   -0.0000099201   -0.0000910281   -0.0000077798   -0.0000767620   -0.0001296737    0.0000886247    0.0000008252   -0.0000207318   -0.0000869269    0.0000117289   -0.0000199247   -0.0000165196    0.0000185907    0.0000403111    0.0000548954   -0.0000908590   -0.0000887349    0.0000258649    0.0000059238    0.0000036766    0.0000332376    0.0000120258   -0.0000181020   -0.0000435119    0.0000254254    0.0000751965    0.0000586188   -0.0000413746    0.0000028642    0.0000761225    0.0000550137   -0.0000040126    0.0000510985    0.0000256716   -0.0000655101    0.0000286358   -0.0000015879    0.0000253071   -0.0000176514   -0.0000611016    0.0000575891    0.0001185019    0.0000736015   -0.0000175699   -0.0000797166   -0.0000027886   -0.0000216681    0.0000116988   -0.0000054400   -0.0000381656    0.0000065351    0.0000080385   -0.0000029155   -0.0000521223    0.0000448401    0.0000168363    0.0000014534   -0.0000088140    0.0000391204    0.0000470502    0.0000084516    0.0000242391    0.0000238172   -0.0000008804    0.0000186459    0.0000074689   -0.0000099194   -0.0000372124    0.0000061063   -0.0000009002   -0.0000435788   -0.0000261516    0.0000221209    0.0000032321   -0.0000415642   -0.0000075961    0.0000037163   -0.0000132525    0.0000016869   -0.0000304674    0.0000317154    0.0000162013   -0.0000341872    0.0000045327    0.0000578868   -0.0000130431   -0.0000007065   -0.0000010657    0.0000369706   -0.0000036970    0.0000182152   -0.0000206318   -0.0000511514   -0.0000285226    0.0000197278    0.0000016522   -0.0000357218   -0.0000202246    0.0000054454    0.0000104611    0.0000410233    0.0000048096    0.0000100458   -0.0000307415    0.0000089124   -0.0000042584    0.0000352257   -0.0000111858    0.0000002672   -0.0000013273    0.0000168929   -0.0000095592    0.0000293752    0.0000005101   -0.0000147820   -0.0000018689 
  -0.0002564441    0.0000107029   -0.0000444571    0.0000072760   -0.0000124610   -0.0000567204    0.0004898685    0.0006311770   -0.0001283139   -0.0001177375   -0.0003123693    0.0000053606    0.0008233318   -0.0021832773   -0.0028790890    0.0000000000   -0.0004803798    0.0029960989   -0.0009282879    0.0011538553   -0.0001591099    0.0000453193   -0.0000755052    0.0000832446   -0.0001766613    0.0000353345    0.0000500680   -0.0000343665   -0.0000597221    0.0002767151    0.0002098386   -0.0000555606    0.0000087221    0.0002011878    0.0000260759   -0.0000513013    0.0000400869    0.0000027907   -0.0000203356    0.0000271820    0.0000266050   -0.0000097996    0.0000061587    0.0000052846    0.0000419317   -0.0000312935   -0.0000251262    0.0000482871   -0.0000171450   -0.0000003634   -0.0000189751    0.0000508155   -0.0000954747   -0.0000355366   -0.0000152591    0.0000126653    0.0000032645    0.0000250300    0.0000622475   -0.0000458345   -0.0000124147    0.0001090646    0.0000333177   -0.0000292326   -0.0000185400    0.0000317330   -0.0000032745    0.0000006165   -0.0000358152    0.0000486002   -0.0000443417   -0.0000268233   -0.0000239290   -0.0000117054   -0.0000298934    0.0000582506   -0.0000574583    0.0000480542   -0.0000289401    0.0000185665    0.0000113379   -0.0000030328   -0.0000313317    0.0000059365   -0.0000509507   -0.0000064161    0.0000207193   -0.0000132562    0.0000493624    0.0000210640   -0.0000148820   -0.0000104397   -0.0000113342   -0.0000011326   -0.0000156662    0.0000027988    0.0000283484   -0.0000267293   -0.0000036288    0.0000304571   -0.0000440962   -0.0000079423    0.0000018569   -0.0000116892    0.0000425506   -0.0000406933   -0.0000536915    0.0000603181    0.0000263618    0.0000169040   -0.0000228941    0.0000497762   -0.0000322115   -0.0000069548    0.0000282294    0.0000344304    0.0000089734   -0.0000024199    0.0000404000   -0.0000255371   -0.0000126469   -0.0000120288   -0.0000442337   -0.0000105463    0.0000111858   -0.0000005595   -0.0000058685    0.0000129909   -0.0000267028   -0.0000088147   -0.0000155163   -0.0000118495   -0.0000106220   -0.0000000282    0.0000105743   -0.0000010401   -0.0000033772    0.0000048238   -0.0000156640   -0.0000652947    0.0000162873    0.0000009354   -0.0000113136    0.0000266844   -0.0000067073   -0.0000083524   -0.0000138273   -0.0000061723   -0.0000204473   -0.0000218908    0.0000018011   -0.0000050863 
