  -0.2719890951   -0.0000413518    0.0014831292   -0.0004326351   -0.0006501102    0.0000992820    0.0000049767    0.0000815467    0.0000656358   -0.0001022587    0.0000884336   -0.0000448849   -0.0000493161    0.0000620476    0.0000037434   -0.0001544721   -0.0002950383    0.0000441955    0.0003486041   -0.0000798342    0.0003174995   -0.0000020492   -0.0000348501   -0.0000236577   -0.0000675048   -0.0000831931    0.0000110887   -0.0001269028    0.0000219416    0.0000259244    0.0000276142   -0.0000318073    0.0001148269   -0.0000013454    0.0000261773    0.0000242009   -0.0000023958   -0.0001260649    0.0000105934   -0.0000144153   -0.0000485194   -0.0000707608   -0.0000036818    0.0000206972   -0.0000070150   -0.0000033505   -0.0000125756    0.0001072419   -0.0000299735   -0.0000915205    0.0000523340   -0.0000354874   -0.0000241245   -0.0000034177    0.0000682207    0.0000645230   -0.0000386382   -0.0000333559   -0.0000140603   -0.0000270673   -0.0000471398    0.0000405286   -0.0000037238   -0.0000049747    0.0000191236   -0.0000069916   -0.0000062010   -0.0000676643    0.0000095188   -0.0000196293   -0.0000103574   -0.0000291077   -0.0000402376   -0.0000197748   -0.0000856700    0.0000042244    0.0000126491   -0.0000106852    0.0000244802    0.0000222495   -0.0000229580    0.0000299000   -0.0000374762    0.0000309165   -0.0000304431    0.0000174162   -0.0000332001    0.0000087684   -0.0000077681    0.0000076181   -0.0000009489    0.0000234101   -0.0000053551    0.0000172178   -0.0000260920    0.0000158368   -0.0000028900   -0.0000023415    0.0000121096    0.0000095872   -0.0000246007   -0.0000073277   -0.0000032185    0.0000555517   -0.0000225295    0.0000062866   -0.0000061904    0.0000161109   -0.0000137494    0.0000145439   -0.0000044157   -0.0000099076   -0.0000147593    0.0000008647    0.0000143300    0.0000227758    0.0000077019   -0.0000351103    0.0000058690    0.0000097386   -0.0000167864   -0.0000024429    0.0000173795   -0.0000000626   -0.0000027535   -0.0000231109    0.0000076711   -0.0000073572   -0.0000074631   -0.0000063091    0.0000190619    0.0000235005   -0.0000149599   -0.0000423558   -0.0000015841   -0.0000062321    0.0000125852    0.0000112240    0.0000356961   -0.0000092204   -0.0000040340    0.0000042270   -0.0000035381   -0.0000004108   -0.0000079606   -0.0000039431    0.0000019540    0.0000038540   -0.0000017158   -0.0000149423    0.0000313281    0.0000060464 
  -0.0000413518   -0.2710042133   -0.0025567975    0.0012974716   -0.0025325429   -0.0005568846    0.0001760881   -0.0000303167   -0.0000200431    0.0000385809    0.0000800621   -0.0001329591    0.0003494052    0.0002920542   -0.0001531124    0.0000589209   -0.0000679723    0.0000669896    0.0000368471   -0.0000113092    0.0000130379    0.0001464461    0.0000576369   -0.0000643848    0.0000679230    0.0000789963    0.0002057007   -0.0001823354   -0.0000505671    0.0000141441    0.0000347965    0.0000172185    0.0000203657   -0.0000271923    0.0000011217    0.0000468671   -0.0000477749    0.0000140757    0.0000023065    0.0000131269    0.0000145211    0.0000483695    0.0000168790    0.0000028224   -0.0000342283   -0.0000113225    0.0000317720    0.0000247632    0.0000944825   -0.0000211941    0.0000869122   -0.0000643326   -0.0000073793   -0.0000427880    0.0000026845   -0.0000127697   -0.0000101693    0.0000162234    0.0000155354    0.0000528396   -0.0000658158    0.0000330472   -0.0000032647   -0.0000217380   -0.0000041874   -0.0000860228    0.0000166717   -0.0000564896    0.0000460756   -0.0000035190    0.0000453472   -0.0000115790   -0.0000018655    0.0000002557   -0.0000065860   -0.0000580867    0.0000148100    0.0000121089    0.0000003495   -0.0000422669   -0.0000253387    0.0000365340    0.0000310804    0.0000154318    0.0000646347   -0.0000128975    0.0000241921    0.0000087243    0.0000135598    0.0000209883    0.0000094189   -0.0000228309   -0.0000123955   -0.0000076666   -0.0000048092   -0.0000179263   -0.0000116547    0.0000072467    0.0000525339   -0.0000390219   -0.0000098429   -0.0000008270    0.0000307092   -0.0000237658    0.0000000825    0.0000279912    0.0000262839   -0.0000548315   -0.0000288328   -0.0000185797   -0.0000309525   -0.0000116444   -0.0000081628    0.0000247147    0.0000182255    0.0000013212   -0.0000296383    0.0000370573    0.0000194933    0.0000233865    0.0000043128   -0.0000409770    0.0000149283   -0.0000391101   -0.0000389014   -0.0000148328   -0.0000213102    0.0000025925   -0.0000091675    0.0000230404   -0.0000371389   -0.0000454280   -0.0000010493    0.0000049310   -0.0000012221   -0.0000225817   -0.0000021146   -0.0000155486   -0.0000106573    0.0000207391   -0.0000005175   -0.0000272202    0.0000049082    0.0000738441   -0.0000013347    0.0000297670   -0.0000089271    0.0000038212   -0.0000157963    0.0000137193   -0.0000010183    0.0000028114 
   0.0014831292   -0.0025567975   -0.2708792656    0.0052810983   -0.0000821715   -0.0004631003   -0.0005712903   -0.0002410021   -0.0002601044   -0.0000113717   -0.0002654624    0.0003467372   -0.0000083517    0.0000491713   -0.0001000611    0.0000590488    0.0000484503   -0.0000838987    0.0000224244   -0.0000102670    0.0000047850   -0.0000165166    0.0001175390    0.0000340313   -0.0001103729    0.0000105110    0.0001406250   -0.0000714289   -0.0001010312    0.0000065651    0.0000303388   -0.0001100569   -0.0000864565    0.0000392975   -0.0000052113   -0.0000546970   -0.0000090888   -0.0000350346   -0.0000066499   -0.0000293076   -0.0000059742    0.0000096893   -0.0000459315   -0.0000469678   -0.0000627392   -0.0000040343   -0.0000068810   -0.0000055025    0.0000665354   -0.0000213028    0.0000448842   -0.0000124352   -0.0000000827    0.0000196873   -0.0000405867    0.0000617984    0.0000067381    0.0000094042   -0.0000046758   -0.0000078710    0.0000101325    0.0000013779    0.0000611303    0.0000546301    0.0000047565    0.0000086346    0.0000672689   -0.0000759682   -0.0000319749   -0.0000372227   -0.0000245309    0.0000296016    0.0000056709    0.0000224068   -0.0000013142   -0.0000204811   -0.0000171671    0.0000630273   -0.0000062149    0.0000360430   -0.0000259766    0.0000415620    0.0000244464   -0.0000417068   -0.0000024842   -0.0000709541    0.0000028427   -0.0000004905   -0.0000143293    0.0000104052   -0.0000666596    0.0000360893    0.0000067895   -0.0000228125   -0.0000139339   -0.0000090043    0.0000139853    0.0000002824    0.0000255937    0.0000313707   -0.0000193529    0.0000135127   -0.0000157515   -0.0000107676   -0.0000008701    0.0000139853   -0.0000011933    0.0000213234    0.0000075990    0.0000001166    0.0000110197   -0.0000010751   -0.0000040183    0.0000214300   -0.0000166305    0.0000068790    0.0000138347    0.0000038066   -0.0000026402    0.0000108308    0.0000265595   -0.0000153943    0.0000610024   -0.0000001839    0.0000130585   -0.0000218350    0.0000019418   -0.0000047436   -0.0000048733    0.0000124419    0.0000153193   -0.0000173530    0.0000804443    0.0000118201   -0.0000134444    0.0000290562   -0.0000393710   -0.0000177845    0.0000277722    0.0000013084   -0.0000064890    0.0000269446   -0.0000161528    0.0000105184   -0.0000099098   -0.0000188590    0.0000088948    0.0000289688    0.0000093483   -0.0000089191   -0.0000280824    0.0000105551 
  -0.0004326351    0.0012974716    0.0052810983   -0.2706440699   -0.0009784140    0.0006662505   -0.0000794888    0.0000923143    0.0000523648    0.0001182446   -0.0000528205    0.0001315993    0.0003314642    0.0000592384   -0.0001925003    0.0000408902   -0.0000271644   -0.0000564433    0.0001646076   -0.0000127079    0.0000796505    0.0000107918   -0.0000507229    0.0000387536   -0.0000424117   -0.0001097776   -0.0000491419    0.0000355462   -0.0000146292    0.0000121251    0.0000370396   -0.0000393894   -0.0000200041   -0.0000302542    0.0000126932   -0.0000519782    0.0001248595    0.0000137398    0.0000144917    0.0000676709   -0.0000363414    0.0001072492   -0.0000798048   -0.0000039578   -0.0000472016    0.0000335962    0.0000563698   -0.0000922335    0.0000212639   -0.0000055520    0.0000007055   -0.0000273209   -0.0000057749    0.0000343643    0.0000027461    0.0000322262    0.0000259862    0.0000013609   -0.0000069433    0.0000178462   -0.0000141661   -0.0000163549    0.0000477072    0.0000007829    0.0000332148   -0.0000305798    0.0000087199   -0.0000656034    0.0000195323   -0.0000491669    0.0000389793    0.0000072539    0.0000410475    0.0000054964    0.0000091028   -0.0000319822    0.0000588923   -0.0000209456   -0.0000072709    0.0000294017   -0.0000140015    0.0000108499    0.0000192846    0.0000094093    0.0000062306    0.0000250233   -0.0000245949    0.0000602946   -0.0000139603    0.0000168297   -0.0000177117   -0.0000067193   -0.0000605879   -0.0000303616    0.0000039227   -0.0000201467    0.0000227861    0.0000296912   -0.0000709468    0.0000195212    0.0000347649    0.0000005719    0.0000174104    0.0000134539   -0.0000376159   -0.0000092968   -0.0000065529    0.0000123706    0.0000227273   -0.0000065799   -0.0000001627   -0.0000127278    0.0000020602   -0.0000087493    0.0000093233    0.0000100392    0.0000187444   -0.0000073969   -0.0000017806    0.0000274297   -0.0000177315   -0.0000185930   -0.0000076490    0.0000011026    0.0000436935    0.0000130181   -0.0000158213   -0.0000040246    0.0000169025    0.0000421934   -0.0000014377   -0.0000200262    0.0000035669    0.0000179587    0.0000048009    0.0000024233    0.0000030341   -0.0000288872    0.0000176037    0.0000176860   -0.0000069087   -0.0000339130    0.0000042990   -0.0000041310    0.0000266550   -0.0000055904    0.0000061798    0.0000048674   -0.0000090249    0.0000115996    0.0000075630    0.0000055145 
  -0.0006501102   -0.0025325429   -0.0000821715   -0.0009784140   -0.2696297886    0.0011615726    0.0012741726    0.0002956630    0.0011316587   -0.0000372403   -0.0002368935    0.0002798755    0.0001226839    0.0000417142    0.0001031774   -0.0000941812   -0.0000784745   -0.0000839575   -0.0001426609   -0.0000463821    0.0002403626   -0.0001432856   -0.0000505560    0.0000410946   -0.0001022146   -0.0000232520   -0.0000684853   -0.0000418597   -0.0000068943    0.0001046400   -0.0000139883    0.0000840678   -0.0000075549   -0.0002027093    0.0001999531    0.0000003787   -0.0000139824    0.0000041868   -0.0000682508   -0.0000661745    0.0000622622   -0.0000164358   -0.0000195095   -0.0000026570   -0.0000022729   -0.0000396261   -0.0000536268   -0.0000146637   -0.0000111424   -0.0000458242   -0.0000163365   -0.0000129394   -0.0000073332   -0.0000050706    0.0000104397    0.0000383332   -0.0000446739    0.0000608120    0.0000201982   -0.0000121978    0.0000869416   -0.0000205517    0.0000060769   -0.0000098981    0.0000061310    0.0000439088    0.0000187319    0.0000170274   -0.0000063698    0.0000227001    0.0000252005    0.0000194992    0.0000103493   -0.0000030456    0.0000172273   -0.0000162851    0.0000010998    0.0000578559   -0.0000585961    0.0000112548   -0.0000104111    0.0000188340    0.0000190060    0.0000595449    0.0000214528   -0.0000099208    0.0000421713    0.0000100627    0.0000355969   -0.0000243310    0.0000418149   -0.0000075263    0.0000080275   -0.0000153862    0.0000503392    0.0000062059   -0.0000556297    0.0000036106   -0.0000436398    0.0000100539   -0.0000036652   -0.0000387705   -0.0000250572    0.0000033803   -0.0000072537    0.0000677386   -0.0000188759   -0.0000088316    0.0000667169    0.0000005217   -0.0000678165    0.0000397657    0.0000298000   -0.0000454986    0.0000281698    0.0000109961    0.0000034461    0.0000147585    0.0000103324    0.0000007088   -0.0000211977    0.0000339218   -0.0000056060   -0.0000204848   -0.0000005934    0.0000082274    0.0000311370   -0.0000182034   -0.0000099333   -0.0000426807   -0.0000013056    0.0000012166    0.0000009907   -0.0000184651    0.0000254937   -0.0000039043    0.0000055644   -0.0000287233    0.0000070700   -0.0000036076    0.0000059821    0.0000112262    0.0000173141    0.0000225847   -0.0000040850    0.0000212749    0.0000034494    0.0000084737    0.0000044045    0.0000106500    0.0000092638   -0.0000068540 
   0.0000992820   -0.0005568846   -0.0004631003    0.0006662505    0.0011615726   -0.2688286533   -0.0028008865   -0.0014797483    0.0007801146    0.0004819012   -0.0005811538    0.0000160146   -0.0002383855   -0.0001096526   -0.0000980325    0.0000796064   -0.0001248448    0.0001403898    0.0002340123    0.0000703279   -0.0000105515   -0.0000235622   -0.0001215300    0.0000788714   -0.0000531623   -0.0000294230    0.0000693144    0.0000659739   -0.0000121140    0.0001059850    0.0000139493   -0.0001518335   -0.0002245016    0.0000554077    0.0002632501   -0.0000247139    0.0000079996    0.0000237945    0.0001745887   -0.0000095798    0.0000058624    0.0000696260   -0.0001665700   -0.0000911604   -0.0000861992    0.0000522193   -0.0000382083    0.0000411776    0.0000253423   -0.0000761078    0.0000067509   -0.0000276421   -0.0001186709   -0.0000137832    0.0000023358   -0.0000052920   -0.0000550571   -0.0001277480    0.0000008908    0.0000079893    0.0000016392   -0.0000684927   -0.0000243413   -0.0000204370   -0.0000059333   -0.0000222061    0.0000024496    0.0000091116    0.0000086905    0.0000662002    0.0000354293   -0.0000251711   -0.0000184092    0.0000334933   -0.0000136230    0.0000215505   -0.0000292010    0.0000180395    0.0000161293   -0.0000014679   -0.0000214667    0.0000010413   -0.0000113342   -0.0000056859    0.0000067000   -0.0000083737   -0.0000503672   -0.0000219996   -0.0000095195    0.0000016969    0.0000100715   -0.0000027009   -0.0000747922   -0.0000049545   -0.0000081730   -0.0000187693    0.0000206627   -0.0000132393    0.0000485929   -0.0000038838   -0.0000045509   -0.0000033040    0.0000034849    0.0000127491    0.0000019414   -0.0000100502   -0.0000276289    0.0000023490    0.0000148489   -0.0000346678    0.0000261596   -0.0000082385   -0.0000045527    0.0000054144    0.0000464306   -0.0000330795   -0.0000020824    0.0000263360    0.0000239811   -0.0000007060    0.0000054236    0.0000106397    0.0000318021    0.0000264331   -0.0000058291    0.0000162557   -0.0000025311    0.0000217946    0.0000039722   -0.0000100708   -0.0000026056   -0.0000041982    0.0000120332   -0.0000285035    0.0000168606    0.0000040701    0.0000074432    0.0000050754   -0.0000189707    0.0000041308   -0.0000082995    0.0000220048   -0.0000056849   -0.0000005120    0.0000074381    0.0000026443   -0.0000134385    0.0000000820   -0.0000010798   -0.0000038836   -0.0000297964    0.0000065187 
   0.0000049767    0.0001760881   -0.0005712903   -0.0000794888    0.0012741726   -0.0028008865   -0.2681451159    0.0005258608   -0.0003856107   -0.0002417518    0.0000481379    0.0000632890   -0.0005328505    0.0004448432   -0.0001655925    0.0004617112    0.0001649089   -0.0000461145   -0.0000317933   -0.0001027364    0.0000610171    0.0000481953   -0.0000672248   -0.0000158470    0.0000311517   -0.0000557303   -0.0000343327    0.0000301050   -0.0000025280   -0.0000076887    0.0000330847    0.0000130173   -0.0000385897    0.0000263728    0.0000099613   -0.0000559361    0.0001407499    0.0001397430   -0.0000149063    0.0000155575   -0.0000360981   -0.0000484702    0.0000142205   -0.0000088559    0.0000060526    0.0000201048   -0.0000393166    0.0000605350   -0.0000287755    0.0000565998   -0.0000243045    0.0001248522    0.0000120281   -0.0000574892    0.0000142624    0.0000282999    0.0000308650   -0.0000091969    0.0000214939   -0.0000092601    0.0000324239    0.0000130659    0.0000009582   -0.0000345818    0.0000073301    0.0000372903   -0.0000001540    0.0000335896   -0.0000080996   -0.0000114856   -0.0000409990   -0.0000611046    0.0000070972   -0.0000224502    0.0000349368    0.0000136906    0.0000242060    0.0000358629   -0.0000024492   -0.0000081547    0.0000070334    0.0000061995   -0.0000201967    0.0000107271    0.0000156809    0.0000308716    0.0000013160   -0.0000306482    0.0000159874   -0.0000234145   -0.0000446004    0.0000172391   -0.0000455537   -0.0000156905   -0.0000016855    0.0000179469    0.0000142477   -0.0000070216   -0.0000178183   -0.0000114379    0.0000277862   -0.0000020260    0.0000098459    0.0000095482    0.0000102229    0.0000124022   -0.0000326430   -0.0000020974    0.0000187642   -0.0000542405    0.0000344488   -0.0000255731   -0.0000054801    0.0000310275    0.0000141110   -0.0000090227    0.0000292392   -0.0000166945    0.0000325687    0.0000229220   -0.0000116775   -0.0000061789   -0.0000269586    0.0000171274    0.0000075535    0.0000069733    0.0000053550    0.0000200240    0.0000074403   -0.0000021967   -0.0000064587   -0.0000091498    0.0000262721   -0.0000109513   -0.0000102457    0.0000133797   -0.0000265330   -0.0000065222    0.0000148166   -0.0000025697    0.0000028460   -0.0000196594    0.0000088367   -0.0000122971   -0.0000160543    0.0000017639    0.0000065868    0.0000302609   -0.0000154399    0.0000075152   -0.0000005420    0.0000035194 
   0.0000815467   -0.0000303167   -0.0002410021    0.0000923143    0.0002956630   -0.0014797483    0.0005258608   -0.2679540194    0.0018375397    0.0005962284   -0.0003655970   -0.0004494369    0.0001944848   -0.0000004750   -0.0003015723    0.0009257155   -0.0003177347    0.0000054873   -0.0000729665    0.0002405611   -0.0000359688    0.0000328576    0.0000096335   -0.0001441382    0.0000797387   -0.0002152114    0.0000300462   -0.0000231330    0.0000484716    0.0000191633    0.0000018125    0.0000053628    0.0000030285   -0.0000050952   -0.0000236261   -0.0000110152    0.0000157824   -0.0000471317    0.0000338101   -0.0000025417   -0.0000411695   -0.0000163659   -0.0000087544   -0.0000506876   -0.0000146836   -0.0000802311   -0.0000496167   -0.0000122162   -0.0000333206   -0.0000209618    0.0000662098    0.0000271710    0.0000482908   -0.0000112872    0.0000749833   -0.0000160308   -0.0000051691    0.0000104603   -0.0000057844   -0.0000304329   -0.0000194117   -0.0000396591    0.0000564720   -0.0000021511    0.0000141580   -0.0000022920    0.0000153465    0.0000238591   -0.0000338777    0.0000046255    0.0000188862   -0.0000256907   -0.0000093645    0.0000256621   -0.0000347678    0.0000056884    0.0000078034   -0.0000960995    0.0000023529   -0.0000165600   -0.0000121971   -0.0000039567   -0.0000035082   -0.0000266572   -0.0000024796    0.0000235350    0.0000233777    0.0000506611   -0.0000140757   -0.0000180711   -0.0000129350    0.0000034303    0.0000416546    0.0000281684   -0.0000022920    0.0000203981    0.0000305732   -0.0000036940    0.0000239738    0.0000047086    0.0000077100    0.0000057827    0.0000014331   -0.0000044763   -0.0000076181    0.0000062890   -0.0000351647    0.0000063689    0.0000068618    0.0000030090    0.0000002680    0.0000418487    0.0000089058   -0.0000313406   -0.0000109631    0.0000092917   -0.0000057588   -0.0000143969    0.0000199387    0.0000246588    0.0000095203   -0.0000189516    0.0000272335    0.0000191045    0.0000067072   -0.0000078129   -0.0000096122    0.0000025725   -0.0000149673   -0.0000267866   -0.0000049077    0.0000099966    0.0000399928   -0.0000079922    0.0000438794    0.0000185827   -0.0000159463    0.0000165931   -0.0000432951    0.0000235394    0.0000165732    0.0000171928    0.0000256723   -0.0000025732   -0.0000118972    0.0000136730    0.0000049995   -0.0000536055    0.0000062001    0.0000011089    0.0000010590   -0.0000340402 
   0.0000656358   -0.0000200431   -0.0002601044    0.0000523648    0.0011316587    0.0007801146   -0.0003856107    0.0018375397   -0.2669397381    0.0007436593   -0.0001022513    0.0006455313    0.0005078022    0.0004193539    0.0007574771   -0.0002957145   -0.0000139302   -0.0000159595   -0.0000459220   -0.0000524266    0.0000083561    0.0000998038    0.0000975180   -0.0000316654    0.0000109131   -0.0001624026    0.0000730922   -0.0000473353   -0.0000544794   -0.0000209515    0.0000948868    0.0000893082   -0.0000625922   -0.0000040033   -0.0000189061    0.0000602064    0.0000333610    0.0000400942    0.0000356792   -0.0000826639   -0.0000481357    0.0000383832    0.0000643179   -0.0000012989   -0.0000302520    0.0000376100    0.0001334000    0.0000706315    0.0000471950   -0.0000271622   -0.0000031660    0.0001822399    0.0000029526    0.0000288754   -0.0000287402   -0.0000587563   -0.0000504914    0.0000227897   -0.0000243031   -0.0000087383   -0.0000133488    0.0000228809   -0.0000424131   -0.0000030202    0.0000158779   -0.0000881028    0.0000121993   -0.0000549050   -0.0000566689   -0.0000142330   -0.0000437016   -0.0000159286   -0.0000184335    0.0000295391   -0.0000495065   -0.0000463923   -0.0000289394   -0.0000564440   -0.0000323666    0.0000293679   -0.0000025855    0.0000279920    0.0000108374   -0.0000199306   -0.0000142411    0.0000049704   -0.0000269079    0.0000063067    0.0000033040   -0.0000123985    0.0000099613    0.0000720353   -0.0000200357   -0.0000020891   -0.0000145366   -0.0000095982    0.0000295663   -0.0000283712   -0.0000133547    0.0000341409    0.0000030281   -0.0000127821    0.0000161102    0.0000034314   -0.0000005986    0.0000012046    0.0000122787   -0.0000080907    0.0000362841    0.0000006772   -0.0000367074   -0.0000167496    0.0000116716   -0.0000016883    0.0000343400   -0.0000215248    0.0000148423    0.0000277509    0.0000050491   -0.0000212345    0.0000102817    0.0000471362    0.0000059927    0.0000133143    0.0000149937   -0.0000032933    0.0000127447   -0.0000191964   -0.0000153605   -0.0000159463    0.0000058440   -0.0000244412   -0.0000182710   -0.0000052991    0.0000139015    0.0000077188    0.0000169804    0.0000310782    0.0000378062    0.0000245757    0.0000188524    0.0000002769   -0.0000060811    0.0000401979    0.0000712319   -0.0000157464   -0.0000050452    0.0000017643    0.0000446570   -0.0000204944   -0.0000034599    0.0000198005 
  -0.0001022587    0.0000385809   -0.0000113717    0.0001182446   -0.0000372403    0.0004819012   -0.0002417518    0.0005962284    0.0007436593   -0.2658152087   -0.0064301027    0.0043460485   -0.0002685788    0.0000013739    0.0001721412   -0.0001151136   -0.0000784525    0.0001518482   -0.0000739396    0.0001203908    0.0000510955   -0.0001120413   -0.0000020247   -0.0001278288   -0.0000319410   -0.0000949897   -0.0001215080    0.0000924760   -0.0000083722   -0.0001826588   -0.0001136142   -0.0000279640    0.0000254033    0.0000052568   -0.0000073881    0.0000476345    0.0000157860    0.0000352330    0.0000430415   -0.0001051251   -0.0000001447   -0.0000876839   -0.0000229095    0.0000838693    0.0000167437   -0.0000359364    0.0000149533    0.0000522230   -0.0000465548   -0.0000488817   -0.0000872943   -0.0000144756    0.0000291797   -0.0000501944   -0.0000593031    0.0000364568   -0.0000149019   -0.0000308687   -0.0000252012    0.0000559325    0.0000168826   -0.0000428262   -0.0000596383   -0.0000016710   -0.0000228125    0.0000212470    0.0000002036   -0.0000396929    0.0000074638   -0.0000148857   -0.0000347575    0.0000069547    0.0000127675    0.0000157772   -0.0000117752    0.0000386338    0.0000004733   -0.0000164233    0.0000452259   -0.0000180042    0.0000315456    0.0000231976   -0.0000057387    0.0000088551    0.0000300668   -0.0000120156    0.0000059366    0.0000080393    0.0000184313    0.0000289173    0.0000454457    0.0000437133   -0.0000260442   -0.0000159066    0.0000058836    0.0000244126   -0.0000173258   -0.0000501687    0.0000211845   -0.0000364009    0.0000146461    0.0000001645   -0.0000110821    0.0000186040   -0.0000153877   -0.0000036929    0.0000001048   -0.0000268954   -0.0000135010    0.0000527926    0.0000081929    0.0000367207   -0.0000158970    0.0000306842    0.0000216204   -0.0000102781    0.0000312825    0.0000121758    0.0000078276   -0.0000207494   -0.0000545095   -0.0000176485   -0.0000052103    0.0000072750    0.0000036835    0.0000058440   -0.0000254959   -0.0000216233   -0.0000171443   -0.0000119377   -0.0000057330    0.0000064525    0.0000319109    0.0000040888   -0.0000302293    0.0000116165   -0.0000163483    0.0000252372   -0.0000175000   -0.0000440477   -0.0000111843   -0.0000060341    0.0000061155    0.0000386257   -0.0000262728   -0.0000090484   -0.0000031291   -0.0000164174    0.0000031493   -0.0000167246   -0.0000007868   -0.0000359335 
   0.0000884336    0.0000800621   -0.0002654624   -0.0000528205   -0.0002368935   -0.0005811538    0.0000481379   -0.0003655970   -0.0001022513   -0.0064301027   -0.2653742169    0.0010796951   -0.0004775207    0.0006689553   -0.0006227320    0.0008738254    0.0000631177    0.0000281213    0.0006488387    0.0002132490    0.0000987969    0.0000328723    0.0000264838    0.0000428086   -0.0000863462   -0.0001733613   -0.0000522796    0.0000268535    0.0000736089   -0.0000169223   -0.0000780556    0.0000683773   -0.0001123574   -0.0000408748    0.0000552842   -0.0000792830    0.0001030084    0.0001334735    0.0000019549   -0.0000423183    0.0000314640    0.0000755493   -0.0000050970   -0.0000428086    0.0000016146    0.0000309334   -0.0000985323   -0.0000534784    0.0000885071    0.0000372197    0.0000237136   -0.0000420846   -0.0000409123   -0.0000885071    0.0000612832    0.0000000713   -0.0000070232   -0.0000027171   -0.0000099172    0.0000015726    0.0000270923   -0.0000271849   -0.0000129799    0.0000331567    0.0000231587    0.0000328686    0.0000084266    0.0000037990    0.0000201269   -0.0000470502   -0.0000247448    0.0000072225    0.0000059341   -0.0000205252   -0.0000033435   -0.0000256451   -0.0000389491    0.0000407513   -0.0000132812    0.0000071310    0.0000435193   -0.0000149107    0.0000359791    0.0000352933    0.0000495219   -0.0000224752   -0.0000302961    0.0000667919   -0.0000109682    0.0000240319   -0.0000147144    0.0000214322   -0.0000628825   -0.0000095511   -0.0000030169    0.0000001629   -0.0000138957   -0.0000197866    0.0000401259    0.0000203444   -0.0000806133   -0.0000323247    0.0000182806    0.0000164012    0.0000264279    0.0000134025    0.0000196256   -0.0000149261    0.0000291290   -0.0000073120   -0.0000091168   -0.0000227963    0.0000196557    0.0000104324   -0.0000178344   -0.0000024018    0.0000334610   -0.0000062984    0.0000238547    0.0000321542    0.0000364480    0.0000187752   -0.0000068077    0.0000003098    0.0000144315    0.0000342607   -0.0000287806    0.0000229507    0.0000360724   -0.0000002490   -0.0000030465    0.0000003360    0.0000065217    0.0000418928    0.0000102758   -0.0000075116    0.0000286843    0.0000095100   -0.0000332309   -0.0000041696   -0.0000197528   -0.0000012246   -0.0000152230    0.0000481585   -0.0000150738   -0.0000062372    0.0000072303    0.0000143690   -0.0000032666   -0.0000116356    0.0000053625    0.0000007079 
  -0.0000448849   -0.0001329591    0.0003467372    0.0001315993    0.0002798755    0.0000160146    0.0000632890   -0.0004494369    0.0006455313    0.0043460485    0.0010796951   -0.2650728724   -0.0040809389    0.0000702022    0.0005179744    0.0002255086   -0.0005996755    0.0001823501    0.0000789008    0.0001072419    0.0003189621    0.0000506244    0.0000932183   -0.0000317382   -0.0000320190   -0.0001721485   -0.0000946148   -0.0002152922    0.0000762622   -0.0000625562   -0.0000705315   -0.0000065042   -0.0000186150   -0.0000224509   -0.0000074241   -0.0000864932    0.0000292495   -0.0000531630    0.0000161594   -0.0000318293   -0.0000366501   -0.0000412533   -0.0001100348    0.0000297625   -0.0000280868    0.0000299816   -0.0000007116   -0.0000297618    0.0000271578    0.0000165468   -0.0000101413   -0.0000236724    0.0000333735    0.0000440132   -0.0000631287   -0.0000026635    0.0000246698    0.0000074123   -0.0001510838   -0.0000997671    0.0000282301    0.0000283492    0.0000251924   -0.0000030308   -0.0000557958   -0.0000016195   -0.0000211140   -0.0001130703   -0.0000050253   -0.0000102803   -0.0000445270   -0.0000053183   -0.0000138347   -0.0000105257    0.0000200548    0.0000043802   -0.0000301616    0.0000088669    0.0000018277    0.0000353793   -0.0000140243    0.0000098620   -0.0000088257   -0.0000879044    0.0000525567    0.0000304689    0.0000191582    0.0000179859    0.0000211456    0.0000143021   -0.0000065352    0.0000413871    0.0000076145   -0.0000018026    0.0000083465   -0.0000098488    0.0000148938    0.0000005573   -0.0000121611   -0.0000049518    0.0000563948    0.0000053033    0.0000286939   -0.0000026430   -0.0000034450   -0.0000162902   -0.0000105573    0.0000382443   -0.0000039723    0.0000181336   -0.0000301462   -0.0000197998    0.0000009339   -0.0000050469   -0.0000152348    0.0000017275   -0.0000228412    0.0000334492   -0.0000152679   -0.0000296369    0.0000022110    0.0000569321    0.0000153737    0.0000017988    0.0000307041    0.0000015291   -0.0000225237    0.0000024991    0.0000183144    0.0000217975   -0.0000056259   -0.0000077879    0.0000291716    0.0000447967    0.0000072188   -0.0000184452   -0.0000046955    0.0000135620   -0.0000006034   -0.0000090808   -0.0000153987   -0.0000072842   -0.0000090359   -0.0000366810    0.0000050997    0.0000114526   -0.0000130798    0.0000018042   -0.0000404647    0.0000429225   -0.0000222495    0.0000120141 
  -0.0000493161    0.0003494052   -0.0000083517    0.0003314642    0.0001226839   -0.0002383855   -0.0005328505    0.0001944848    0.0005078022   -0.0002685788   -0.0004775207   -0.0040809389   -0.2644187344    0.0001161132    0.0002417885   -0.0000253394   -0.0006308389    0.0010096509    0.0005770158    0.0000238408   -0.0001417348    0.0000373432    0.0004525532    0.0002799269   -0.0001291371    0.0000656174    0.0000306967   -0.0000453222   -0.0000061774   -0.0002679320    0.0000008391    0.0000402398    0.0001438295   -0.0000477418    0.0000887717    0.0000580926   -0.0000127329   -0.0000086287    0.0000086126    0.0000051116    0.0000559567    0.0000144932    0.0000283874    0.0000900285   -0.0001079181   -0.0000489222   -0.0000010765   -0.0000241355    0.0000003634    0.0000007215    0.0000828991    0.0000309753   -0.0001181932   -0.0000192750    0.0000286843   -0.0000418472    0.0000593318   -0.0000940930   -0.0000034479    0.0000842882   -0.0000150290    0.0000421133    0.0000234402   -0.0000327510   -0.0000287350   -0.0000028980    0.0000014980    0.0000308863    0.0000252203    0.0000163939    0.0000572951    0.0000114702    0.0000466349   -0.0000206737    0.0000248741    0.0000522752    0.0000041076   -0.0000259266    0.0000604291   -0.0000065617   -0.0000558141   -0.0000135186    0.0000163593    0.0000032212   -0.0000302403    0.0000272342   -0.0000620814   -0.0000555312    0.0000441727    0.0000244287    0.0000204569   -0.0000123397   -0.0000016197   -0.0000098760    0.0000734501   -0.0000145998   -0.0000097231    0.0000016907    0.0000335565    0.0000043842   -0.0000383553    0.0000167783   -0.0000468716   -0.0000058331    0.0000020570    0.0000110233   -0.0000215902   -0.0000073142    0.0000061926   -0.0000292209    0.0000093748   -0.0000142742   -0.0000068854   -0.0000128645    0.0000088132   -0.0000044203   -0.0000061481    0.0000045996   -0.0000349530    0.0000069922   -0.0000244809    0.0000137082   -0.0000006216   -0.0000083024   -0.0000009991    0.0000204304   -0.0000120663    0.0000411431   -0.0000203812   -0.0000343863   -0.0000030098   -0.0000218019    0.0000079173   -0.0000041278   -0.0000102986    0.0000157581   -0.0000045681   -0.0000170642    0.0000188921   -0.0000087155    0.0000161256   -0.0000090183    0.0000256915    0.0000162513   -0.0000041351    0.0000275113    0.0000009611   -0.0000142845   -0.0000259583   -0.0000047376    0.0000004222    0.0000063157 
   0.0000620476    0.0002920542    0.0000491713    0.0000592384    0.0000417142   -0.0001096526    0.0004448432   -0.0000004750    0.0004193539    0.0000013739    0.0006689553    0.0000702022    0.0001161132   -0.2634044531   -0.0009103542    0.0000987013    0.0005429933   -0.0001564860   -0.0009234370   -0.0000205517   -0.0000534445   -0.0000528962   -0.0000523332   -0.0003485894    0.0001737582   -0.0000471398   -0.0001308790   -0.0000483283   -0.0000104530   -0.0005109846    0.0000260251    0.0000974298    0.0000351199   -0.0000213455    0.0000961877   -0.0001361268    0.0000041484   -0.0000178293    0.0000642452   -0.0000288306    0.0000533828    0.0000268175   -0.0000003310    0.0000069507   -0.0000996862   -0.0000041683   -0.0000286343    0.0000034599    0.0000163880   -0.0000065789    0.0000740866   -0.0000215748   -0.0000138339   -0.0000185246   -0.0000324526   -0.0000270247   -0.0000287380    0.0000144844    0.0000090278    0.0000046344   -0.0000607709   -0.0000383531   -0.0000161124   -0.0000985249   -0.0000176529   -0.0000711048   -0.0000548800    0.0000193206    0.0000391946   -0.0000389800   -0.0000189355    0.0000106198   -0.0000055438   -0.0000133180   -0.0000290849    0.0000321454   -0.0000387103   -0.0000107176   -0.0000297603   -0.0000458301    0.0000103560   -0.0000070739    0.0000083803    0.0000288423    0.0000223752    0.0000153605    0.0000204473   -0.0000477102   -0.0000150275    0.0000111328    0.0000000800   -0.0000362290   -0.0000038301   -0.0000224061   -0.0000445012    0.0000113651   -0.0000257333    0.0000512102    0.0000138427    0.0000305806   -0.0000055362   -0.0000338175    0.0000016630   -0.0000082355   -0.0000312046    0.0000260898    0.0000123257   -0.0000292194   -0.0000202768    0.0000142977    0.0000207928    0.0000321373   -0.0000222032    0.0000333419   -0.0000121140    0.0000135715    0.0000257311    0.0000482364   -0.0000153634   -0.0000303535    0.0000003756   -0.0000019066    0.0000508206    0.0000045105    0.0000147203    0.0000476867   -0.0000181931    0.0000442102   -0.0000245706    0.0000073144   -0.0000034683    0.0000075601   -0.0000191662   -0.0000123654   -0.0000340115   -0.0000071558   -0.0000038232   -0.0000084009   -0.0000365744    0.0000117172    0.0000017305    0.0000150753    0.0000051234    0.0000030980    0.0000381135    0.0000156251    0.0000054855    0.0000067491   -0.0000129027    0.0000202665   -0.0000018380    0.0000007314 
   0.0000037434   -0.0001531124   -0.0001000611   -0.0001925003    0.0001031774   -0.0000980325   -0.0001655925   -0.0003015723    0.0007574771    0.0001721412   -0.0006227320    0.0005179744    0.0002417885   -0.0009103542   -0.2626768165   -0.0000288394    0.0016832660   -0.0014198469    0.0000684824    0.0000665229   -0.0000080143    0.0000442102   -0.0004244841    0.0001025821    0.0000710004    0.0000949970    0.0000907194    0.0000322328    0.0000151878    0.0000885291    0.0000437288   -0.0001127616    0.0001373690    0.0001953374    0.0000811058   -0.0000226699   -0.0000845308    0.0000140676   -0.0000173273   -0.0000345480    0.0000622041   -0.0000096665    0.0000028174   -0.0000288769   -0.0001023395    0.0000246309   -0.0000736236   -0.0000076071   -0.0000813704    0.0000206612    0.0000386647   -0.0000585909   -0.0001753678   -0.0000057837   -0.0000197733    0.0000592642   -0.0000045072   -0.0000652668    0.0000015907   -0.0000159602    0.0000243744    0.0000473199    0.0000143315   -0.0000545786    0.0000631273   -0.0000158515    0.0000246786    0.0000046862   -0.0000151635    0.0000253416    0.0000850159    0.0000166746    0.0000156082   -0.0000054719    0.0000043542    0.0000583204    0.0000450106    0.0000247867    0.0000440639    0.0000175485    0.0000051058   -0.0000065617   -0.0000158573   -0.0000211639   -0.0000050075   -0.0000175169    0.0000141448    0.0000761078   -0.0000034896   -0.0000574605   -0.0000011464   -0.0000090705    0.0000089970   -0.0000042360    0.0000319932    0.0000141367   -0.0000033512    0.0000258465   -0.0000379202    0.0000070526    0.0000158992    0.0000026397    0.0000030589   -0.0000259325    0.0000284624   -0.0000253894    0.0000125852   -0.0000170921    0.0000166100    0.0000245691   -0.0000376365   -0.0000381906   -0.0000186077   -0.0000044771    0.0000222649    0.0000160440    0.0000036496   -0.0000559751    0.0000270291    0.0000086273    0.0000134907   -0.0000154487   -0.0000314214    0.0000004307   -0.0000217380    0.0000334257    0.0000340100    0.0000045250    0.0000448849    0.0000120016   -0.0000087125   -0.0000054845    0.0000280258    0.0000274554    0.0000160293   -0.0000040463    0.0000261376   -0.0000346120    0.0000123764    0.0000048385   -0.0000227669    0.0000140272   -0.0000140662   -0.0000014784    0.0000073940   -0.0000272335    0.0000033928    0.0000204495    0.0000189259    0.0000044018    0.0000028980   -0.0000032389 
  -0.0001544721    0.0000589209    0.0000590488    0.0000408902   -0.0000941812    0.0000796064    0.0004617112    0.0009257155   -0.0002957145   -0.0001151136    0.0008738254    0.0002255086   -0.0000253394    0.0000987013   -0.0000288394   -0.2623240230   -0.0021840858    0.0027837613   -0.0008319312   -0.0002513507   -0.0000045142   -0.0000656291   -0.0003673389   -0.0004283722    0.0001444469   -0.0000408454    0.0000962318    0.0000332706   -0.0000092763    0.0002878060    0.0000330986    0.0000648831    0.0001819974    0.0001089470   -0.0000017232    0.0000282330   -0.0000775484    0.0000032710   -0.0001072051    0.0000201445    0.0000032328    0.0000394173   -0.0000361929    0.0000074829    0.0000414496   -0.0000339123   -0.0000559692   -0.0000420030    0.0000054864   -0.0000652764   -0.0000377636    0.0000913441   -0.0001185607    0.0000036306   -0.0000376526    0.0000120677    0.0000088331   -0.0000268175   -0.0000163395   -0.0000533078    0.0000413158    0.0000001055    0.0000393482   -0.0000287005    0.0000306710   -0.0000018364    0.0000354227    0.0000088507    0.0000118414    0.0000398995    0.0001122030    0.0000021583   -0.0000437501    0.0000289041   -0.0000381752   -0.0000254342   -0.0000145064    0.0000443601   -0.0000443917   -0.0000060035    0.0000176448   -0.0000063218   -0.0000297398   -0.0000183688    0.0000305784    0.0000058072    0.0000125587   -0.0000138611    0.0000478241    0.0000303270    0.0000179366   -0.0000032845   -0.0000165828    0.0000045604   -0.0000036272    0.0000061873    0.0000221407   -0.0000336528    0.0000144270    0.0000370859    0.0000183004   -0.0000051221   -0.0000362848    0.0000109586   -0.0000274620   -0.0000254408    0.0000632294    0.0000102670    0.0000515681    0.0000199799   -0.0000092917   -0.0000156758   -0.0000323210   -0.0000053168    0.0000090345   -0.0000431202   -0.0000069170    0.0000016948   -0.0000440499   -0.0000155986    0.0000098620    0.0000002728   -0.0000135870    0.0000298463    0.0000077350    0.0000248771   -0.0000003377    0.0000318065    0.0000174015   -0.0000076123   -0.0000019257   -0.0000054228    0.0000102031   -0.0000060633   -0.0000030132   -0.0000009132    0.0000516703    0.0000029159    0.0000362098   -0.0000112468    0.0000003748    0.0000025901    0.0000082414   -0.0000099120   -0.0000094799    0.0000001938    0.0000251821    0.0000074947   -0.0000072510    0.0000004633    0.0000021560   -0.0000074851 
