   0.0000000000    0.0000673850    0.0006371304   -0.0005305206   -0.0008511878   -0.0001322902    0.0003960254   -0.0000925054   -0.0000635028   -0.0000285145   -0.0003498830   -0.0002518358   -0.0000413922    0.0003256946   -0.0000491485   -0.0003168894    0.0003644798    0.0002859685    0.0002342108    0.0001176934   -0.0001634389    0.0000985249   -0.0000667823    0.0000562404   -0.0000001012   -0.0000266425    0.0001090426   -0.0000468811   -0.0000692703    0.0000427828   -0.0000087434    0.0000639526   -0.0000905209    0.0000618065   -0.0000906238    0.0000264404   -0.0000061133    0.0000217931    0.0000383362    0.0000249675    0.0000600719    0.0000315059   -0.0000512638   -0.0000285153    0.0000257767    0.0000220187   -0.0000051365    0.0000089764    0.0000509199    0.0000803781   -0.0000033187    0.0000298302   -0.0000281831   -0.0000571474    0.0000096320    0.0000278957   -0.0000193235   -0.0000223480   -0.0000297192    0.0000352632    0.0000158537   -0.0000432459   -0.0000003992   -0.0000247573   -0.0000011794   -0.0000115782    0.0000343790   -0.0000236982    0.0000128145    0.0000427417   -0.0000790992   -0.0000034072   -0.0000469252   -0.0000087750    0.0000117693   -0.0000460579    0.0000105596    0.0000384207   -0.0000331148   -0.0000016868    0.0000211044   -0.0000563205    0.0000005940    0.0000052990   -0.0000262162   -0.0000125381   -0.0000300521    0.0000197190   -0.0000234608    0.0000279626    0.0000126528    0.0000051446    0.0000194698    0.0000279052    0.0000281897    0.0000178499   -0.0000228412    0.0000008624   -0.0000220643   -0.0000279493    0.0000099458   -0.0000107345    0.0000003655    0.0000182152    0.0000269975    0.0000101112   -0.0000031998    0.0000107212    0.0000019017    0.0000447849    0.0000027036    0.0000052174   -0.0000314390    0.0000233799   -0.0000149224    0.0000264323    0.0000169863    0.0000269350    0.0000346252    0.0000034705    0.0000024673   -0.0000131504   -0.0000078710   -0.0000077203    0.0000185099    0.0000159161   -0.0000104405   -0.0000058604   -0.0000018156    0.0000168283   -0.0000085810   -0.0000306394    0.0000054537    0.0000143425    0.0000195815    0.0000044745    0.0000066357    0.0000124874   -0.0000763651    0.0000169164    0.0000270218    0.0000104118   -0.0000150937    0.0000057879   -0.0000091521    0.0000102553   -0.0000007034   -0.0000299845   -0.0000206899   -0.0000142918    0.0000002163    0.0000027005 
  -0.0000673850    0.0000000000   -0.0020004862   -0.0001855253   -0.0003633773   -0.0005731572    0.0002312341    0.0001679224   -0.0002864757   -0.0001016192    0.0000938284   -0.0001183843   -0.0002432291    0.0000524824    0.0002209663    0.0000515505   -0.0000726233    0.0001526493   -0.0000263750    0.0000088507    0.0000783055   -0.0000871106    0.0001028467    0.0001923313    0.0000622622   -0.0000349773    0.0000857435   -0.0000448342    0.0000113048   -0.0001743535    0.0000700413   -0.0000822964    0.0000385603   -0.0000649699    0.0000436229   -0.0000150070   -0.0000139339    0.0000297537    0.0000155479    0.0000254820   -0.0000728136   -0.0000677724   -0.0000238172    0.0001162014    0.0000164122    0.0000452810    0.0000347634   -0.0000831123   -0.0000169885   -0.0000026310    0.0000897492   -0.0001030598    0.0000048883   -0.0000082973   -0.0000494308   -0.0000206340    0.0000419045    0.0000217659   -0.0000733208    0.0000528147    0.0000367728   -0.0000501592   -0.0000423580    0.0000213190   -0.0000117025   -0.0000026618    0.0000509088    0.0000022334   -0.0000054308    0.0000405272    0.0000187017    0.0000213073   -0.0000009087    0.0000034104    0.0000430562   -0.0000064195    0.0000120192    0.0000409218    0.0000256613   -0.0000406602    0.0000200828   -0.0000209177    0.0000134201   -0.0000058090    0.0000350919   -0.0000143830   -0.0000127057   -0.0000112975   -0.0000013693    0.0000019692    0.0000627098   -0.0000289004   -0.0000290202    0.0000224685    0.0000142021   -0.0000060634    0.0000295950    0.0000053191   -0.0000274187    0.0000486995   -0.0000038445    0.0000004283    0.0000033109   -0.0000251902    0.0000159029    0.0000178947    0.0000285447   -0.0000194397    0.0000143499    0.0000024310   -0.0000246470   -0.0000032872   -0.0000083002   -0.0000227765    0.0000035551    0.0000187583   -0.0000052507   -0.0000075498   -0.0000022293    0.0000204187    0.0000088412   -0.0000173523   -0.0000397407    0.0000061297    0.0000109785    0.0000015408    0.0000152172   -0.0000029373   -0.0000362510   -0.0000339733   -0.0000150966    0.0000432863   -0.0000344224    0.0000013750   -0.0000026878   -0.0000155854    0.0000109638   -0.0000651904   -0.0000164740   -0.0000143389    0.0000164835   -0.0000348457    0.0000004242    0.0000433355   -0.0000248168    0.0000384177    0.0000043114   -0.0000225758   -0.0000113034   -0.0000068188    0.0000147622   -0.0000108109 
  -0.0006371304    0.0020004862    0.0000000000    0.0002721875   -0.0008443525    0.0005856813    0.0007498332    0.0005988743    0.0000050568    0.0006333525    0.0000279229    0.0001375527    0.0002109044    0.0000851041   -0.0001360680   -0.0000222238   -0.0000071657   -0.0000681876   -0.0000385750   -0.0000275708   -0.0002033046    0.0000069690    0.0001234042   -0.0000672645   -0.0000521186   -0.0000441668    0.0000220422    0.0001227868   -0.0000058174    0.0000668911    0.0001267264   -0.0000610862    0.0001131585   -0.0000024624    0.0000108403    0.0000878309    0.0000033695   -0.0000029129   -0.0000183342    0.0000763063   -0.0000090639    0.0000101421   -0.0000341364    0.0000020310    0.0000566366    0.0000102178   -0.0000183012   -0.0000029874   -0.0000185569   -0.0000006711   -0.0000804957   -0.0000356343    0.0000542317   -0.0000151701   -0.0000493066    0.0000034520   -0.0000052598   -0.0000189156   -0.0000300183   -0.0000093681    0.0000639673    0.0000719118   -0.0000055430    0.0000690784    0.0000123867   -0.0000387911   -0.0000340438    0.0000642503   -0.0000636726    0.0000503973   -0.0000331699    0.0000101009   -0.0000056079   -0.0000230095    0.0000040709   -0.0000311634   -0.0000526655   -0.0000278986   -0.0000158684    0.0000512712   -0.0000058148   -0.0000085508    0.0000015088   -0.0000044439    0.0000345451   -0.0000164865   -0.0000157390   -0.0000114952    0.0000380407   -0.0000244038    0.0000521083    0.0000095570    0.0000171333   -0.0000121898    0.0000733950   -0.0000190736   -0.0000555988   -0.0000309172    0.0000330031    0.0000104875    0.0000003546   -0.0000057769    0.0000089962    0.0000401435    0.0000091329    0.0000010820   -0.0000073005   -0.0000158074    0.0000354116    0.0000037576   -0.0000092064   -0.0000254901    0.0000141198   -0.0000094630   -0.0000141757   -0.0000057896   -0.0000031501    0.0000266844   -0.0000164718    0.0000336190   -0.0000289055    0.0000160587   -0.0000207237    0.0000058328   -0.0000175059    0.0000239613    0.0000240973   -0.0000118355    0.0000099605    0.0000199960   -0.0000198873   -0.0000010724   -0.0000409704    0.0000010658   -0.0000012759   -0.0000037353   -0.0000132570   -0.0000297611   -0.0000391645   -0.0000034125   -0.0000003192    0.0000187671    0.0000414709    0.0000138530    0.0000015710    0.0000129394   -0.0000045672    0.0000080782   -0.0000136274    0.0000283727   -0.0000210375   -0.0000019939 
   0.0005305206    0.0001855253   -0.0002721875    0.0000000000    0.0006329189    0.0015012834   -0.0005283891   -0.0009925992   -0.0000506288    0.0000650272   -0.0000696554    0.0005478148    0.0000236166    0.0000681965    0.0000481269    0.0000057044   -0.0000603417    0.0000786877    0.0000048770    0.0000298169    0.0000900799    0.0000028462   -0.0000867284   -0.0000666170    0.0000134076    0.0000403500    0.0000536327   -0.0000158831   -0.0000132739    0.0000047488   -0.0000468201    0.0000136781    0.0000101046   -0.0000055310   -0.0000247485    0.0000198424    0.0001206995    0.0000472391   -0.0000319873   -0.0000750201   -0.0000099333   -0.0000720706   -0.0000842882    0.0000275223    0.0000239510    0.0000157655    0.0000121692   -0.0000042556    0.0000463218    0.0000252064   -0.0000072809    0.0000409138   -0.0000624356   -0.0000611112    0.0000217255    0.0000376806    0.0000301271   -0.0000087971    0.0000324063   -0.0000227324    0.0000186444   -0.0000091690    0.0000203724   -0.0000154362    0.0000393754   -0.0000179175   -0.0000229389   -0.0000560354    0.0000347744    0.0000389425    0.0000727989   -0.0000229353    0.0000099341    0.0000127226    0.0000122184   -0.0000213345    0.0000322909   -0.0000307188   -0.0000022618    0.0000182762    0.0000082576   -0.0000155383    0.0000159992   -0.0000005063   -0.0000033409   -0.0000241612   -0.0000090624   -0.0000417487    0.0000341894   -0.0000206171   -0.0000637483   -0.0000413694    0.0000123029    0.0000015923    0.0000048084    0.0000051831    0.0000251601    0.0000139412    0.0000871106    0.0000055798    0.0000131033    0.0000024733   -0.0000028329   -0.0000361746    0.0000224965    0.0000211955   -0.0000319668   -0.0000282080   -0.0000084038   -0.0000157743    0.0000148188   -0.0000060625    0.0000374784    0.0000098496   -0.0000077578   -0.0000267366   -0.0000136524    0.0000005010    0.0000056409    0.0000280272    0.0000144388   -0.0000014461   -0.0000092131    0.0000447144   -0.0000513373    0.0000021712   -0.0000134451    0.0000077034    0.0000121140    0.0000059119   -0.0000246581   -0.0000006303   -0.0000006388    0.0000061986    0.0000027505    0.0000203709   -0.0000158559   -0.0000130842    0.0000020719    0.0000051692   -0.0000037313    0.0000188884   -0.0000019125    0.0000007689   -0.0000065339    0.0000046698   -0.0000069134   -0.0000290004    0.0000101230    0.0000085971    0.0000027926    0.0000081290 
   0.0008511878    0.0003633773    0.0008443525   -0.0006329189    0.0000000000    0.0035014756    0.0002270006   -0.0000106911    0.0005517176    0.0004778735    0.0001454759    0.0001911847   -0.0000096702    0.0000846263   -0.0002489693   -0.0000185812   -0.0000753876    0.0002411491    0.0000215175    0.0001255136   -0.0000535982   -0.0000111938    0.0000214829    0.0000053159    0.0000409248   -0.0000858538   -0.0000421044    0.0000161447    0.0000078401   -0.0000794300   -0.0001778814    0.0000034164    0.0000134708   -0.0001289093    0.0000600829   -0.0000056853   -0.0000094666   -0.0000337160    0.0001692233   -0.0001215447    0.0001146652    0.0000920644    0.0000108359   -0.0000189215   -0.0000050388   -0.0000325930   -0.0000693570    0.0000544044   -0.0000126425    0.0000147732   -0.0000218137    0.0000006455   -0.0000175948   -0.0000348589    0.0000004897   -0.0000199696    0.0000238143    0.0000552239    0.0000131592   -0.0000040987   -0.0000353455   -0.0000029626   -0.0000273599    0.0000163321    0.0000222223    0.0000311575    0.0000435141    0.0000158331   -0.0000121390    0.0000522318    0.0000026395    0.0000031626    0.0000246551    0.0000038061    0.0000253754    0.0000154163    0.0000115988   -0.0000403059    0.0000491544   -0.0000420155   -0.0000045934   -0.0000011494    0.0000155472    0.0000402060    0.0000414165   -0.0000090786   -0.0000064210    0.0000128101   -0.0000121023   -0.0000216909    0.0000162270   -0.0000048236    0.0000162814   -0.0000092035   -0.0000092307   -0.0000360283    0.0000310370    0.0000282161   -0.0000141353    0.0000251454   -0.0000204282   -0.0000295398    0.0000354462   -0.0000123213   -0.0000361371    0.0000625437   -0.0000050906   -0.0000320461   -0.0000371594    0.0000233961    0.0000442418    0.0000178286    0.0000233182    0.0000207149   -0.0000194522    0.0000033102    0.0000060824    0.0000069959    0.0000047745   -0.0000033288    0.0000193096    0.0000009811    0.0000004320    0.0000148151    0.0000103001   -0.0000020122   -0.0000161116    0.0000102413    0.0000299551    0.0000336161   -0.0000182828    0.0000099436   -0.0000234975    0.0000506340   -0.0000216027   -0.0000097048   -0.0000020886    0.0000149276   -0.0000441573   -0.0000229551    0.0000272695   -0.0000031631   -0.0000063215   -0.0000067813    0.0000056368    0.0000076336    0.0000243479    0.0000093520    0.0000027725   -0.0000143095    0.0000027200    0.0000103905 
   0.0001322902    0.0005731572   -0.0005856813   -0.0015012834   -0.0035014756    0.0000000000   -0.0005340559   -0.0017696269   -0.0002163506   -0.0004135695   -0.0000787024   -0.0000457287   -0.0003987963   -0.0001655851    0.0001139964    0.0000457198    0.0000062293   -0.0000004528    0.0001281596    0.0000123463    0.0002309034    0.0000240980   -0.0002828154    0.0000303873   -0.0001125044   -0.0000592686    0.0000063818    0.0000778939    0.0000304475    0.0000998773   -0.0001549204    0.0000459741    0.0000615728   -0.0000227383   -0.0000828036    0.0002205253    0.0000753729    0.0000477102    0.0001409410    0.0000247499    0.0000675056    0.0000868313   -0.0000387801   -0.0000257179   -0.0000502312    0.0000171774    0.0000259972   -0.0000021343   -0.0000326253   -0.0000000474    0.0000338910   -0.0000549608    0.0000331898   -0.0000016232    0.0000283830   -0.0000068269   -0.0000828109   -0.0000478116    0.0000378099    0.0000279986   -0.0000322924    0.0000566557    0.0000085450    0.0000100605    0.0000118031   -0.0000198917    0.0000241083   -0.0000185555    0.0000112482    0.0000705903    0.0000685007    0.0000147629   -0.0000116348   -0.0000451407    0.0000303961    0.0000060712    0.0000161543    0.0000065625   -0.0000198432   -0.0000066112    0.0000070660    0.0000251733   -0.0000021426    0.0000210302   -0.0000010247   -0.0000052843    0.0000216086    0.0000014969    0.0000033426    0.0000020072   -0.0000057970    0.0000387933    0.0000299786   -0.0000071610    0.0000016076   -0.0000226141    0.0000002496   -0.0000175199   -0.0000449613   -0.0000073399   -0.0000149533   -0.0000188634   -0.0000333691   -0.0000112210    0.0000140603   -0.0000139978   -0.0000284624    0.0000208207    0.0000241127   -0.0000127461    0.0000225281   -0.0000349045   -0.0000119266    0.0000117664   -0.0000174765   -0.0000076549    0.0000055643    0.0000129453   -0.0000210324    0.0000107918    0.0000018231    0.0000194338    0.0000234527   -0.0000571195   -0.0000084171   -0.0000353845    0.0000159646   -0.0000032401    0.0000017351   -0.0000286373   -0.0000227074    0.0000093336    0.0000124764    0.0000150988   -0.0000017704    0.0000301043   -0.0000263066    0.0000052796   -0.0000131548    0.0000138053    0.0000025902   -0.0000238437   -0.0000182666   -0.0000126521   -0.0000153134   -0.0000355623    0.0000184107   -0.0000430886    0.0000120766   -0.0000038729    0.0000181542    0.0000113747 
  -0.0003960254   -0.0002312341   -0.0007498332    0.0005283891   -0.0002270006    0.0005340559    0.0000000000    0.0118994310   -0.0000534085    0.0011577507   -0.0000860375   -0.0005776112    0.0001184945   -0.0004815852   -0.0000728923   -0.0000594883   -0.0000543809    0.0003038434    0.0002158949   -0.0001948302    0.0000607121   -0.0000243802   -0.0000947177   -0.0000897639   -0.0001218534   -0.0000001139    0.0000418398    0.0001379937   -0.0000249653   -0.0000160433   -0.0000244133    0.0000512168    0.0000153575   -0.0000009498   -0.0000176485    0.0000030667    0.0000506082    0.0000583682   -0.0000784010    0.0000158088   -0.0000005706    0.0000116944    0.0000292701    0.0000816496   -0.0000215116   -0.0000386412    0.0000046829    0.0000205701    0.0000360518   -0.0000622997   -0.0000423051    0.0000948059   -0.0000067725    0.0000324408    0.0000037925   -0.0000109270   -0.0000182725   -0.0000388154   -0.0000344848   -0.0000169392   -0.0000315846   -0.0000202606    0.0000050699   -0.0000006115   -0.0000098591   -0.0000157419    0.0000230146    0.0000353499    0.0000072492   -0.0000083980   -0.0000019286   -0.0000313567    0.0000364458   -0.0000451377   -0.0000043465   -0.0000346289    0.0000099811   -0.0000052695   -0.0000363605   -0.0000017791   -0.0000130196   -0.0000127836   -0.0000199196    0.0000058669   -0.0000295986   -0.0000144351   -0.0000149989    0.0000579191   -0.0000118686    0.0000167930    0.0000167922   -0.0000240267    0.0000208891    0.0000276245   -0.0000309767    0.0000219857    0.0000018287   -0.0000287292    0.0000134650    0.0000085464    0.0000120420   -0.0000460638    0.0000000943   -0.0000171957    0.0000159470   -0.0000172450    0.0000054635    0.0000002471   -0.0000008295   -0.0000186054    0.0000097775    0.0000341254   -0.0000149041    0.0000568402   -0.0000113960   -0.0000097643    0.0000647104   -0.0000124463    0.0000192214   -0.0000048278   -0.0000267344    0.0000165276   -0.0000140125   -0.0000220136    0.0000050469   -0.0000248683   -0.0000167143    0.0000067756    0.0000151275    0.0000203650    0.0000106477    0.0000251549   -0.0000274385   -0.0000174603    0.0000313876    0.0000009801    0.0000061907   -0.0000175096    0.0000235519   -0.0000035692   -0.0000096555   -0.0000018061    0.0000039944    0.0000238408   -0.0000101774    0.0000048972    0.0000144395   -0.0000220048   -0.0000051786    0.0000060048    0.0000095357    0.0000167599 
   0.0000925054   -0.0001679224   -0.0005988743    0.0009925992    0.0000106911    0.0017696269   -0.0118994310    0.0000000000   -0.0000301161    0.0014341791    0.0000358526   -0.0002211427    0.0001216770    0.0002157479   -0.0004203608   -0.0008015763    0.0000667309   -0.0002652125   -0.0000956732    0.0001235806    0.0000301109    0.0000371440   -0.0000694055   -0.0001589261   -0.0000421765    0.0001328929   -0.0000403581   -0.0000561074    0.0000173780   -0.0000150650   -0.0000142955   -0.0000367015   -0.0000105801   -0.0000046383   -0.0000166379    0.0000183622   -0.0000300749    0.0000336293   -0.0000050595    0.0000694408   -0.0000722822    0.0000060394   -0.0000760491   -0.0000356292    0.0000289158    0.0000426006    0.0000756522    0.0000524222    0.0000322666    0.0000834283    0.0000233299   -0.0000628288    0.0000466422   -0.0001155693    0.0000187267    0.0000464026   -0.0000126410    0.0000314435    0.0000167254    0.0000331170   -0.0000436207    0.0000310723   -0.0000003368   -0.0000250917    0.0000172575   -0.0000127182   -0.0000146270    0.0000039335   -0.0000501151   -0.0000323688    0.0000133319   -0.0000342217    0.0000691086    0.0000049873    0.0000167511   -0.0000216064   -0.0000013122    0.0000112328   -0.0000167151   -0.0000302616   -0.0000223715    0.0000274341   -0.0000275980    0.0000039988   -0.0000122485   -0.0000125661    0.0000125447   -0.0000164365    0.0000434186   -0.0000081664   -0.0000071088   -0.0000165093    0.0000399340   -0.0000185371    0.0000051548    0.0000042723   -0.0000124955   -0.0000283521    0.0000408116    0.0000219555    0.0000088015   -0.0000025056    0.0000044903    0.0000258870    0.0000090286    0.0000175676   -0.0000005880    0.0000026048   -0.0000175846    0.0000141919    0.0000099672    0.0000051010    0.0000051218   -0.0000386324    0.0000101796    0.0000254798   -0.0000232594    0.0000267873   -0.0000375189    0.0000188362   -0.0000310958    0.0000033781    0.0000166555   -0.0000040779   -0.0000046654   -0.0000144866    0.0000423823   -0.0000004454    0.0000275620   -0.0000267557   -0.0000206053   -0.0000390983   -0.0000247161    0.0000080481   -0.0000163130   -0.0000284521    0.0000021843    0.0000519929   -0.0000514226    0.0000121831   -0.0000238849   -0.0000093872   -0.0000074726   -0.0000194419    0.0000222047   -0.0000066014   -0.0000053964   -0.0000269123   -0.0000415326   -0.0000024850    0.0000016406    0.0000408329 
   0.0000635028    0.0002864757   -0.0000050568    0.0000506288   -0.0005517176    0.0002163506    0.0000534085    0.0000301161    0.0000000000   -0.0005426258   -0.0014192589   -0.0010998338    0.0000215726   -0.0003854196    0.0000585042   -0.0000513528    0.0002665281    0.0002170268    0.0000674203    0.0001303719    0.0000478403    0.0000491331    0.0000860669   -0.0000965552    0.0003019765    0.0000394871    0.0000415238    0.0000990688    0.0001001419    0.0001456890    0.0000110990   -0.0001120487   -0.0000681876   -0.0001177375    0.0001189723   -0.0001048017    0.0000042679   -0.0000031169   -0.0000209596    0.0000057127    0.0000455648    0.0000334639    0.0000227956   -0.0000233432    0.0000038101   -0.0000160021    0.0000421471    0.0001650412   -0.0000746085   -0.0000225244   -0.0000253401   -0.0000350412   -0.0000131857    0.0000280214   -0.0000095122   -0.0000109351    0.0000013394   -0.0000105838   -0.0000033767    0.0000169238    0.0000094556    0.0000220283   -0.0000465614    0.0000286365   -0.0000193169   -0.0000442690    0.0001131806   -0.0000675350   -0.0000109028    0.0000245265   -0.0000285020   -0.0000090866   -0.0000086897   -0.0000600690   -0.0000272482    0.0000037076    0.0000638931    0.0000578258    0.0000467224    0.0000431547    0.0000046200    0.0000224281   -0.0000227118    0.0000006480   -0.0000049001   -0.0000505803    0.0000071076   -0.0000352029   -0.0000053394   -0.0000020204    0.0000036075    0.0000570739    0.0000235460   -0.0000037783   -0.0000052657   -0.0000383376   -0.0000421272   -0.0000223943   -0.0000189965    0.0000138920    0.0000086221   -0.0000083811   -0.0000095291   -0.0000162623    0.0000206862    0.0000058229   -0.0000226890   -0.0000182409    0.0000149129   -0.0000493492   -0.0000506950    0.0000234527   -0.0000093725    0.0000068925   -0.0000219357   -0.0000321490   -0.0000412357    0.0000002343    0.0000016024    0.0000122824   -0.0000090947    0.0000227317    0.0000022625    0.0000165864   -0.0000026203   -0.0000482188    0.0000083171    0.0000264558    0.0000042556   -0.0000130636   -0.0000144836    0.0000181233    0.0000258421    0.0000185584    0.0000034152   -0.0000006036    0.0000110057   -0.0000021737    0.0000133988    0.0000292914    0.0000013932   -0.0000211110    0.0000087669   -0.0000290173   -0.0000285645    0.0000482232   -0.0000155633   -0.0000252549    0.0000155626    0.0000053554   -0.0000061090   -0.0000060839 
   0.0000285145    0.0001016192   -0.0006333525   -0.0000650272   -0.0004778735    0.0004135695   -0.0011577507   -0.0014341791    0.0005426258    0.0000000000    0.0009874543    0.0003691249   -0.0002963906   -0.0000137685   -0.0000761813    0.0000937916   -0.0000661767   -0.0000444895    0.0000343209   -0.0000042875   -0.0000216777    0.0000724969   -0.0000251108   -0.0001671506    0.0001592275    0.0000121427    0.0002530264    0.0000246544   -0.0001054853    0.0000500408   -0.0001158412    0.0000483217    0.0000550549   -0.0000302932   -0.0000611435    0.0000561059    0.0000061003    0.0001111006    0.0000106874    0.0000242156    0.0000138883   -0.0000362392   -0.0000485753   -0.0000498872   -0.0000623107   -0.0000290761    0.0000572069   -0.0000817378   -0.0000779380    0.0000003094    0.0000402221   -0.0000020319   -0.0000196741   -0.0000449415    0.0000341534   -0.0000513425   -0.0000040310    0.0000228301   -0.0000079967    0.0000024340   -0.0000018045    0.0000460851    0.0000531594    0.0000031821    0.0000157971   -0.0000164027    0.0000014603    0.0000110998    0.0000223348    0.0000061710   -0.0000097908    0.0000515020   -0.0000391652   -0.0000195969    0.0000346451   -0.0000243971   -0.0000031072   -0.0000034622   -0.0000248778   -0.0000209839   -0.0000089404   -0.0000185863    0.0000021370   -0.0000067644    0.0000284491    0.0000096614   -0.0000006163   -0.0000248881   -0.0000177095    0.0000315287    0.0000014580    0.0000028114   -0.0000379790    0.0000394761   -0.0000188142    0.0000180189   -0.0000249829   -0.0000147850    0.0000156361    0.0000696642   -0.0000440411   -0.0000021299   -0.0000045086   -0.0000032996    0.0000207465   -0.0000081907   -0.0000072420   -0.0000169620    0.0000091873   -0.0000197197   -0.0000001883    0.0000369897   -0.0000097070   -0.0000402567    0.0000162910   -0.0000043170    0.0000003410   -0.0000342085    0.0000045998   -0.0000272923   -0.0000314390    0.0000190303   -0.0000328664    0.0000253071    0.0000271012    0.0000095504   -0.0000093645    0.0000357836    0.0000477984    0.0000035878    0.0000048405    0.0000044397   -0.0000181189    0.0000086001   -0.0000491434   -0.0000285432   -0.0000042294    0.0000078350   -0.0000157677    0.0000259355    0.0000043214    0.0000157772    0.0000195749   -0.0000204466    0.0000194926   -0.0000011799   -0.0000172751    0.0000199446   -0.0000142440   -0.0000115481   -0.0000064100    0.0000054148 
   0.0003498830   -0.0000938284   -0.0000279229    0.0000696554   -0.0001454759    0.0000787024    0.0000860375   -0.0000358526    0.0014192589   -0.0009874543    0.0000000000    0.0012745400    0.0000941150    0.0001457037   -0.0000592215   -0.0002746497   -0.0000743880   -0.0000195999    0.0006536823    0.0000984147   -0.0000350324    0.0000112879   -0.0001196925    0.0001212801   -0.0000100208   -0.0000125176    0.0000045222    0.0000763945    0.0000030159   -0.0001039932   -0.0000568666   -0.0001214859    0.0000043102    0.0001016633    0.0000796872   -0.0000276039    0.0000509787   -0.0000059921   -0.0000099436   -0.0000099613    0.0001197366    0.0000235063    0.0000015422    0.0001333412    0.0000744615    0.0000185922    0.0000379753   -0.0000168518    0.0000723410   -0.0000370955   -0.0000066896   -0.0000047875    0.0000182857    0.0001897294    0.0000446541   -0.0000119766    0.0000050818   -0.0000596816    0.0000524993   -0.0000298654   -0.0000883968   -0.0000166188    0.0000529381    0.0000178381    0.0000517842    0.0000289180    0.0000215961    0.0000137810   -0.0000245610   -0.0000287549   -0.0000511852    0.0000114320    0.0000219540    0.0000118950   -0.0000182313   -0.0000178815    0.0000327003    0.0000164358    0.0000434502    0.0000328480    0.0000229551    0.0000318815   -0.0000294259   -0.0000187782   -0.0000078849    0.0000402633    0.0000323916   -0.0000591091   -0.0000099561   -0.0000043893   -0.0000142609    0.0000263397    0.0000465790   -0.0000112901    0.0000127491    0.0000532226    0.0000259413    0.0000344341   -0.0000468297   -0.0000251292    0.0000174324   -0.0000042751    0.0000054171   -0.0000304483    0.0000108411   -0.0000116951   -0.0000035731    0.0000670499    0.0000268961   -0.0000251542    0.0000069610    0.0000255400   -0.0000103699    0.0000189994   -0.0000002752    0.0000386963    0.0000143550   -0.0000091704    0.0000332258   -0.0000268939    0.0000597654    0.0000012424   -0.0000034469    0.0000114665   -0.0000173325   -0.0000132129   -0.0000119149   -0.0000264720    0.0000327047   -0.0000351162    0.0000239370    0.0000120648   -0.0000260295   -0.0000019293    0.0000258421    0.0000307092    0.0000004014    0.0000157816   -0.0000266888   -0.0000015826    0.0000418736    0.0000299088   -0.0000107359   -0.0000403640   -0.0000124382   -0.0000149070   -0.0000129137   -0.0000043369    0.0000203091    0.0000141573   -0.0000004810   -0.0000115121 
   0.0002518358    0.0001183843   -0.0001375527   -0.0005478148   -0.0001911847    0.0000457287    0.0005776112    0.0002211427    0.0010998338   -0.0003691249   -0.0012745400    0.0000000000    0.0000090117   -0.0015319323    0.0002473376   -0.0001418524   -0.0000069646   -0.0006417167    0.0003962092    0.0000472501   -0.0000668250   -0.0000224788   -0.0000875001   -0.0000419170    0.0000065115    0.0000986278   -0.0001533696    0.0000663443    0.0002063548    0.0001451084    0.0000500320    0.0001143639   -0.0000671807    0.0000066191   -0.0000503135    0.0000049815   -0.0000573370    0.0000139530    0.0000061379   -0.0000633147   -0.0000015980    0.0000267888    0.0000659231   -0.0000466158   -0.0000448746    0.0000060764   -0.0000166739    0.0000392277    0.0000305144    0.0000444976    0.0000698347   -0.0000019060   -0.0000419251   -0.0000534284    0.0000218511   -0.0000309966   -0.0000003786   -0.0000336109   -0.0000063943   -0.0000182857    0.0000436303   -0.0000351544    0.0000282999   -0.0000502157    0.0000098363    0.0000061566    0.0000267770   -0.0000055893    0.0000126756    0.0000089227    0.0000721610   -0.0000005873   -0.0000026647   -0.0000288967    0.0000123654   -0.0000125506    0.0000049392    0.0000412548   -0.0000479432   -0.0000088265   -0.0000192566    0.0000111431   -0.0000098444    0.0000088389    0.0000016285   -0.0000387602    0.0000089308   -0.0000582190   -0.0000363914    0.0000046589   -0.0000230227    0.0000066860   -0.0000356094    0.0000037976   -0.0000276480    0.0000086942   -0.0000238827   -0.0000105456    0.0000005494    0.0000118605    0.0000028686   -0.0000209611   -0.0000266852    0.0000074910    0.0000124367    0.0000091719   -0.0000015612    0.0000355285    0.0000110424   -0.0000428806   -0.0000048785    0.0000095144    0.0000111747   -0.0000195330   -0.0000045560   -0.0000112688    0.0000185312   -0.0000063200    0.0000475206    0.0000401207    0.0000042857   -0.0000084119    0.0000153201    0.0000109329    0.0000318595   -0.0000041579    0.0000152767   -0.0000111799   -0.0000159352    0.0000501224   -0.0000089205   -0.0000056031   -0.0000112063   -0.0000000204   -0.0000010520    0.0000023213   -0.0000231785   -0.0000143117    0.0000166842   -0.0000160514    0.0000070648    0.0000158610    0.0000112122    0.0000186767   -0.0000583829    0.0000213065   -0.0000145983   -0.0000180241    0.0000411071    0.0000176735   -0.0000169216    0.0000119575 
   0.0000413922    0.0002432291   -0.0002109044   -0.0000236166    0.0000096702    0.0003987963   -0.0001184945   -0.0001216770   -0.0000215726    0.0002963906   -0.0000941150   -0.0000090117    0.0000000000   -0.0002384443    0.0009031514   -0.0002216425   -0.0000323107    0.0001382583   -0.0000570768   -0.0000257106   -0.0002592885    0.0001493566    0.0004479890    0.0001490920    0.0001916183   -0.0000093520   -0.0000326371   -0.0000880293    0.0000600528   -0.0000530234   -0.0000739470    0.0000576002    0.0000351331    0.0000531608    0.0001148416    0.0000436582    0.0000120920    0.0000614008    0.0000736971    0.0001118796   -0.0001053309    0.0000382840    0.0000175162   -0.0000588349    0.0000005003   -0.0001573092    0.0001010165   -0.0000621365    0.0000582028    0.0000513836    0.0000418457   -0.0000302859   -0.0001168775   -0.0000127579   -0.0000360320    0.0000308106    0.0000107749   -0.0000024678    0.0000678459   -0.0001294605    0.0000362084   -0.0000567299   -0.0000129174   -0.0000130107    0.0000155001    0.0000104045    0.0000359460    0.0001146138   -0.0000201350    0.0000201666   -0.0000063993    0.0000434061   -0.0000058497    0.0000090102   -0.0000564492   -0.0000247573   -0.0000207509   -0.0000138964    0.0000287799   -0.0000159786    0.0000361261    0.0000438838    0.0000588114   -0.0000514821    0.0000348428    0.0000069408   -0.0000142293    0.0000325739    0.0000124220    0.0000026024   -0.0000239789   -0.0000176441   -0.0000112100    0.0000036349    0.0000743439   -0.0000130041   -0.0000060272    0.0000200225    0.0000162741    0.0000346120    0.0000032222    0.0000288218    0.0000292929    0.0000041502    0.0000248014   -0.0000113306    0.0000084274    0.0000105279    0.0000035287   -0.0000126190   -0.0000249653    0.0000056665   -0.0000056024    0.0000250873   -0.0000219393    0.0000047067   -0.0000214660   -0.0000157471    0.0000046026   -0.0000017333   -0.0000032739   -0.0000040451    0.0000236842   -0.0000088426   -0.0000122978    0.0000295443    0.0000087302   -0.0000362201   -0.0000319146   -0.0000280912    0.0000084663    0.0000269733    0.0000391593   -0.0000173435   -0.0000068340    0.0000378746   -0.0000215314    0.0000031956    0.0000277200    0.0000016712    0.0000069613    0.0000098834   -0.0000295656    0.0000422397    0.0000073445    0.0000155545    0.0000066450   -0.0000242075   -0.0000000170   -0.0000033038    0.0000389153    0.0000224722 
  -0.0003256946   -0.0000524824   -0.0000851041   -0.0000681965   -0.0000846263    0.0001655851    0.0004815852   -0.0002157479    0.0003854196    0.0000137685   -0.0001457037    0.0015319323    0.0002384443    0.0000000000   -0.0034338568    0.0006525945    0.0001126734   -0.0005098234    0.0006107076   -0.0000608760    0.0001992034    0.0001287035   -0.0000078232    0.0000178330    0.0000330487   -0.0001835776   -0.0000798048    0.0000040399   -0.0000060607    0.0000773353    0.0000060837   -0.0000192736    0.0000171730   -0.0000360606    0.0000349640    0.0000538179   -0.0000463968    0.0000057479   -0.0000183401    0.0001056176    0.0000238165   -0.0000214557    0.0000270526    0.0000073227   -0.0001456670    0.0000024324    0.0000175559   -0.0000383024   -0.0000228478    0.0000124492   -0.0000702059    0.0000491508   -0.0000036412   -0.0000079040    0.0000007392   -0.0000580272   -0.0000429923    0.0000170113    0.0000075226    0.0000198505    0.0000221540   -0.0000265418   -0.0000114753   -0.0000556539   -0.0001187003    0.0000354704   -0.0000197653    0.0000277678   -0.0000093652   -0.0000265654    0.0000010300    0.0000266308    0.0000030092    0.0000212632   -0.0000266535    0.0000264331    0.0000301638   -0.0000490875   -0.0000042157   -0.0000424058    0.0000061417    0.0000456331   -0.0000174412   -0.0000203812    0.0000457169   -0.0000387985    0.0000082723    0.0000379628   -0.0000061302    0.0000015286   -0.0000017916   -0.0000218585   -0.0000146667   -0.0000092145    0.0000498946   -0.0000020203   -0.0000062596    0.0000306225    0.0000530844    0.0000008570    0.0000011312    0.0000340108    0.0000201408   -0.0000229602    0.0000049046   -0.0000098194   -0.0000125977    0.0000188090   -0.0000034790    0.0000269931    0.0000048138   -0.0000117635    0.0000162924    0.0000072779    0.0000001205   -0.0000160911    0.0000139486    0.0000354447    0.0000026895    0.0000275495    0.0000216939    0.0000132224   -0.0000436281    0.0000171700   -0.0000220033   -0.0000428130    0.0000139390    0.0000064221    0.0000138148    0.0000241164   -0.0000332295   -0.0000001759   -0.0000025148   -0.0000168834    0.0000339351   -0.0000361437    0.0000004887    0.0000080150   -0.0000081936    0.0000288629   -0.0000025804   -0.0000188590   -0.0000060187    0.0000140743    0.0000123022    0.0000227074    0.0000106639   -0.0000113012    0.0000370551    0.0000317661   -0.0000039689    0.0000087441 
   0.0000491485   -0.0002209663    0.0001360680   -0.0000481269    0.0002489693   -0.0001139964    0.0000728923    0.0004203608   -0.0000585042    0.0000761813    0.0000592215   -0.0002473376   -0.0009031514    0.0034338568    0.0000000000    0.0005898781   -0.0000295259   -0.0003708815    0.0000807971    0.0000070663   -0.0001591099    0.0000045946    0.0002272358   -0.0000164806   -0.0000224391    0.0000114261    0.0002529529    0.0001439177    0.0000324555   -0.0000693063   -0.0000276950    0.0000313486   -0.0000405940    0.0000900579    0.0000085016    0.0000057999    0.0000862433    0.0001230955   -0.0000131114   -0.0000744100    0.0000748951   -0.0000725762   -0.0000349876    0.0000313538    0.0000233270    0.0000157125   -0.0000351919    0.0000514557    0.0000007450    0.0000331236    0.0000340681   -0.0000272408    0.0000298515    0.0000085876   -0.0000219768   -0.0000144182    0.0000398274    0.0000353984   -0.0000310907   -0.0000415973   -0.0000086728    0.0000849571    0.0000320998    0.0000170804   -0.0000359320    0.0000257730   -0.0000130291   -0.0000327062   -0.0001002963   -0.0000018169   -0.0000413327    0.0000085427   -0.0000297670   -0.0000044731   -0.0000493271    0.0000101553   -0.0000416921    0.0000347575   -0.0000284036    0.0000110630    0.0000445527   -0.0000126359   -0.0000254077    0.0000313178   -0.0000044412   -0.0000533762   -0.0000001171   -0.0000561346    0.0000002175   -0.0000938945   -0.0000226501    0.0000147335    0.0000236577    0.0000498453    0.0000019229    0.0000010643   -0.0000283918    0.0000220738   -0.0000067251    0.0000045600    0.0000262162    0.0000006808    0.0000179778    0.0000450069   -0.0000257510    0.0000061339   -0.0000377305    0.0000055277   -0.0000388345    0.0000069578   -0.0000239451   -0.0000348406    0.0000072090    0.0000100142   -0.0000169547   -0.0000105030   -0.0000156001    0.0000527316   -0.0000258495    0.0000396275    0.0000520187   -0.0000134958    0.0000085266   -0.0000015423   -0.0000036546    0.0000291488    0.0000652330   -0.0000081561   -0.0000482394    0.0000317955   -0.0000128799    0.0000035927    0.0000293767   -0.0000040721    0.0000126366   -0.0000319778   -0.0000178771   -0.0000260523    0.0000017837    0.0000030511   -0.0000110182    0.0000177396   -0.0000168856   -0.0000066314   -0.0000057497   -0.0000005333    0.0000081606   -0.0000062253    0.0000095813    0.0000063870   -0.0000132445    0.0000043460 
   0.0003168894   -0.0000515505    0.0000222238   -0.0000057044    0.0000185812   -0.0000457198    0.0000594883    0.0008015763    0.0000513528   -0.0000937916    0.0002746497    0.0001418524    0.0002216425   -0.0006525945   -0.0005898781    0.0000000000    0.0021652702   -0.0018268824    0.0007338546   -0.0003750856   -0.0003736524    0.0000398010   -0.0001125191   -0.0000707660   -0.0000086743    0.0000514248    0.0000584946   -0.0000279920    0.0000071519    0.0000037050    0.0000701177   -0.0001052133    0.0000059625    0.0000082201   -0.0000012077   -0.0000425226   -0.0000356814    0.0000283771   -0.0000095137   -0.0000773426    0.0000082973    0.0000060697    0.0000614177    0.0000025376    0.0000255599   -0.0000079276    0.0000150018   -0.0000123882    0.0000346289    0.0000256033    0.0000011644    0.0000089918   -0.0001296810   -0.0000457367    0.0000022807   -0.0000322696   -0.0000127285    0.0000613831    0.0000359710    0.0000449341    0.0000291988    0.0000578611    0.0000243354   -0.0000553379    0.0000563492   -0.0000317955   -0.0000049344    0.0000162579    0.0000281022    0.0000284697    0.0001159221    0.0000010346    0.0000127741   -0.0000264683    0.0000209692   -0.0000024446    0.0000311693   -0.0000973857   -0.0000053576   -0.0000165923   -0.0000292819   -0.0000101965    0.0000081437    0.0000057046    0.0000354344    0.0000031665    0.0000335830    0.0000433833    0.0000158243   -0.0000332552   -0.0000362172    0.0000231749    0.0000039018   -0.0000031111    0.0000254408    0.0000138530   -0.0000323188   -0.0000121611   -0.0000030783    0.0000210236    0.0000605644    0.0000342621    0.0000006006    0.0000271107    0.0000057943    0.0000304196    0.0000264647   -0.0000503804    0.0000726556   -0.0000252086    0.0000096474    0.0000247690    0.0000291371   -0.0000047005    0.0000114798   -0.0000020538   -0.0000555775    0.0000023148   -0.0000018013    0.0000487347   -0.0000088118   -0.0000242964    0.0000096981    0.0000631008    0.0000074484   -0.0000130534   -0.0000003747   -0.0000002570   -0.0000144689    0.0000042401   -0.0000213264   -0.0000047945   -0.0000073008   -0.0000027025   -0.0000005290   -0.0000035792   -0.0000329377    0.0000044260    0.0000102347   -0.0000211654   -0.0000015238    0.0000041503   -0.0000090624   -0.0000089830    0.0000078379   -0.0000001814   -0.0000174148    0.0000085744    0.0000348464   -0.0000215028    0.0000017311   -0.0000228000 
