   0.0000000000    0.0000095761   -0.0005480500    0.0010170743   -0.0000054119   -0.0001078078    0.0000648398    0.0000209074    0.0000076086   -0.0000775043   -0.0001024424   -0.0004137827   -0.0000564286   -0.0000142903   -0.0000039691   -0.0003245700    0.0000139346   -0.0000248565   -0.0000657475   -0.0001175611    0.0000780703    0.0000047908   -0.0000092667   -0.0000477234    0.0000807456    0.0000591745   -0.0000249800    0.0000185150    0.0000023550   -0.0000911016   -0.0000121214    0.0000130806   -0.0000496307   -0.0000131335   -0.0000134554   -0.0000019015   -0.0000017922    0.0000143381    0.0000250204    0.0000138773    0.0000125198    0.0000574781   -0.0000376093    0.0000311671   -0.0000028071    0.0000264169    0.0000064477   -0.0000186826    0.0000125418    0.0000954894   -0.0000900579   -0.0000061967   -0.0000206965    0.0000060641   -0.0000010119    0.0000365310   -0.0000546514    0.0000349405    0.0000313802   -0.0000197417    0.0000463365   -0.0000002188    0.0000102464   -0.0000102251   -0.0000108014   -0.0000389954   -0.0000206546   -0.0000241142   -0.0000095776    0.0000427255    0.0000476462    0.0000406631    0.0000531476    0.0000269284   -0.0000369066   -0.0000021545    0.0000317022   -0.0000756669   -0.0000138611    0.0000616793   -0.0000023145    0.0000647677    0.0000277413    0.0000212514    0.0000220819    0.0000077423   -0.0000085332   -0.0000017275    0.0000069906    0.0000367479    0.0000045739    0.0000040535    0.0000143954   -0.0000135928   -0.0000206480    0.0000042966    0.0000358365    0.0000028019    0.0000076218    0.0000151650   -0.0000114878   -0.0000187407   -0.0000179697   -0.0000638549   -0.0000150724   -0.0000330509    0.0000403757    0.0000105765    0.0000099855   -0.0000004839   -0.0000306585   -0.0000006265    0.0000001755   -0.0000059849   -0.0000058736   -0.0000190641   -0.0000412820   -0.0000451899    0.0000161866   -0.0000077232   -0.0000226420   -0.0000016786    0.0000063990    0.0000297067    0.0000139905   -0.0000025102    0.0000007112    0.0000213822   -0.0000071395   -0.0000325570   -0.0000139706   -0.0000254599   -0.0000298037    0.0000492382    0.0000088140    0.0000015323    0.0000288475    0.0000018594   -0.0000171362   -0.0000157125   -0.0000045094    0.0000174633   -0.0000143036    0.0000063767   -0.0000032797    0.0000017526    0.0000131364   -0.0000125176   -0.0000058361   -0.0000118031   -0.0000360077   -0.0000143969 
  -0.0000095761    0.0000000000    0.0001805200    0.0025719382    0.0001824457    0.0000515659    0.0001571254   -0.0000076071   -0.0000139875   -0.0000071083   -0.0001099687    0.0002326012   -0.0000975842   -0.0000965772    0.0000645377   -0.0001548764   -0.0000236416   -0.0000069342   -0.0000459198   -0.0000486443   -0.0000104265    0.0000671785    0.0000435869   -0.0000193066    0.0000025432   -0.0002094785   -0.0000386632    0.0000209398   -0.0000009558    0.0002126683   -0.0000504972   -0.0000236408   -0.0001048532   -0.0000082429   -0.0000024226    0.0000079474   -0.0001101671    0.0000306453   -0.0000183945   -0.0000450716    0.0000221569   -0.0000341710   -0.0000122361    0.0000253497   -0.0000319263   -0.0000473184    0.0000281757   -0.0000054616   -0.0000147130    0.0000311745   -0.0000773132   -0.0000469539   -0.0000166732    0.0000312215   -0.0000025203   -0.0000187267    0.0000044516    0.0000319624    0.0001610355   -0.0000362113   -0.0000305982   -0.0000177801   -0.0000254526   -0.0000093299    0.0000192655   -0.0000325981    0.0000016692   -0.0000584028    0.0000321990    0.0000034424    0.0000573503   -0.0000055469   -0.0000014224   -0.0000247588    0.0000051659   -0.0000141948   -0.0000173001    0.0000333375   -0.0000119516   -0.0000458242    0.0000255114   -0.0000186326   -0.0000121427   -0.0000033343   -0.0000000724   -0.0000151811    0.0000351235   -0.0000147710   -0.0000150077   -0.0000030782   -0.0000197476   -0.0000061570    0.0000118693    0.0000070081    0.0000106632    0.0000172075    0.0000150202    0.0000013433   -0.0000859493   -0.0000067142    0.0000079092   -0.0000153656   -0.0000696253   -0.0000552622   -0.0000002648    0.0000110005   -0.0000073969    0.0000204841    0.0000183070    0.0000248256   -0.0000067588    0.0000251623    0.0000289357   -0.0000386963    0.0000222164   -0.0000211816   -0.0000110542   -0.0000339137   -0.0000421992    0.0000436523   -0.0000061912   -0.0000107176   -0.0000028386    0.0000210574   -0.0000295678   -0.0000009498    0.0000021678    0.0000066758   -0.0000034788    0.0000033728   -0.0000316015    0.0000024572    0.0000083112   -0.0000069391   -0.0000079996    0.0000112078   -0.0000076093   -0.0000263412    0.0000080106   -0.0000038695    0.0000130901   -0.0000205627   -0.0000078166    0.0000471457    0.0000057783   -0.0000387713   -0.0000023350   -0.0000069963    0.0000190369   -0.0000061098   -0.0000079827   -0.0000052477 
   0.0005480500   -0.0001805200    0.0000000000   -0.0123661475   -0.0002271255   -0.0000992673    0.0003009990    0.0001693703   -0.0001265647    0.0000024282   -0.0002123670    0.0000032910   -0.0000556502    0.0000263037    0.0001297692   -0.0001348553    0.0000176772    0.0001780284    0.0000713591   -0.0000959231   -0.0001858119   -0.0000113159   -0.0000346950    0.0000117157    0.0001589629   -0.0001113431   -0.0000673292   -0.0000455964    0.0000036214    0.0000405419   -0.0000155780   -0.0000050188   -0.0001255945   -0.0000996642    0.0000063428    0.0000042786    0.0000610480    0.0000059893    0.0001701347    0.0000481887   -0.0000633838    0.0000474257    0.0000311333    0.0000874560   -0.0000096577    0.0000069716   -0.0000183254    0.0000534269   -0.0000159360   -0.0001132688   -0.0000125425    0.0000032821   -0.0000476573   -0.0000162248    0.0000008395   -0.0000347840    0.0000033679    0.0000143565   -0.0000575031   -0.0000391924    0.0000276921   -0.0000095761   -0.0000725343    0.0000390381   -0.0000072982   -0.0000323975    0.0000321887    0.0000314560    0.0000540296   -0.0000270754    0.0001136951   -0.0000398568   -0.0000056597    0.0000244662   -0.0000020142    0.0000017829    0.0000279898    0.0001035890   -0.0000250042   -0.0000129637   -0.0000171612    0.0000327517    0.0000442749   -0.0000167445    0.0000166298   -0.0000630052    0.0000077791    0.0000306489   -0.0000125514   -0.0000204664   -0.0000200152    0.0000200071   -0.0000222943    0.0000278163    0.0000329899    0.0000154920   -0.0000529881   -0.0000701596    0.0000208523    0.0000074160    0.0000213536    0.0000063721   -0.0000131467   -0.0000301683   -0.0000034749   -0.0000101700    0.0000252402   -0.0000111108   -0.0000106117    0.0000057426    0.0000040012    0.0000189355   -0.0000111608    0.0000180277    0.0000042384   -0.0000134944    0.0000171671   -0.0000037481    0.0000149151   -0.0000022711    0.0000085207    0.0000150408   -0.0000602873    0.0000097084    0.0000183835   -0.0000117164   -0.0000095879   -0.0000047078   -0.0000054860   -0.0000237239   -0.0000136590   -0.0000033173    0.0000295501   -0.0000154810    0.0000152135   -0.0000290577    0.0000074998   -0.0000024679    0.0000218489    0.0000119090   -0.0000004759   -0.0000145145    0.0000342518   -0.0000064862   -0.0000082069    0.0000314405    0.0000109616   -0.0000209817    0.0000167548    0.0000045477   -0.0000114320   -0.0000172465 
  -0.0010170743   -0.0025719382    0.0123661475    0.0000000000    0.0011132840    0.0003023073   -0.0008350916    0.0007337958    0.0005772804    0.0002802871    0.0003939748    0.0000487693   -0.0001240143    0.0002846823    0.0000163351    0.0000121912    0.0000055760   -0.0000581367   -0.0001805127   -0.0000687220   -0.0000021851   -0.0000804149   -0.0000330854    0.0000588585    0.0000326731   -0.0000783422   -0.0001210008    0.0000290731    0.0001128425   -0.0000506810    0.0000098812   -0.0001137465   -0.0000416671   -0.0001485187    0.0000304402   -0.0000171891   -0.0000887129    0.0000886100   -0.0000570519   -0.0000652808    0.0000197910   -0.0000313935    0.0000343812   -0.0000051055    0.0000999876    0.0001024130    0.0000633691   -0.0000476624    0.0000259899   -0.0000789008   -0.0000534475    0.0000229683    0.0000494205   -0.0000017445    0.0000166225   -0.0000497262    0.0000056464   -0.0000019177   -0.0000147916    0.0000009990   -0.0000360651   -0.0000846263    0.0000201195    0.0000490368    0.0000128292   -0.0000126160   -0.0000015258    0.0000360709   -0.0000014434    0.0000890363   -0.0000544926    0.0000032506    0.0000157985   -0.0000102964   -0.0000064499    0.0000870812   -0.0000831711    0.0000359114   -0.0000095328    0.0000163520   -0.0000178888    0.0000322578    0.0000110064    0.0000134958    0.0000050921   -0.0000016992   -0.0000012837    0.0000120736   -0.0000166643    0.0000562492   -0.0000036283   -0.0000156398   -0.0000815320    0.0000052890    0.0000295097    0.0000066467   -0.0000254438   -0.0000007147   -0.0000099576   -0.0000138097   -0.0000058173   -0.0000104074    0.0000342195    0.0000195918    0.0000250094    0.0000158419    0.0000135649   -0.0000126138    0.0000265330    0.0000109322    0.0000076541    0.0000000885   -0.0000059575    0.0000121765    0.0000180219   -0.0000064069    0.0000242068    0.0000091800   -0.0000027735   -0.0000427057    0.0000166445   -0.0000140625   -0.0000378592    0.0000011796   -0.0000515814   -0.0000164049   -0.0000308584   -0.0000050252   -0.0000060317    0.0000274738    0.0000427799    0.0000113519    0.0000357865   -0.0000015073   -0.0000004953   -0.0000095048    0.0000017322    0.0000445556    0.0000170304    0.0000064537    0.0000084884   -0.0000136502    0.0000276730    0.0000046461   -0.0000204877   -0.0000004383    0.0000147475   -0.0000121949    0.0000044729   -0.0000087000   -0.0000038435   -0.0000126550 
   0.0000054119   -0.0001824457    0.0002271255   -0.0011132840    0.0000000000   -0.0001856576    0.0000885071   -0.0010982168    0.0001856502    0.0007596085   -0.0000148996    0.0002615964    0.0000720441    0.0000334985   -0.0000996789    0.0000385405    0.0001474750    0.0000301190   -0.0001050075    0.0001003404   -0.0000069624   -0.0001608150   -0.0001232058   -0.0000016417    0.0000234666    0.0000458536   -0.0000401523    0.0000982530   -0.0000491022   -0.0000608525   -0.0000488759   -0.0001236321    0.0000773573    0.0000268623   -0.0000886320    0.0000153767    0.0000981868   -0.0000215696   -0.0000360922    0.0001295267   -0.0000471560    0.0000916014    0.0000170767   -0.0000164578    0.0000189149    0.0000041274   -0.0000013654    0.0000030134   -0.0000446225    0.0000366854   -0.0000530873    0.0000231675    0.0000304343   -0.0000998773   -0.0000035825   -0.0000186635    0.0000269762    0.0000130534   -0.0000008117    0.0000264713    0.0000150797    0.0000245125    0.0000076982   -0.0000119759   -0.0000011861   -0.0000007077   -0.0000525427   -0.0000115224    0.0000693357    0.0000164475   -0.0000104030   -0.0000048089    0.0000030561    0.0000066323   -0.0000070662   -0.0000018463   -0.0000127711    0.0000045039    0.0000094218    0.0000193595   -0.0000077041   -0.0000240032   -0.0000242920   -0.0000009737   -0.0000080466   -0.0000162028    0.0000073668   -0.0000067471    0.0000111365   -0.0000389932    0.0000330163    0.0000146520    0.0000600859   -0.0000008023    0.0000564867   -0.0000067777   -0.0000031768    0.0000079489    0.0000117848    0.0000006000   -0.0000019296   -0.0000676945   -0.0000198887   -0.0000265903   -0.0000032803    0.0000208251   -0.0000167584    0.0000306232    0.0000590407   -0.0000149210    0.0000208699    0.0000380708   -0.0000011342   -0.0000118171    0.0000281507    0.0000069572    0.0000000754   -0.0000021614   -0.0000073690    0.0000092866   -0.0000100171    0.0000494029   -0.0000013977   -0.0000292231    0.0000009036   -0.0000081716   -0.0000368919   -0.0000172494   -0.0000145439    0.0000240061   -0.0000022616   -0.0000026326   -0.0000002901    0.0000252056    0.0000149048   -0.0000052227   -0.0000105390    0.0000070569   -0.0000015743   -0.0000678709    0.0000190876    0.0000018125   -0.0000065178    0.0000237746   -0.0000270784   -0.0000079371    0.0000083436    0.0000171098    0.0000087809   -0.0000055755   -0.0000172259   -0.0000047205 
   0.0001078078   -0.0000515659    0.0000992673   -0.0003023073    0.0001856576    0.0000000000   -0.0000231028   -0.0030511494    0.0002490869    0.0010810916    0.0001704654   -0.0001914787   -0.0005388921    0.0001203320   -0.0000447063    0.0000167077   -0.0005679387    0.0000199946   -0.0000086074    0.0002032164   -0.0000054535   -0.0000296964    0.0001229044   -0.0000463078    0.0000424168    0.0000844132   -0.0000622342   -0.0000000971    0.0000355925    0.0000585483   -0.0000008973   -0.0000761887   -0.0001244773    0.0000074947    0.0001063893    0.0001804759    0.0000350236    0.0000702640    0.0000206193   -0.0000855745    0.0000776734    0.0000209302    0.0000070441   -0.0000819216    0.0000137450   -0.0000159815    0.0000224156    0.0000074608   -0.0000072828   -0.0000059838   -0.0000030825   -0.0000182975   -0.0000960995    0.0000287181   -0.0000043630   -0.0000146725   -0.0001668566    0.0000040523   -0.0000189509    0.0000075410   -0.0000226082   -0.0000091579    0.0000154230   -0.0000211434   -0.0000122434   -0.0000249829    0.0000085964    0.0000003172    0.0000211889   -0.0000013218    0.0000435310   -0.0000142786    0.0000011727   -0.0000320601    0.0000078835    0.0000117649   -0.0000102398    0.0000061722    0.0000039944    0.0000006035   -0.0000174934   -0.0000202070    0.0000124713    0.0000039746   -0.0000518364   -0.0000364494    0.0000502290    0.0000213411   -0.0000115915   -0.0000018781   -0.0000377232    0.0000207222    0.0000264705    0.0000022963    0.0000469112    0.0000065093   -0.0000071280   -0.0000204260   -0.0000061061   -0.0000005660   -0.0000286035   -0.0000054429   -0.0000211882    0.0000077181    0.0000536621    0.0000136935   -0.0000527463   -0.0000398502   -0.0000443836   -0.0000007338   -0.0000107257    0.0000342864    0.0000286255    0.0000148710   -0.0000224472    0.0000014520   -0.0000112218   -0.0000294399   -0.0000194286   -0.0000080033    0.0000177374   -0.0000287402    0.0000298632    0.0000190626   -0.0000023245    0.0000227544   -0.0000124837   -0.0000341100    0.0000012305    0.0000066926    0.0000097114    0.0000183497    0.0000094505   -0.0000148908   -0.0000115584   -0.0000007661   -0.0000159382    0.0000065012   -0.0000018108    0.0000197807    0.0000145152   -0.0000043115   -0.0000096489    0.0000073962   -0.0000139941   -0.0000051847   -0.0000600653   -0.0000196535   -0.0000010621   -0.0000102604   -0.0000218357    0.0000137171 
  -0.0000648398   -0.0001571254   -0.0003009990    0.0008350916   -0.0000885071    0.0000231028    0.0000000000    0.0079753382   -0.0008114251   -0.0010239832    0.0001506649   -0.0001184945    0.0001703625    0.0000912486   -0.0001504370   -0.0001950581   -0.0002128741   -0.0000394952    0.0000725880    0.0000398113   -0.0000031920    0.0000206693   -0.0001246390   -0.0000894405    0.0000633059   -0.0000598698    0.0000727012   -0.0000038762   -0.0002017023   -0.0000147600    0.0000427086   -0.0000378636   -0.0000336278    0.0000294494   -0.0000099208    0.0000191986   -0.0001278656    0.0000815174   -0.0000013699   -0.0000578486   -0.0001106449   -0.0000169326   -0.0000976577   -0.0000766003   -0.0000173861   -0.0000174096    0.0000021028    0.0000419832   -0.0000608282    0.0001110271    0.0000723432    0.0000546896    0.0000004508    0.0000185305   -0.0000271504    0.0000655983    0.0000051181    0.0000145189   -0.0000121405   -0.0000383611    0.0000082135    0.0000339975    0.0000073572    0.0000296780   -0.0000375968    0.0000107161    0.0000452355   -0.0000036541   -0.0000643356   -0.0000124198    0.0000134128   -0.0000393328    0.0000003933    0.0000224744   -0.0000116356   -0.0000086390    0.0000633455   -0.0000613008   -0.0000113085    0.0000179418   -0.0000254643   -0.0000046089   -0.0000225898   -0.0000194213   -0.0000101149    0.0000368368   -0.0000001376   -0.0000431680    0.0000038508    0.0000198020   -0.0000240532    0.0000259090   -0.0000522539   -0.0000072255    0.0000011259    0.0000080555    0.0000006236   -0.0000021332   -0.0000076791   -0.0000206061    0.0000090014    0.0000055038    0.0000050674   -0.0000056861    0.0000023287   -0.0000093542   -0.0000090918    0.0000128843    0.0000047266    0.0000214374   -0.0000078614   -0.0000614155    0.0000010039    0.0000068166    0.0000405955    0.0000446886   -0.0000112842   -0.0000162079    0.0000027668    0.0000095489    0.0000207421   -0.0000000202   -0.0000413062   -0.0000006208   -0.0000027953   -0.0000080665   -0.0000409571   -0.0000131151    0.0000102825   -0.0000123647    0.0000084788    0.0000214197    0.0000021106   -0.0000014967   -0.0000086052   -0.0000035571   -0.0000209905   -0.0000063310    0.0000076387    0.0000045332    0.0000230933   -0.0000018383   -0.0000227177   -0.0000142139   -0.0000068851   -0.0000028136    0.0000077313   -0.0000148173   -0.0000344885   -0.0000117943   -0.0000025617    0.0000001397 
  -0.0000209074    0.0000076071   -0.0001693703   -0.0007337958    0.0010982168    0.0030511494   -0.0079753382    0.0000000000   -0.0001962267    0.0005786990   -0.0000051442    0.0003056735    0.0003698158    0.0000031159    0.0000664281   -0.0003901088    0.0005882244    0.0000077600   -0.0001092925   -0.0000477190    0.0000048681    0.0000158316   -0.0003477515   -0.0003083856   -0.0000827227    0.0000628406    0.0001196705    0.0001424771    0.0000082862   -0.0000887570   -0.0000627892    0.0000025538    0.0000364766    0.0000097996   -0.0001009724    0.0000289960    0.0000062938   -0.0000102060   -0.0000689388    0.0000741234    0.0000302814   -0.0000466709    0.0000654131    0.0000570511    0.0000445064    0.0000254077    0.0000235203    0.0000148916   -0.0000276428   -0.0000475441    0.0000567454    0.0001199865   -0.0000249793    0.0000447923   -0.0000183923   -0.0000508581   -0.0000006522   -0.0000046653    0.0000628318    0.0000554613    0.0000261038   -0.0000207545    0.0000311781   -0.0000313516   -0.0000505502   -0.0000280228   -0.0000053373    0.0000080996    0.0000321976   -0.0000079797    0.0000218107   -0.0000467179    0.0000328039   -0.0000845749   -0.0000167944    0.0000074601    0.0000092006    0.0000425631    0.0000058182    0.0000092476   -0.0000438684   -0.0000016082    0.0000245978   -0.0000071257   -0.0000093035   -0.0000095835   -0.0000269791    0.0000335095    0.0000206274   -0.0000259017    0.0000216167    0.0000097672   -0.0000008632    0.0000138302    0.0000254673   -0.0000016007    0.0000009742   -0.0000083399    0.0000309047    0.0000536371    0.0000063612   -0.0000071694   -0.0000503414    0.0000106014    0.0000212389   -0.0000063934    0.0000685860    0.0000126249   -0.0000160087    0.0000086846   -0.0000178543    0.0000086317   -0.0000081569    0.0000249035    0.0000024959    0.0000303432   -0.0000228052   -0.0000028930   -0.0000110873    0.0000171950    0.0000023259   -0.0000324827   -0.0000021620    0.0000065866   -0.0000181042   -0.0000018363   -0.0000189796    0.0000172788    0.0000140684    0.0000266322   -0.0000138883    0.0000010823    0.0000009545    0.0000092623    0.0000297493    0.0000222943   -0.0000295406   -0.0000658621    0.0000120663   -0.0000085597    0.0000152172    0.0000182872   -0.0000208435    0.0000314721    0.0000343974    0.0000123551   -0.0000072312   -0.0000152517    0.0000117774    0.0000011097    0.0000003892    0.0000082767 
  -0.0000076086    0.0000139875    0.0001265647   -0.0005772804   -0.0001856502   -0.0002490869    0.0008114251    0.0001962267    0.0000000000    0.0001070361   -0.0001122251    0.0003158531   -0.0002188863    0.0001092484    0.0002439053   -0.0001507898   -0.0003739244   -0.0000095930    0.0000364546    0.0000555900    0.0000389999   -0.0000232366    0.0002407742   -0.0000513675   -0.0001471884    0.0000481431   -0.0000346767    0.0000231410    0.0000621887   -0.0000442631   -0.0000058441    0.0001014208   -0.0002244355   -0.0000063840    0.0000064720   -0.0001114019   -0.0000499519    0.0000418251    0.0000355888    0.0000561655    0.0000903151    0.0000369625   -0.0000401383    0.0000243545    0.0000002234    0.0000497924   -0.0000461954   -0.0000231543   -0.0000617102   -0.0000405668   -0.0000232969    0.0000580191   -0.0000267116   -0.0000661025    0.0000079790    0.0000959304    0.0000245941   -0.0000155398    0.0000168790    0.0000135083    0.0000087831   -0.0000261383    0.0000131180    0.0000162792   -0.0000097165    0.0000177477   -0.0000363429    0.0000478822    0.0000124286    0.0000276642    0.0000539509   -0.0000073506    0.0000013683    0.0000510235   -0.0000134708    0.0000119288   -0.0000695922    0.0000272746   -0.0000185408    0.0000091785   -0.0000076644   -0.0000145461    0.0000199115    0.0000031076    0.0000557487   -0.0000216674    0.0000249080    0.0000077585   -0.0000160161   -0.0000131445   -0.0000643062   -0.0000063040    0.0000092667   -0.0000017670   -0.0000317985   -0.0000027205    0.0000041459    0.0000058196    0.0000010143   -0.0000744835    0.0000321902    0.0000303410    0.0000054018   -0.0000056783    0.0000223759    0.0000031438   -0.0000263618    0.0000069856   -0.0000009930    0.0000158132    0.0000246492    0.0000246176    0.0000007528    0.0000007487   -0.0000146387   -0.0000315023   -0.0000212779    0.0000217189    0.0000067995   -0.0000093512    0.0000016346    0.0000403147    0.0000070811    0.0000001297    0.0000488597   -0.0000027147   -0.0000216725    0.0000159205   -0.0000118524    0.0000213425    0.0000100693    0.0000124602    0.0000308922   -0.0000200879   -0.0000202401   -0.0000135392    0.0000122500   -0.0000139184    0.0000072498   -0.0000334382   -0.0000433252    0.0000064885    0.0000078585    0.0000193081   -0.0000458984    0.0000126462    0.0000001710   -0.0000099804    0.0000333919    0.0000081547    0.0000013477   -0.0000226596 
   0.0000775043    0.0000071083   -0.0000024282   -0.0002802871   -0.0007596085   -0.0010810916    0.0010239832   -0.0005786990   -0.0001070361    0.0000000000    0.0043158406    0.0014713694   -0.0006849633    0.0002524385   -0.0002910767    0.0001198763    0.0002405317   -0.0000257186   -0.0003822371    0.0002436774   -0.0000200438   -0.0000351162    0.0000295795   -0.0000073962   -0.0000689307   -0.0000578221   -0.0000027235   -0.0000492404   -0.0000029455   -0.0000462204    0.0001109168    0.0000505605   -0.0000026555    0.0000223024    0.0000101149    0.0000013247   -0.0000312546    0.0000823993    0.0000720147    0.0000933359    0.0000123316   -0.0000579743    0.0000144616   -0.0000651242   -0.0001132835    0.0000492000   -0.0000116121    0.0000172413   -0.0000121809    0.0000498483   -0.0000164100   -0.0000229323    0.0000192302    0.0000430996   -0.0000164512   -0.0000690608   -0.0000013311   -0.0000474287   -0.0000042010    0.0000444255    0.0000108903   -0.0000077563   -0.0000670697    0.0000058515   -0.0000316368   -0.0000053572    0.0000040759    0.0000817672    0.0000095129    0.0000215278    0.0000341482    0.0000308444   -0.0000067407   -0.0000552600   -0.0000184166   -0.0000186422    0.0000216527    0.0000068351   -0.0000150180    0.0001113064   -0.0000448327    0.0000045328    0.0000017480   -0.0000220819   -0.0000186459   -0.0000065093   -0.0000493499   -0.0000331611   -0.0000118370   -0.0000213271   -0.0000296890    0.0000148725   -0.0000267388    0.0000011999    0.0000021512    0.0000053338   -0.0000018947   -0.0000355682    0.0000272430   -0.0000129688   -0.0000103751   -0.0000191413   -0.0000421404   -0.0000078879   -0.0000087618    0.0000192493    0.0000011489   -0.0000088088    0.0000118230    0.0000596743    0.0000548660   -0.0000175890    0.0000161800   -0.0000215145   -0.0000082392    0.0000293370   -0.0000045748    0.0000233358   -0.0000296626   -0.0000105934   -0.0000702059    0.0000084105   -0.0000103464   -0.0000138699    0.0000116113   -0.0000032240   -0.0000363039    0.0000019634   -0.0000060568   -0.0000157302   -0.0000030023   -0.0000125911   -0.0000090543    0.0000030263   -0.0000157199   -0.0000014786    0.0000104126   -0.0000520878    0.0000059874   -0.0000338924    0.0000007729    0.0000220878   -0.0000261530   -0.0000105956    0.0000055113   -0.0000061933    0.0000083377   -0.0000151488    0.0000072148   -0.0000113048   -0.0000012504    0.0000364039 
   0.0001024424    0.0001099687    0.0002123670   -0.0003939748    0.0000148996   -0.0001704654   -0.0001506649    0.0000051442    0.0001122251   -0.0043158406    0.0000000000    0.0132562161   -0.0010436808   -0.0002422074    0.0002838518    0.0001671653   -0.0000571107   -0.0001139744   -0.0001120193    0.0000243009    0.0000117010    0.0000962685    0.0000587203    0.0000250851    0.0000739249    0.0001163263    0.0000168584   -0.0000211331    0.0000809073   -0.0000546168   -0.0000308114   -0.0000293399    0.0000311730    0.0000201636    0.0000306342   -0.0000454060   -0.0000203657    0.0000496807    0.0001773081    0.0000349361   -0.0000331993   -0.0000009435    0.0000207487   -0.0000363458   -0.0000126021    0.0000525942   -0.0000120861   -0.0000528735   -0.0000338594   -0.0000479615    0.0000110638   -0.0000020153    0.0000424999   -0.0000206355   -0.0000088360   -0.0000094306    0.0000653043   -0.0000430415    0.0001809316   -0.0000451679   -0.0000388543   -0.0000282933   -0.0000260171    0.0000153318    0.0000024935    0.0000320902   -0.0000545985   -0.0000100737    0.0000409336   -0.0000497130    0.0000020689   -0.0000066898   -0.0000030528    0.0000109976    0.0000172259   -0.0000044224   -0.0000096048   -0.0000490523   -0.0000581933   -0.0000204069   -0.0000095306   -0.0000145461   -0.0000460065   -0.0000406007   -0.0000074065   -0.0000092777    0.0000377555   -0.0000170679   -0.0000025364    0.0000005658    0.0000473875   -0.0000049155    0.0000313553    0.0000255459   -0.0000029256   -0.0000250991    0.0000313428    0.0000250733   -0.0000219114    0.0000094879    0.0000005830   -0.0000175552   -0.0000269490   -0.0000060118   -0.0000029822   -0.0000022977    0.0000320741    0.0000274304    0.0000087140   -0.0000093336    0.0000021292   -0.0000128579    0.0000302234    0.0000082289   -0.0000166269   -0.0000050226    0.0000049126    0.0000592120    0.0000000020    0.0000120891    0.0000069898   -0.0000099076   -0.0000043460   -0.0000217732    0.0000252909    0.0000293590    0.0000039275    0.0000251990    0.0000108616   -0.0000013209    0.0000157294   -0.0000035002    0.0000266212   -0.0000749245    0.0000290915   -0.0000330634   -0.0000100825   -0.0000195477    0.0000072659    0.0000211808   -0.0000098121   -0.0000104662   -0.0000041989   -0.0000098260    0.0000131188   -0.0000066881   -0.0000221334    0.0000051922   -0.0000018621   -0.0000043780    0.0000146277   -0.0000085714 
   0.0004137827   -0.0002326012   -0.0000032910   -0.0000487693   -0.0002615964    0.0001914787    0.0001184945   -0.0003056735   -0.0003158531   -0.0014713694   -0.0132562161    0.0000000000    0.0023887060   -0.0000126594    0.0002125434   -0.0009819419   -0.0001640343    0.0003011313    0.0002178867   -0.0002664693    0.0000889775   -0.0000592061    0.0000259840   -0.0000082289    0.0000812675   -0.0000032120   -0.0001952492    0.0001164586    0.0001314670   -0.0000780115   -0.0000822303    0.0000148717    0.0001511132    0.0000008396    0.0000136156   -0.0000000218    0.0000400163   -0.0000199078   -0.0000925348    0.0000231116    0.0000221672   -0.0000056782   -0.0000344870   -0.0000459572   -0.0000266513    0.0000216983   -0.0000028360    0.0000163461    0.0000361481    0.0000495146   -0.0001906261    0.0000368882   -0.0000595104    0.0000790037    0.0000068518    0.0000570276    0.0000343018    0.0000048983   -0.0000327855   -0.0000055118   -0.0000000275   -0.0000386926   -0.0000232072   -0.0000114026   -0.0000411291   -0.0000038906   -0.0000112100    0.0000279868   -0.0000053210   -0.0000415782    0.0000096166    0.0000723579   -0.0000204944   -0.0000300881   -0.0000184180    0.0000043660   -0.0000207274   -0.0000005635    0.0001203687   -0.0000272165   -0.0000161550    0.0000358196    0.0000044031    0.0000941003    0.0000106720    0.0000162542   -0.0000141242    0.0000410299   -0.0000148622    0.0000143506   -0.0000100877   -0.0000362047   -0.0000214859   -0.0000187870   -0.0000186547    0.0000141022    0.0000122728    0.0000229683   -0.0000245030    0.0000041982   -0.0000953939    0.0000016556    0.0000205024   -0.0000110116   -0.0000052202    0.0000019593   -0.0000080907    0.0000073207    0.0000036976   -0.0000060597   -0.0000021508    0.0000054995   -0.0000006870    0.0000495822   -0.0000262772    0.0000124389   -0.0000095166   -0.0000022982    0.0000073082    0.0000161594    0.0000340041    0.0000041313    0.0000005461    0.0000051831   -0.0000149099   -0.0000135458    0.0000001484    0.0000182527   -0.0000716149   -0.0000041805   -0.0000041379    0.0000077570    0.0000068245   -0.0000461233    0.0000198395    0.0000050037   -0.0000257311    0.0000119354    0.0000251424    0.0000106059   -0.0000118164    0.0000132040    0.0000026204    0.0000469223    0.0000274591    0.0000174655   -0.0000108212    0.0000154281   -0.0000024683    0.0000171391   -0.0000218850    0.0000031045 
   0.0000564286    0.0000975842    0.0000556502    0.0001240143   -0.0000720441    0.0005388921   -0.0001703625   -0.0003698158    0.0002188863    0.0006849633    0.0010436808   -0.0023887060    0.0000000000   -0.0000151128   -0.0001746181   -0.0005092868   -0.0015686081   -0.0003456641    0.0001396695   -0.0000758286    0.0002322704    0.0000429364   -0.0005729440   -0.0002562971   -0.0000161418   -0.0001273658   -0.0000418237    0.0000012437    0.0000446144   -0.0003949082    0.0000725806    0.0000076887    0.0000589364    0.0000170296    0.0000377423    0.0002115806   -0.0000163285    0.0000235365   -0.0000052744    0.0000084494    0.0000003315    0.0000364362   -0.0000214307   -0.0000116245   -0.0000365972    0.0000684272   -0.0000085214   -0.0000445123    0.0000877133   -0.0000254085    0.0001264912    0.0001342453   -0.0001525758   -0.0000312355    0.0000263471   -0.0000336212   -0.0000251174   -0.0000635624   -0.0000095188   -0.0000371822    0.0000324982   -0.0000015932    0.0000299507   -0.0000112534    0.0000148269   -0.0000499401   -0.0000114820   -0.0000308349    0.0000165394    0.0000002707   -0.0000080591   -0.0000902563   -0.0000226082   -0.0000332508    0.0000217681    0.0000002439    0.0000171053    0.0000061566   -0.0000816202    0.0000743145    0.0000166092   -0.0000314854   -0.0000009279    0.0000129718   -0.0000345260   -0.0000049678    0.0000194713    0.0000588019    0.0000421529    0.0000095703   -0.0000033499   -0.0000042187    0.0000167004   -0.0000033398   -0.0000808485   -0.0000162976    0.0000184430    0.0000008416   -0.0000220768    0.0000044362    0.0000168268   -0.0000161682    0.0000191942    0.0000216512    0.0000158728   -0.0000068108    0.0000072438    0.0000156912   -0.0000223686   -0.0000498159    0.0000247962    0.0000173611    0.0000004774    0.0000264507    0.0000300021    0.0000150334   -0.0000187863   -0.0000020059    0.0000392953   -0.0000212602   -0.0000136847   -0.0000106139   -0.0000071404   -0.0000068101   -0.0000074902   -0.0000155156   -0.0000194632   -0.0000059047    0.0000114636   -0.0000202070   -0.0000047551   -0.0000098209    0.0000395959   -0.0000039264    0.0000192148    0.0000373652    0.0000135848    0.0000070955   -0.0000217865    0.0000004361    0.0000193103   -0.0000059438   -0.0000238092   -0.0000093711   -0.0000625209    0.0000272018    0.0000053456    0.0000008121    0.0000346980   -0.0000027861    0.0000143969    0.0000224458 
   0.0000142903    0.0000965772   -0.0000263037   -0.0002846823   -0.0000334985   -0.0001203320   -0.0000912486   -0.0000031159   -0.0001092484   -0.0002524385    0.0002422074    0.0000126594    0.0000151128    0.0000000000   -0.0008727964    0.0009039599    0.0004224114    0.0000317264    0.0004371920    0.0003337794    0.0000572260   -0.0000077710    0.0000818113   -0.0000943061    0.0000023371    0.0001133129   -0.0000159838   -0.0001413599    0.0000452325    0.0002228112    0.0000943135    0.0001907216    0.0000489846    0.0000379018    0.0000052542   -0.0000953645    0.0000215616   -0.0000005782   -0.0000573047   -0.0000433863   -0.0000255533   -0.0000684853    0.0000322380    0.0000443755    0.0000099811   -0.0000216821    0.0000284410    0.0000539539   -0.0000261560   -0.0000114886   -0.0000845381    0.0000499438   -0.0000124617   -0.0000438508    0.0000099745    0.0000438787   -0.0000128196   -0.0000403221   -0.0000215013    0.0000148644   -0.0000052604    0.0000419552    0.0000164365   -0.0001082709    0.0000169591   -0.0000068681   -0.0000619799    0.0000043441    0.0000935197    0.0000216917   -0.0000261942   -0.0000122463    0.0000312149   -0.0000496285   -0.0000118061    0.0000250946   -0.0000266954    0.0000586240   -0.0000206583    0.0000044636   -0.0000116385    0.0000019551    0.0000115239   -0.0000318742    0.0000049555   -0.0000581889    0.0000059465    0.0000542890    0.0000243016   -0.0000084354   -0.0000207362   -0.0000013931    0.0000147115    0.0000189046    0.0000626760    0.0000575414   -0.0000049524   -0.0000417031    0.0000118289    0.0000477168    0.0000153899    0.0000464137    0.0000279765   -0.0000264985   -0.0000289173    0.0000436317    0.0000098569    0.0000106353   -0.0000015832    0.0000000193    0.0000164997    0.0000343408    0.0000079401    0.0000221812    0.0000093931    0.0000144954    0.0000388962   -0.0000063942   -0.0000031796    0.0000167224    0.0000086354    0.0000078298   -0.0000131114    0.0000067463    0.0000183416    0.0000517283   -0.0000150805   -0.0000608870   -0.0000372212    0.0000014915   -0.0000184989   -0.0000024730    0.0000514968   -0.0000127895    0.0000581793    0.0000136524   -0.0000070950    0.0000181600   -0.0000254555   -0.0000061171   -0.0000132849   -0.0000208119    0.0000194860   -0.0000030737    0.0000098297   -0.0000137795    0.0000071664   -0.0000144226    0.0000422595    0.0000038737   -0.0000073444   -0.0000059600 
   0.0000039691   -0.0000645377   -0.0001297692   -0.0000163351    0.0000996789    0.0000447063    0.0001504370   -0.0000664281   -0.0002439053    0.0002910767   -0.0002838518   -0.0002125434    0.0001746181    0.0008727964    0.0000000000    0.0002954352    0.0024246469    0.0002164829   -0.0000714429   -0.0000189141   -0.0000059871    0.0000018459    0.0002871151    0.0000756301    0.0000112519    0.0000068152   -0.0000303300    0.0000616588    0.0001085061   -0.0000309892    0.0000597221   -0.0000699501    0.0003307586   -0.0001714576    0.0000246125   -0.0000984000   -0.0002191068   -0.0001720603   -0.0002007542   -0.0000288806    0.0001614986    0.0000255496   -0.0000089000   -0.0000849497    0.0000219430    0.0000231682   -0.0000132084   -0.0000004354    0.0000338255    0.0000068410    0.0000132459   -0.0000203378   -0.0000642194   -0.0000102273   -0.0001117032   -0.0000594597   -0.0000243464    0.0000105904   -0.0000046559   -0.0000103471   -0.0000086942   -0.0000113320   -0.0000181255   -0.0000161925   -0.0000342886    0.0000342746    0.0000747187   -0.0000098143   -0.0000184342   -0.0000172310    0.0000689564   -0.0000299683   -0.0000112644    0.0000215557    0.0000000493    0.0000304130    0.0001155987   -0.0001012444   -0.0000008683    0.0000085560    0.0000402677   -0.0000204826    0.0000132739    0.0000105934    0.0000020791    0.0000057205    0.0000159985   -0.0000373241    0.0000226817    0.0000479410   -0.0000325915   -0.0000249447    0.0000233990    0.0000045919   -0.0000420765   -0.0000672057   -0.0000034436   -0.0000324901   -0.0000065726    0.0000072267    0.0000241774    0.0000442396    0.0000092652   -0.0000330274    0.0000206105    0.0000015119    0.0000164189    0.0000327628   -0.0000040498    0.0000465952   -0.0000169554    0.0000157515   -0.0000196668    0.0000154296   -0.0000176073   -0.0000289592    0.0000163417    0.0000310840    0.0000086089    0.0000207421   -0.0000117929    0.0000043056   -0.0000083193   -0.0000264889    0.0000034881    0.0000220731    0.0000368493    0.0000056246    0.0000536547    0.0000149364   -0.0000082216    0.0000003307   -0.0000674945    0.0000217497   -0.0000158419    0.0000158279    0.0000009436   -0.0000070299   -0.0000094115   -0.0000168496    0.0000329715    0.0000056391   -0.0000270850    0.0000055758    0.0000204194   -0.0000134914    0.0000160749   -0.0000132253   -0.0000371058    0.0000066535   -0.0000044917    0.0000000470 
   0.0003245700    0.0001548764    0.0001348553   -0.0000121912   -0.0000385405   -0.0000167077    0.0001950581    0.0003901088    0.0001507898   -0.0001198763   -0.0001671653    0.0009819419    0.0005092868   -0.0009039599   -0.0002954352    0.0000000000   -0.0016601875   -0.0030246898    0.0001151871    0.0001489965   -0.0000662421   -0.0000139089    0.0000765194    0.0000525177   -0.0000720470    0.0000072393    0.0001877155   -0.0000072184   -0.0000136017    0.0001489450    0.0000273261   -0.0000100789   -0.0000755860   -0.0000240414   -0.0000010781    0.0000434149   -0.0000461572   -0.0000173413    0.0000004817    0.0000104728   -0.0000002682    0.0000009273    0.0000878529    0.0000036361   -0.0000213242   -0.0000327613    0.0000133488   -0.0000479424   -0.0000089235    0.0000169260   -0.0000921894    0.0000633602   -0.0000757036    0.0000366758    0.0000171075    0.0000026697   -0.0000012834   -0.0000005148   -0.0000017866   -0.0000414900   -0.0000212463   -0.0000438662    0.0000165453    0.0000425770    0.0000025869    0.0000019144    0.0000166827   -0.0000136237   -0.0000093461    0.0000201004    0.0000918954   -0.0000423168    0.0000317522    0.0000101281    0.0000304240   -0.0001036772    0.0000051678    0.0000257025    0.0000223002    0.0000008665   -0.0000117958   -0.0000093417   -0.0000141125   -0.0000036996    0.0000191457    0.0000091227   -0.0000103442    0.0000298353    0.0000092594    0.0000477153    0.0000063024   -0.0000017154   -0.0000240282   -0.0000412541   -0.0000351353   -0.0000102656   -0.0000285109   -0.0000153936    0.0000178572    0.0000362510   -0.0000283073    0.0000100678    0.0000105779   -0.0000123272   -0.0000994731    0.0000313361    0.0000342202    0.0000412673   -0.0000332295    0.0000246125   -0.0000034757    0.0000024199   -0.0000299228    0.0000004930    0.0000551210    0.0000353668   -0.0000073028   -0.0000057128    0.0000004228   -0.0000084950    0.0000088000   -0.0000270130    0.0000174714    0.0000401530    0.0000074829    0.0000162226   -0.0000023651    0.0000316243   -0.0000030192   -0.0000151062   -0.0000059211   -0.0000171142    0.0000143536    0.0000014123   -0.0000228390    0.0000006953   -0.0000336300   -0.0000038430   -0.0000059766    0.0000218328   -0.0000303101   -0.0000072895    0.0000093887    0.0000180601   -0.0000053912    0.0000130063    0.0000373579    0.0000135737    0.0000105728   -0.0000227537    0.0000075226    0.0000115062 
