   0.0000000000   -0.0006151249   -0.0002780674   -0.0003229531    0.0016717267   -0.0002071118   -0.0000528007    0.0006960248   -0.0001230955    0.0000696819   -0.0008063537    0.0000292782   -0.0000996568    0.0001520834    0.0001022587   -0.0000088316   -0.0003008961   -0.0000302983    0.0000166452   -0.0000004155    0.0000245485   -0.0001913317   -0.0000329950   -0.0000267535   -0.0000438971   -0.0000794447    0.0002505716    0.0001065657   -0.0000374726    0.0000395489   -0.0000143425   -0.0001325475    0.0000040851    0.0000249249    0.0000717215    0.0000159610   -0.0000185003   -0.0000502635    0.0000112137    0.0000080871   -0.0000249205   -0.0000261288   -0.0000016856   -0.0000120347    0.0000077409   -0.0000004350   -0.0000000422   -0.0000015315    0.0000560552    0.0000199483    0.0000039433   -0.0000047963    0.0000078291   -0.0000303101   -0.0000076314   -0.0000068719    0.0000012867    0.0000182923    0.0000511132   -0.0000061289    0.0000508618   -0.0000209185   -0.0000078989    0.0000492882   -0.0000217593   -0.0000825022   -0.0000417737    0.0000088713    0.0000304211    0.0000052278    0.0000000343    0.0000292760    0.0000029310   -0.0000479976   -0.0000014850    0.0000212463    0.0000005490    0.0000165019    0.0000205958    0.0000099576   -0.0000010468    0.0000135260   -0.0000120626    0.0000475654    0.0000148835   -0.0000438302    0.0000284454    0.0000057869    0.0000087963    0.0000101097   -0.0000142712    0.0000017188   -0.0000085133   -0.0000076409   -0.0000254945   -0.0000200056    0.0000097275   -0.0000207053    0.0000222826   -0.0000271416    0.0000026522    0.0000193052    0.0000043635    0.0000095658    0.0000458338   -0.0000282220    0.0000108484    0.0000218658   -0.0000034205   -0.0000503201   -0.0000017267   -0.0000264110    0.0000084185    0.0000393784   -0.0000353896   -0.0000223201    0.0000237474    0.0000052688   -0.0000240620    0.0000086236   -0.0000055087   -0.0000059094    0.0000094416    0.0000189428    0.0000198189   -0.0000037413   -0.0000215682   -0.0000095614   -0.0000231352    0.0000011492    0.0000027648   -0.0000262155    0.0000333515    0.0000234733   -0.0000013161   -0.0000256341    0.0000121016   -0.0000095703   -0.0000078710   -0.0000423345    0.0000127211    0.0000013035    0.0000058080   -0.0000023630    0.0000001238    0.0000052360    0.0000007617   -0.0000025717    0.0000323365    0.0000182093    0.0000086280   -0.0000009077 
   0.0006151249    0.0000000000    0.0031931487   -0.0004364423    0.0007268943    0.0004384047    0.0005117931    0.0007758517    0.0000859493   -0.0000556943   -0.0000203863   -0.0001264544    0.0000315015    0.0000125830    0.0001073227    0.0000274253    0.0000003676    0.0000035365   -0.0000324026    0.0001018471    0.0000064446    0.0000082627   -0.0003868234    0.0000450679    0.0000727240   -0.0000217997    0.0000397157   -0.0000518048    0.0000757698   -0.0000354910   -0.0001353331    0.0000204120   -0.0000001530    0.0000470061    0.0000824287    0.0000828771   -0.0000015524    0.0000101428   -0.0000381708    0.0000243170   -0.0000326422   -0.0001052942   -0.0000009464    0.0000901093    0.0000238261    0.0000479373   -0.0000024263    0.0000349604   -0.0000221179    0.0000229698    0.0000850600   -0.0000709313    0.0000069785    0.0000182431   -0.0000525508   -0.0000121581    0.0000195595    0.0000639196    0.0000278935   -0.0000000548   -0.0000614302    0.0000314523   -0.0000123551    0.0000289247   -0.0000385206    0.0000007834    0.0000172237   -0.0000255077   -0.0000045670   -0.0000192699    0.0000351662   -0.0000109682    0.0000214322   -0.0000012826    0.0000142293    0.0000091998    0.0000372675    0.0000547190   -0.0000337484    0.0000194985    0.0000008553    0.0000062953   -0.0000036909    0.0000256709    0.0000346752    0.0000127329    0.0000376078   -0.0000078144   -0.0000179263   -0.0000692276   -0.0000689844    0.0000453318    0.0000004834   -0.0000257186   -0.0000084494   -0.0000556965    0.0000101435   -0.0000098268    0.0000164078    0.0000141353   -0.0000023951    0.0000408344    0.0000032966    0.0000345973   -0.0000121163    0.0000584153    0.0000126741    0.0000277920    0.0000034873   -0.0000194808    0.0000216902   -0.0000210353   -0.0000012882    0.0000232498    0.0000069596   -0.0000073521   -0.0000046708    0.0000198241   -0.0000078335   -0.0000640813   -0.0000092175    0.0000177227   -0.0000338763   -0.0000088323    0.0000086743   -0.0000395768   -0.0000226163   -0.0000352566    0.0000049423    0.0000145998    0.0000265161    0.0000041871   -0.0000019270   -0.0000095460    0.0000331016   -0.0000105059   -0.0000082407    0.0000449158    0.0000077806    0.0000117862   -0.0000005653   -0.0000522450   -0.0000385662    0.0000048780   -0.0000305350   -0.0000090374    0.0000149584    0.0000033052    0.0000475698   -0.0000041436    0.0000079239    0.0000040625 
   0.0002780674   -0.0031931487    0.0000000000   -0.0014501283    0.0009137352    0.0004376991    0.0004836652   -0.0000071377   -0.0002622799   -0.0000581007    0.0000591157   -0.0000252196   -0.0000739323    0.0001531712   -0.0000774014   -0.0000042741   -0.0000932330    0.0000440073   -0.0000455221   -0.0000371550    0.0001049120    0.0001366046   -0.0000473206    0.0000054385    0.0001034052    0.0001128498   -0.0002393189    0.0001793147   -0.0000180924   -0.0000000675    0.0001202732   -0.0001026409   -0.0000237195    0.0000229433   -0.0000348339   -0.0000860596   -0.0000006908    0.0000641871   -0.0000168643    0.0000672094   -0.0000089264   -0.0000067963    0.0000140853   -0.0000167584   -0.0000342364    0.0000725490   -0.0000852143   -0.0000082723   -0.0000035221   -0.0000226251    0.0000482783    0.0000067254   -0.0000063997    0.0000463269    0.0000279332    0.0000112887    0.0000284932   -0.0000151701   -0.0000011259   -0.0000054973    0.0001206186    0.0000693173    0.0001127763   -0.0000154553    0.0000135774    0.0000470310    0.0000019549    0.0000156920   -0.0000829432   -0.0000041212   -0.0000225391   -0.0000213352    0.0000202371    0.0000271137   -0.0000020918    0.0000593656   -0.0000104861   -0.0000835165   -0.0000059106   -0.0000159676   -0.0000485995   -0.0000052579   -0.0000216520    0.0000243949    0.0000047501    0.0000473963   -0.0000160947   -0.0000164490    0.0000106985   -0.0000119516   -0.0000096636    0.0000115804   -0.0000092417    0.0000255761    0.0000103398    0.0000065336   -0.0000397995   -0.0000151040    0.0000034424    0.0000260318    0.0000127608    0.0000000764    0.0000302234   -0.0000042028    0.0000036736   -0.0000236401    0.0000175177    0.0000057863   -0.0000149099    0.0000087353   -0.0000014013   -0.0000048069   -0.0000090153   -0.0000156853    0.0000008769    0.0000016402   -0.0000009188    0.0000130901    0.0000192015   -0.0000153333   -0.0000086831    0.0000170627    0.0000111299   -0.0000091528    0.0000084979   -0.0000066155    0.0000008164    0.0000170208    0.0000181189    0.0000173530    0.0000141308    0.0000172259    0.0000242964   -0.0000100833    0.0000028871   -0.0000259384   -0.0000017948    0.0000271563    0.0000279559   -0.0000142117    0.0000065808    0.0000021861    0.0000116731   -0.0000077857   -0.0000205833    0.0000285667   -0.0000028681   -0.0000094688   -0.0000023160   -0.0000073535    0.0000035947   -0.0000174449 
   0.0003229531    0.0004364423    0.0014501283    0.0000000000    0.0055556158    0.0011635571   -0.0001297913    0.0005111978   -0.0001052427   -0.0003949009    0.0001501651   -0.0001428520    0.0003645092   -0.0000525809    0.0001462109    0.0000094696   -0.0001343996    0.0000516740    0.0000383273    0.0000584116    0.0000207465    0.0000503958    0.0000082282    0.0003082019   -0.0000195448    0.0000409711   -0.0001711563   -0.0001104464    0.0000023528   -0.0000121177    0.0000297758   -0.0001378467    0.0000428703    0.0000125315   -0.0000904989    0.0000130504    0.0000665133   -0.0000192287   -0.0000559700    0.0000583660    0.0000363039   -0.0000354183   -0.0000086008    0.0000066629   -0.0000212580   -0.0000143624    0.0000213161   -0.0000056653   -0.0000550924    0.0000343974   -0.0000179542    0.0000041352   -0.0000194000    0.0000122655   -0.0000420243   -0.0000090734   -0.0000693291    0.0000625745    0.0000105963   -0.0000327716    0.0000021688    0.0000973931   -0.0000087581   -0.0000341240   -0.0000038413    0.0000605239    0.0000320689    0.0000376570    0.0000249469    0.0000845749    0.0000022005   -0.0000063052    0.0000151179    0.0000733700   -0.0000029814   -0.0000029303   -0.0000164292    0.0000083972    0.0000038678    0.0000078886    0.0000082465    0.0000212220    0.0000215307    0.0000056606   -0.0000091668   -0.0000009520    0.0000050109   -0.0000342269    0.0000051637   -0.0000325408   -0.0000020453    0.0000015393   -0.0000099253   -0.0000022372    0.0000148982    0.0000039669    0.0000177903    0.0000032094   -0.0000661899    0.0000356226    0.0000078526    0.0000007715    0.0000245096   -0.0000052382   -0.0000005905   -0.0000265764    0.0000118752    0.0000725057    0.0000086324   -0.0000219945   -0.0000142808    0.0000112137   -0.0000104434   -0.0000004766   -0.0000411409   -0.0000013928    0.0000010902    0.0000060583    0.0000255944    0.0000385398   -0.0000351581   -0.0000067081   -0.0000113930   -0.0000078283   -0.0000207986   -0.0000010604    0.0000132996    0.0000023157   -0.0000168650    0.0000142021   -0.0000189083   -0.0000260406    0.0000124543    0.0000457059   -0.0000259884   -0.0000256327   -0.0000264735   -0.0000337984   -0.0000323394    0.0000009876   -0.0000055558    0.0000031883    0.0000016168   -0.0000060972   -0.0000001922   -0.0000124323   -0.0000237555   -0.0000218232    0.0000225464    0.0000100384   -0.0000007365    0.0000052544 
  -0.0016717267   -0.0007268943   -0.0009137352   -0.0055556158    0.0000000000   -0.0003232544    0.0000225972    0.0013209177   -0.0000898006   -0.0000512447    0.0006826407    0.0001175758   -0.0000267028    0.0000646700   -0.0000624437   -0.0001491729   -0.0000008333    0.0001307026   -0.0000286336   -0.0000246514   -0.0000393504    0.0001126587   -0.0000044903    0.0000420486    0.0000239936    0.0000434208    0.0001145770    0.0001007519    0.0000089727    0.0000080937    0.0000207869    0.0002312708   -0.0000792389    0.0000141816   -0.0000385978   -0.0000078173   -0.0000144631    0.0000099686    0.0000193831    0.0000459705    0.0000541972    0.0001277259    0.0000088794   -0.0000326128    0.0000304424    0.0000088823    0.0000314266    0.0000111747    0.0000358232    0.0000167364    0.0000330663   -0.0000103920    0.0000043405   -0.0000065359   -0.0000063363    0.0000113056    0.0000032300   -0.0000621946   -0.0000251042    0.0000320197   -0.0000130578   -0.0000321027    0.0000413437   -0.0000072353    0.0000201394    0.0000584726    0.0000244839   -0.0000082230   -0.0000125764    0.0000165247    0.0000024036   -0.0000027186    0.0000028612   -0.0000279368    0.0000120023   -0.0000227162   -0.0001235145   -0.0000004501   -0.0000025648   -0.0000079540    0.0000342511   -0.0000068837   -0.0000090249    0.0000140897    0.0000581404    0.0000625643    0.0000004727   -0.0000284403    0.0000070457    0.0000399781    0.0000048704   -0.0000281000   -0.0000041018    0.0000373726   -0.0000033962    0.0000397392    0.0000174523   -0.0000356388   -0.0000295038    0.0000132988    0.0000059635    0.0000219401    0.0000189303    0.0000078254   -0.0000266800   -0.0000194441    0.0000019862    0.0000093137    0.0000350464   -0.0000004765    0.0000014106    0.0000137597    0.0000025736   -0.0000082443   -0.0000018500   -0.0000242288    0.0000435237   -0.0000037575   -0.0000031244   -0.0000068284    0.0000203488    0.0000516490   -0.0000176867   -0.0000351118    0.0000051962    0.0000065980    0.0000011731    0.0000080400    0.0000227691   -0.0000015936    0.0000198931   -0.0000097863    0.0000342827   -0.0000038749    0.0000076196   -0.0000323431   -0.0000016479   -0.0000023284    0.0000184313    0.0000198917   -0.0000535835    0.0000055399   -0.0000076733    0.0000103677    0.0000074028    0.0000024887    0.0000183607   -0.0000038649   -0.0000094350    0.0000150937    0.0000202239   -0.0000095489 
   0.0002071118   -0.0004384047   -0.0004376991   -0.0011635571    0.0003232544    0.0000000000    0.0043264979    0.0005062366    0.0001944480    0.0000725013   -0.0000320998    0.0000570541   -0.0000510779   -0.0000867358    0.0001674961   -0.0001080871   -0.0000237989    0.0000214587   -0.0001867674   -0.0002279781    0.0002630370    0.0001984169   -0.0000122103    0.0000607944    0.0001113946    0.0000365590    0.0000153906    0.0000146733   -0.0000346296    0.0000340034    0.0001435502    0.0000390219   -0.0000014650    0.0001315111   -0.0000507111    0.0001971013   -0.0000440036   -0.0000514042   -0.0000641224   -0.0000124757   -0.0000069319    0.0000438023    0.0000257458    0.0001064628    0.0000050550    0.0000256202   -0.0000296648    0.0000209574    0.0000204510    0.0000082906   -0.0000535313   -0.0000618168   -0.0000408528   -0.0000309304   -0.0000184313    0.0001368471    0.0000046594    0.0000169120   -0.0000069491   -0.0000198645    0.0000064694   -0.0000174868    0.0000327488    0.0000029727    0.0000607297   -0.0000041487   -0.0000127873    0.0000301793    0.0000109138   -0.0000732061   -0.0000408505   -0.0000323482    0.0000959010   -0.0000313450    0.0000342371    0.0000291025   -0.0000087449   -0.0000336793    0.0000277031   -0.0000017318   -0.0000469634   -0.0000035776   -0.0000148805   -0.0000589187    0.0000225347   -0.0000015025    0.0000162300    0.0000009628   -0.0000109168   -0.0000221797    0.0000395952    0.0000113306    0.0000229588   -0.0000182475    0.0000111784    0.0000342305    0.0000081275    0.0000083605   -0.0000893523   -0.0000250461    0.0000174890   -0.0000324621   -0.0000071729    0.0000134319    0.0000058063    0.0000040299    0.0000108638    0.0000216718   -0.0000231469    0.0000004901   -0.0000134819    0.0000129865   -0.0000211823   -0.0000132202    0.0000068513   -0.0000144381   -0.0000056767   -0.0000171583   -0.0000052352   -0.0000145946   -0.0000400002   -0.0000174427    0.0000431444   -0.0000399032   -0.0000083678   -0.0000031685   -0.0000125639   -0.0000015395    0.0000019932    0.0000549807   -0.0000009148    0.0000023665    0.0000101061    0.0000048510    0.0000043861   -0.0000528198    0.0000107903    0.0000075946   -0.0000096416   -0.0000003450   -0.0000044759    0.0000122000    0.0000299713   -0.0000086971    0.0000040137    0.0000076115    0.0000446762   -0.0000345914   -0.0000089668    0.0000043757   -0.0000008516   -0.0000031756 
   0.0000528007   -0.0005117931   -0.0004836652    0.0001297913   -0.0000225972   -0.0043264979    0.0000000000    0.0006449139    0.0012577089   -0.0004941167    0.0000314023    0.0008785293    0.0000449826    0.0004424398   -0.0000143763    0.0001012444    0.0000277671   -0.0000690931    0.0000960627    0.0000811352    0.0002161228    0.0002532837    0.0002004088   -0.0000853246    0.0003314716    0.0001460418    0.0000275818    0.0000015091    0.0000083664   -0.0000257120    0.0001787414   -0.0000518312   -0.0001384788    0.0000935123   -0.0000689109    0.0001029349   -0.0000077541   -0.0000035612    0.0000405786   -0.0000339799   -0.0000132606    0.0000264154    0.0000992232    0.0000169988    0.0000890510   -0.0000639416   -0.0000034588    0.0000529719   -0.0000041239   -0.0000575531   -0.0000217019   -0.0000701280   -0.0000131967   -0.0000822303   -0.0000440044    0.0000120075    0.0000004947    0.0000470377   -0.0000141103    0.0000423955    0.0000744468   -0.0000245588    0.0000370624    0.0000229125   -0.0000016511    0.0000084325   -0.0000193794    0.0000009484   -0.0000402773   -0.0000016097   -0.0000046529   -0.0000040160   -0.0000560060   -0.0000089242   -0.0000245824    0.0000027920    0.0000064574    0.0000090741   -0.0000165107    0.0000049126    0.0000110351   -0.0000029239   -0.0000288761   -0.0000454222   -0.0000349214   -0.0000042448   -0.0000059371    0.0000401589    0.0000330024    0.0000023576   -0.0000235453   -0.0000145116    0.0000597742   -0.0000217505   -0.0000506450    0.0000311495    0.0000424954    0.0000219923    0.0000219489    0.0000703676    0.0000183497    0.0000430886    0.0000182725   -0.0000159404    0.0000039736    0.0000502518   -0.0000077945   -0.0000280588    0.0000043088    0.0000085758    0.0000011292   -0.0000152488   -0.0000221591   -0.0000009334   -0.0000298471   -0.0000186025    0.0000132731   -0.0000254401   -0.0000813557    0.0000252299    0.0000233270   -0.0000111123    0.0000067136    0.0000067350   -0.0000190457    0.0000162594   -0.0000085148    0.0000070290    0.0000109631   -0.0000032685    0.0000007267   -0.0000280765    0.0000162322   -0.0000236651    0.0000027888    0.0000097202   -0.0000373961    0.0000110454    0.0000576700    0.0000052038    0.0000030390    0.0000029446    0.0000093593   -0.0000097026   -0.0000537209    0.0000052987    0.0000233226   -0.0000171009   -0.0000695231    0.0000111387    0.0000063143    0.0000280125 
  -0.0006960248   -0.0007758517    0.0000071377   -0.0005111978   -0.0013209177   -0.0005062366   -0.0006449139    0.0000000000   -0.0004442846    0.0003280024   -0.0004353692    0.0008958750    0.0001637109   -0.0000390910   -0.0000007404   -0.0002857774   -0.0000721705   -0.0002856672    0.0000832078    0.0000877574    0.0000787244    0.0000475852   -0.0000367023    0.0001099907    0.0000333493    0.0000692504   -0.0001034714    0.0001312245   -0.0000532057   -0.0000439529   -0.0000553158    0.0000238966   -0.0000986719    0.0000781364   -0.0000269453   -0.0000006002   -0.0001147240    0.0001177816   -0.0000902343    0.0000867652    0.0000249300    0.0000230646   -0.0000324225   -0.0000330060   -0.0000026145    0.0000020603    0.0000250292    0.0000221202   -0.0000101943    0.0000396937    0.0000429622    0.0000619263    0.0000055332    0.0000371602    0.0000225362    0.0000141272   -0.0000545132   -0.0000300896   -0.0000175177   -0.0000606915   -0.0000137883   -0.0000100678   -0.0000133451    0.0000156023    0.0000103163    0.0000024693    0.0000083259   -0.0000136399   -0.0000231499   -0.0000050147   -0.0000007387    0.0000240164    0.0000218776    0.0000598632    0.0000269358   -0.0000307827    0.0000756963   -0.0000071032    0.0000339277   -0.0000091976   -0.0000728644    0.0000012519    0.0000293855   -0.0000267550   -0.0000015650   -0.0000267072    0.0000057862    0.0000353051   -0.0000531006   -0.0000072676   -0.0000264294   -0.0000234431   -0.0000155795   -0.0000056248   -0.0000050684   -0.0000024780   -0.0000015421   -0.0000013356   -0.0000181814   -0.0000044641    0.0000056871   -0.0000312053   -0.0000124308   -0.0000053516    0.0000321241    0.0000213661    0.0000112424    0.0000010804    0.0000105544   -0.0000648479   -0.0000134914    0.0000058385   -0.0000078622   -0.0000688668   -0.0000357938   -0.0000284550   -0.0000496079    0.0000155861    0.0000237481    0.0000052344   -0.0000010790    0.0000072490   -0.0000007562   -0.0000305108    0.0000088095    0.0000010158   -0.0000084413    0.0000043712   -0.0000172590   -0.0000035284   -0.0000009642    0.0000227559   -0.0000055045   -0.0000036743    0.0000107595    0.0000003986   -0.0000073771    0.0000203532   -0.0000127395   -0.0000042525   -0.0000223495   -0.0000148379   -0.0000030695    0.0000397657    0.0000055236    0.0000017377    0.0000040308   -0.0000079900    0.0000085082   -0.0000001576    0.0000002120   -0.0000119465 
   0.0001230955   -0.0000859493    0.0002622799    0.0001052427    0.0000898006   -0.0001944480   -0.0012577089    0.0004442846    0.0000000000    0.0001508560    0.0013145968    0.0001069332    0.0000178286    0.0002689977   -0.0000107543    0.0000555010    0.0001517086   -0.0000483834    0.0000883086   -0.0000198806    0.0000176632   -0.0001632993   -0.0000976650    0.0000003874   -0.0000458235    0.0000485062   -0.0001874730   -0.0000125323    0.0000774235   -0.0000001871    0.0000127476   -0.0000806354    0.0000294884    0.0000077321    0.0001327753    0.0000707579    0.0000171046    0.0000290209    0.0000293348    0.0000034502    0.0000184702    0.0000388337    0.0000329913    0.0000918586   -0.0000176051   -0.0000045829   -0.0000035470    0.0000097731    0.0000313464    0.0000032534   -0.0000230624    0.0000032881   -0.0000513006    0.0000253159   -0.0000131136    0.0000073446   -0.0000246316    0.0000354491   -0.0000237959   -0.0000279839   -0.0000749098   -0.0000209567    0.0000057237   -0.0000005485   -0.0000000974    0.0001019426    0.0000377371    0.0000449011   -0.0000142925    0.0000217387   -0.0000077600   -0.0000445380    0.0000127057   -0.0000479123   -0.0000115812   -0.0000245390    0.0000186032    0.0000216351   -0.0000003928    0.0000459741   -0.0000042787   -0.0000332015   -0.0000156089   -0.0000544948    0.0000140110    0.0000103199   -0.0000260920   -0.0000111328   -0.0000056818   -0.0000262736    0.0000009039   -0.0000000756   -0.0000463982    0.0000021752    0.0000054380   -0.0000130732   -0.0000449011   -0.0000014495    0.0000284205   -0.0000144734   -0.0000411107   -0.0000176272    0.0000064823   -0.0000137729   -0.0000262375   -0.0000060756   -0.0000075160    0.0000202893   -0.0000091587   -0.0000055086    0.0000140581    0.0000165541   -0.0000094372   -0.0000168621   -0.0000407175    0.0000164100    0.0000547190   -0.0000010055   -0.0000071897   -0.0000034988    0.0000049498    0.0000202540    0.0000040271   -0.0000055932   -0.0000193595    0.0000215777    0.0000055053   -0.0000020712    0.0000056517    0.0000191427    0.0000009264   -0.0000321579    0.0000121508   -0.0000203481    0.0000062648   -0.0000373976    0.0000003831   -0.0000033498   -0.0000411107    0.0000044170    0.0000352286    0.0000018267    0.0000015379   -0.0000096070    0.0000100179   -0.0000227346   -0.0000006343    0.0000333463   -0.0000062575   -0.0000056928   -0.0000093204   -0.0000034043 
  -0.0000696819    0.0000556943    0.0000581007    0.0003949009    0.0000512447   -0.0000725013    0.0004941167   -0.0003280024   -0.0001508560    0.0000000000   -0.0007102909    0.0012244140   -0.0000355814    0.0000123096   -0.0005700555    0.0000550769   -0.0002553123    0.0001703919    0.0001423742    0.0000028683   -0.0000119031   -0.0001443660    0.0000182571    0.0001628730    0.0000108704    0.0000003281   -0.0000902196   -0.0000212191    0.0000893744    0.0001700979    0.0000453590    0.0001532006   -0.0000719096    0.0000124852   -0.0000012082   -0.0000434428   -0.0000060467    0.0000286527   -0.0000233020   -0.0000509662   -0.0001836805    0.0000327392   -0.0000294311   -0.0000127652    0.0000147232   -0.0000482372    0.0002410682   -0.0000066067    0.0000074844    0.0000285969   -0.0000366251   -0.0001063084   -0.0000022417    0.0000137509    0.0000431900   -0.0000032582    0.0000724866   -0.0000154075    0.0000350552   -0.0000030742    0.0000011941   -0.0000250954   -0.0000201761    0.0000415789   -0.0000038795   -0.0000195470   -0.0000451627   -0.0000026945    0.0000196653   -0.0000060991    0.0000032709    0.0000095776   -0.0000144932    0.0000194308   -0.0000086332   -0.0000698002   -0.0000131585    0.0000016064    0.0000020411   -0.0000114437   -0.0000574414   -0.0000414635    0.0000025464    0.0000129997    0.0000142168    0.0000037859   -0.0000169069    0.0000179395    0.0000207178   -0.0000200916   -0.0000382142   -0.0000092836   -0.0000309709    0.0000007317   -0.0000167731   -0.0000081495   -0.0000519055   -0.0000012484    0.0000242693   -0.0000179851   -0.0000314964    0.0000061588   -0.0000121618    0.0000093534    0.0000139868   -0.0000076468   -0.0000022510    0.0000218952    0.0000051850    0.0000025329   -0.0000558678    0.0000130512    0.0000299786   -0.0000126947    0.0000012634   -0.0000016844    0.0000205715   -0.0000165989   -0.0000125058    0.0000146961   -0.0000149151   -0.0000039914   -0.0000319998    0.0000169863   -0.0000161344    0.0000224141    0.0000032198   -0.0000261942   -0.0000531123    0.0000070601   -0.0000022849   -0.0000016392    0.0000022468   -0.0000316617    0.0000054676    0.0000154641   -0.0000068700    0.0000002467   -0.0000525942   -0.0000053721    0.0000048776   -0.0000074675    0.0000202864    0.0000093483    0.0000186444    0.0000235997    0.0000033076   -0.0000305512   -0.0000049332   -0.0000021920   -0.0000015893   -0.0000263390 
   0.0008063537    0.0000203863   -0.0000591157   -0.0001501651   -0.0006826407    0.0000320998   -0.0000314023    0.0004353692   -0.0013145968    0.0007102909    0.0000000000   -0.0001170172    0.0000591576    0.0003912186    0.0003652442   -0.0006535573   -0.0000638439    0.0001017074   -0.0000317330   -0.0000046595   -0.0000098429    0.0003569976    0.0000446416   -0.0000228221    0.0000313942   -0.0001253152    0.0000430430    0.0004017436    0.0000371205    0.0000337954    0.0000318918   -0.0001647178    0.0000373351   -0.0000288739    0.0000756742   -0.0000230551   -0.0001107184    0.0000761152   -0.0000072672    0.0000209148    0.0000138464   -0.0000187745   -0.0000143727    0.0000717420   -0.0000068318   -0.0000060980   -0.0000217652    0.0000795329    0.0000555878   -0.0000299845   -0.0000568938    0.0000047232    0.0000414187   -0.0000412960   -0.0000250917   -0.0000027028    0.0000073178    0.0000290107   -0.0000251005    0.0000451973    0.0000357020   -0.0000501871   -0.0000395937    0.0000177360    0.0000288857   -0.0000628722    0.0000045757    0.0000414848    0.0000244067   -0.0000758727    0.0000032656   -0.0000166364   -0.0000260354    0.0000304284   -0.0000098540   -0.0000134385   -0.0000258848   -0.0000129291   -0.0000269343   -0.0000631052    0.0000119288    0.0000930419    0.0000099017   -0.0000290562   -0.0000026052   -0.0000301859   -0.0000076755    0.0000573165    0.0000213771   -0.0000067952   -0.0000038654    0.0000005637   -0.0000010943    0.0000327657    0.0000110571    0.0000350890   -0.0000038899    0.0000307680   -0.0000392262    0.0000157052    0.0000030583    0.0000222370   -0.0000108712   -0.0000014945    0.0000099451    0.0000028292    0.0000090168   -0.0000418685    0.0000303763    0.0000341357    0.0000011386   -0.0000197373    0.0000259046   -0.0000293179   -0.0000155869    0.0000380804   -0.0000220731   -0.0000072836   -0.0000086258    0.0000146174   -0.0000341725   -0.0000046811    0.0000092807    0.0000202526   -0.0000013615   -0.0000001501   -0.0000219195   -0.0000009119   -0.0000187150    0.0000002618    0.0000020364    0.0000083752   -0.0000148835    0.0000317566   -0.0000000308    0.0000068207    0.0000213572   -0.0000138920   -0.0000391358    0.0000068650    0.0000528117   -0.0000033220   -0.0000051800   -0.0000025658   -0.0000108036   -0.0000075549    0.0000144814    0.0000139839   -0.0000352477    0.0000139442   -0.0000138854    0.0000267836 
  -0.0000292782    0.0001264544    0.0000252196    0.0001428520   -0.0001175758   -0.0000570541   -0.0008785293   -0.0008958750   -0.0001069332   -0.0012244140    0.0001170172    0.0000000000    0.0013548741    0.0003848022    0.0016558510   -0.0002659034    0.0000414746   -0.0000957687    0.0001097776    0.0000948941   -0.0000375336   -0.0000555062    0.0000695893    0.0002383635   -0.0000772544    0.0000143543    0.0001052427    0.0000582344   -0.0000453325   -0.0002802577   -0.0000582028   -0.0000004256   -0.0001970058   -0.0000447452    0.0000684023   -0.0000029689    0.0000175970   -0.0000576678    0.0000111784   -0.0000390109    0.0000584785   -0.0000006204    0.0000959525   -0.0000853393   -0.0000389131    0.0000036891    0.0000027389   -0.0000048504    0.0000619505   -0.0000242200    0.0000564815   -0.0000135818    0.0000100384   -0.0000103589    0.0000243501   -0.0001007740   -0.0000070385    0.0000187576    0.0000251748    0.0000060668   -0.0000187539    0.0000198138   -0.0000096482   -0.0000536378   -0.0000001417    0.0000421257   -0.0000346884    0.0000203305   -0.0000183409    0.0000105463    0.0000134988   -0.0000247889   -0.0000272878    0.0000086949    0.0000060219    0.0000344981   -0.0000151731   -0.0000048219   -0.0000245353    0.0000094681   -0.0000820612    0.0000189546    0.0000463034   -0.0000057673   -0.0000000812   -0.0000186062    0.0000187061   -0.0000055313    0.0000514491   -0.0000062935    0.0000229838   -0.0000069217    0.0000473192   -0.0000519775    0.0000400450    0.0000019592   -0.0000286667    0.0000297802    0.0000258201   -0.0000114577   -0.0000109851    0.0000052128   -0.0000334316   -0.0000146336   -0.0000301697   -0.0000001245   -0.0000163468    0.0000147982    0.0000004761    0.0000338924    0.0000241377    0.0000094313    0.0000148901   -0.0000200644   -0.0000287365   -0.0000084193    0.0000010554    0.0000106823    0.0000250976   -0.0000335220    0.0000057802   -0.0000015296    0.0000191574   -0.0000097408    0.0000344363   -0.0000173839    0.0000252725   -0.0000237687    0.0000032908   -0.0000253945   -0.0000060682   -0.0000180336   -0.0000127211    0.0000106838   -0.0000176228   -0.0000113276   -0.0000191861    0.0000015333    0.0000126285    0.0000607290   -0.0000048450   -0.0000054530    0.0000115709    0.0000080430   -0.0000026631   -0.0000648486    0.0000108418   -0.0000038518    0.0000034378   -0.0000304402   -0.0000136832   -0.0000140419 
   0.0000996568   -0.0000315015    0.0000739323   -0.0003645092    0.0000267028    0.0000510779   -0.0000449826   -0.0001637109   -0.0000178286    0.0000355814   -0.0000591576   -0.0013548741    0.0000000000    0.0003539474    0.0004776383   -0.0002606850   -0.0006602310    0.0002454855   -0.0000709556    0.0000241965    0.0000164336   -0.0000060895    0.0001494595    0.0000689439    0.0002857921    0.0001044416   -0.0000199711    0.0000140257   -0.0001435576    0.0000649508   -0.0000042156    0.0000571320   -0.0000014609    0.0000105162   -0.0000058945   -0.0000025661    0.0000199240    0.0000061127   -0.0000275385    0.0000601586   -0.0000454677   -0.0000253798   -0.0000084575   -0.0000265227    0.0000445534   -0.0000553408    0.0001743241   -0.0001088515   -0.0000332331   -0.0001295046   -0.0000296508    0.0000032493    0.0000488832    0.0000169583    0.0000153620   -0.0000000960   -0.0000409821    0.0000094769    0.0000269814   -0.0001016707    0.0000000379    0.0000383244    0.0000234402    0.0000643686    0.0000175493   -0.0000056671   -0.0000076461    0.0000407447    0.0000763504   -0.0000586255   -0.0000202783    0.0000448996    0.0000523876    0.0000062245   -0.0000148034    0.0000172465    0.0000196903    0.0000078783    0.0000103707   -0.0000180424   -0.0000257488    0.0000078188   -0.0000249087    0.0000147718   -0.0000210081   -0.0000030224   -0.0000020252   -0.0000037243   -0.0000466988   -0.0000009897    0.0000064593   -0.0000461079    0.0000190957   -0.0000281162   -0.0000159845   -0.0000116885    0.0000024360   -0.0000056043    0.0000184173    0.0000151018    0.0000024255    0.0000131070   -0.0000207406   -0.0000131460    0.0000155567   -0.0000057452   -0.0000143756    0.0000030723    0.0000013641    0.0000016603   -0.0000043815    0.0000340108    0.0000332354    0.0000409586   -0.0000255643   -0.0000075990   -0.0000303358   -0.0000115775    0.0000142661    0.0000031469    0.0000174839    0.0000019479   -0.0000215814   -0.0000004009    0.0000235519    0.0000104699   -0.0000197204   -0.0000586490   -0.0000016009    0.0000132680   -0.0000468620    0.0000207465   -0.0000226765   -0.0000024875   -0.0000200578    0.0000129762    0.0000011029   -0.0000189024   -0.0000092924    0.0000033640    0.0000164659   -0.0000195154    0.0000026018    0.0000749907   -0.0000050626   -0.0000060050   -0.0000094108   -0.0000230124   -0.0000060553    0.0000116503    0.0000161469   -0.0000071179 
  -0.0001520834   -0.0000125830   -0.0001531712    0.0000525809   -0.0000646700    0.0000867358   -0.0004424398    0.0000390910   -0.0002689977   -0.0000123096   -0.0003912186   -0.0003848022   -0.0003539474    0.0000000000    0.0007120108   -0.0002374374    0.0006017114   -0.0002446182    0.0000243567    0.0002498881   -0.0000998553   -0.0005171879   -0.0000309290    0.0000026424    0.0000200232   -0.0001068744    0.0000455780   -0.0000000041    0.0003468622   -0.0000664428    0.0002139913   -0.0000247654   -0.0000353007   -0.0000390035    0.0002104340   -0.0000249991   -0.0000195543   -0.0000060212    0.0000258061    0.0000575105    0.0000686566   -0.0000225442    0.0000091513    0.0000110652   -0.0000717317   -0.0000097180    0.0000442028    0.0000497307    0.0000367133   -0.0000511367   -0.0000122353   -0.0000512844    0.0000047264   -0.0000091087    0.0000521311   -0.0000720147   -0.0000062369    0.0000411379    0.0000224178    0.0001005094    0.0000194918   -0.0000138391   -0.0000048649   -0.0000412621    0.0000875222    0.0000979002    0.0000018336   -0.0000023414   -0.0000053382    0.0000511124   -0.0000114364    0.0000192772    0.0000010088   -0.0000289651   -0.0000818113   -0.0000250902   -0.0000078717   -0.0000053506    0.0000636248    0.0000584579    0.0000069048    0.0000227890    0.0000309547   -0.0000568255   -0.0000311781    0.0000409799    0.0000153443   -0.0000336102   -0.0000053677   -0.0000454251    0.0000075321   -0.0000146586   -0.0000057003    0.0000170928    0.0000087397    0.0000207421   -0.0000020610    0.0000327040   -0.0000079268    0.0000009289   -0.0000230051    0.0000356336    0.0000423440    0.0000191413    0.0000040290   -0.0000058096    0.0000267601   -0.0000217674    0.0000217571    0.0000083465   -0.0000021441   -0.0000311223   -0.0000109366    0.0000007448    0.0000043131   -0.0000078864   -0.0000075395   -0.0000077152    0.0000092447   -0.0000032394    0.0000279236   -0.0000144675   -0.0000279008   -0.0000252071    0.0000150253   -0.0000433010    0.0000096401   -0.0000024154   -0.0000166482   -0.0000114533   -0.0000236599   -0.0000218820   -0.0000476573    0.0000186782   -0.0000167305    0.0000033841   -0.0000005277   -0.0000145785    0.0000033287    0.0000032928    0.0000066638    0.0000031557    0.0000102589    0.0000097672    0.0000073910    0.0000236291   -0.0000186231    0.0000242465   -0.0000061865    0.0000274459    0.0000130556    0.0000139912 
  -0.0001022587   -0.0001073227    0.0000774014   -0.0001462109    0.0000624437   -0.0001674961    0.0000143763    0.0000007404    0.0000107543    0.0005700555   -0.0003652442   -0.0016558510   -0.0004776383   -0.0007120108    0.0000000000   -0.0008016497    0.0001908319   -0.0017102400   -0.0002822201    0.0000265080    0.0000222017   -0.0000280684   -0.0000809955    0.0002209663    0.0000481335   -0.0000073466    0.0000089801    0.0000425447    0.0000047523    0.0000388374   -0.0000132209   -0.0000120045   -0.0002121244   -0.0000099738    0.0000020455   -0.0000781805    0.0000207376    0.0001022219   -0.0000776072   -0.0000333941   -0.0001119164    0.0000096842   -0.0000109050    0.0000387426   -0.0000003463   -0.0000690637   -0.0000649140   -0.0000113732   -0.0000033448    0.0000111027   -0.0000240987    0.0000432973   -0.0000738514   -0.0000521929   -0.0000176669    0.0000073624   -0.0000485267    0.0000112600   -0.0000555084   -0.0000119979    0.0000121787   -0.0000374174   -0.0000142345    0.0000145689   -0.0000185474   -0.0000032473   -0.0000082862    0.0000122581   -0.0000300830    0.0000310885    0.0000478013   -0.0000287982    0.0000074447   -0.0000107756    0.0000123691   -0.0000174934   -0.0000635976    0.0000125521   -0.0000167217    0.0000219879    0.0000414312    0.0000023792    0.0000554665    0.0000355447   -0.0000026554   -0.0000341217    0.0000338513   -0.0000526456    0.0000229191   -0.0000222980   -0.0000425704   -0.0000149827   -0.0000190898   -0.0000037936    0.0000205892   -0.0000128130   -0.0000218651    0.0000232462    0.0000084781   -0.0000008581    0.0000248006   -0.0000584785    0.0000270673   -0.0000198579   -0.0000484452    0.0000082091    0.0000198718    0.0000050080   -0.0000047208   -0.0000274811    0.0000399847    0.0000386169   -0.0000078945   -0.0000024673    0.0000497645    0.0000397488   -0.0000010619    0.0000126028    0.0000388595   -0.0000163917   -0.0000080143    0.0000119303    0.0000167129   -0.0000341908   -0.0000104581    0.0000158051    0.0000011257   -0.0000023435    0.0000204091   -0.0000199777    0.0000031391   -0.0000015377    0.0000128711   -0.0000351471   -0.0000307107   -0.0000301352    0.0000127873    0.0000120773   -0.0000009850    0.0000054974    0.0000004089    0.0000412893   -0.0000281176    0.0000084553    0.0000204591    0.0000230110   -0.0000078886   -0.0000021881   -0.0000083877    0.0000015754    0.0000200152   -0.0000101274 
   0.0000088316   -0.0000274253    0.0000042741   -0.0000094696    0.0001491729    0.0001080871   -0.0001012444    0.0002857774   -0.0000555010   -0.0000550769    0.0006535573    0.0002659034    0.0002606850    0.0002374374    0.0008016497    0.0000000000   -0.0012645442    0.0001755736    0.0006964291    0.0000813777   -0.0004327968   -0.0000016320    0.0001624320    0.0000547910   -0.0000148431    0.0000444138    0.0000805619    0.0000603270    0.0000871694   -0.0000605871   -0.0000482680    0.0001234777    0.0001805788    0.0000281184    0.0000150378    0.0000106757   -0.0000569813    0.0000629942    0.0001512088    0.0000625966    0.0000389219   -0.0000697877    0.0000271239    0.0000030175    0.0000394857    0.0000769090   -0.0000588041   -0.0000449363    0.0000263882   -0.0000309106   -0.0000330435    0.0000542214   -0.0000161241   -0.0000406506   -0.0000561963   -0.0000015675    0.0000302623   -0.0000017918    0.0000172847   -0.0000201011   -0.0000083046    0.0000151400    0.0000137376    0.0000050155    0.0000098106   -0.0000259244   -0.0000214263   -0.0000561375    0.0000174780   -0.0000448077   -0.0000461145   -0.0000273217   -0.0000037995   -0.0000068854   -0.0000425131    0.0000357372    0.0000821494    0.0000468400   -0.0000143756   -0.0000333544    0.0000048534    0.0000009625    0.0000503025   -0.0000077100   -0.0000510375    0.0000447886    0.0000098407   -0.0000074836   -0.0000497431    0.0000095181    0.0000224641   -0.0000295479    0.0000063634    0.0000092226    0.0000084068    0.0000079202   -0.0000064526   -0.0000058993   -0.0000126388    0.0000009074   -0.0000344944    0.0000044920   -0.0000301028   -0.0000005365   -0.0000223208    0.0001017001   -0.0000656505   -0.0000257407    0.0000514513   -0.0000005733    0.0000183012   -0.0000338785    0.0000104089    0.0000256209    0.0000146615    0.0000215711    0.0000228177   -0.0000049848    0.0000060602   -0.0000251395    0.0000088860    0.0000494080    0.0000265293    0.0000643121   -0.0000377320    0.0000078548    0.0000000496   -0.0000009686    0.0000317962   -0.0000009825    0.0000280912   -0.0000180571   -0.0000106794   -0.0000143065    0.0000051805    0.0000031118   -0.0000005460   -0.0000098540   -0.0000225986    0.0000223612    0.0000282426    0.0000263346    0.0000028556   -0.0000073910    0.0000264735    0.0000063596   -0.0000272709   -0.0000115025    0.0000365656   -0.0000033127   -0.0000043994   -0.0000264007 
