  -0.2715701528   -0.0039609156    0.0001539356   -0.0001072272    0.0004976593   -0.0007641654    0.0006820968    0.0005600450    0.0000231161    0.0000081341    0.0000117796   -0.0000431687   -0.0000336859   -0.0000791360    0.0002225539   -0.0000005158    0.0001236688   -0.0000050128    0.0000692886   -0.0001183549    0.0001813579    0.0001901043   -0.0001297104   -0.0000785039   -0.0000115533   -0.0000029283   -0.0000327003    0.0000062703    0.0000519319   -0.0000167084    0.0001074697   -0.0000902563    0.0000088353    0.0001495477   -0.0000824287   -0.0000438713   -0.0000049865   -0.0000869489   -0.0000824949   -0.0000326951    0.0000231580    0.0000016137    0.0000352544    0.0000039070    0.0000114981   -0.0000233527    0.0000117223    0.0000067202   -0.0000332964   -0.0000054984   -0.0000045296   -0.0000145917    0.0000143440    0.0000993628    0.0000125602    0.0000635462    0.0000074961   -0.0000285175    0.0000499489   -0.0000215101   -0.0000468091    0.0000389785   -0.0000058091    0.0000095475    0.0000307724    0.0000026672   -0.0000177764    0.0000041932    0.0000093615    0.0000355425   -0.0000473375   -0.0000996862    0.0000074704   -0.0000018675   -0.0000118708   -0.0000089529    0.0000168474   -0.0000596346    0.0000388308   -0.0000238143   -0.0000005781    0.0000295318   -0.0000008414   -0.0000428313   -0.0000046370   -0.0000027837   -0.0000187201    0.0000097577   -0.0000077027    0.0000269167    0.0000103376   -0.0000361760   -0.0000182335   -0.0000283947    0.0000797607    0.0000142095   -0.0000367545   -0.0000019088    0.0000335088    0.0000136281   -0.0000283043    0.0000072198   -0.0000028969   -0.0000122118   -0.0000217019    0.0000112622    0.0000052783    0.0000235865    0.0000157236   -0.0000150658   -0.0000027142   -0.0000302719    0.0000123434   -0.0000146167    0.0000232667   -0.0000025156    0.0000149967    0.0000290533   -0.0000418876    0.0000072998    0.0000013442    0.0000244082   -0.0000285851   -0.0000357725   -0.0000380186    0.0000158059    0.0000030994   -0.0000150025    0.0000062630   -0.0000062131    0.0000200784    0.0000090859    0.0000025961   -0.0000233983   -0.0000169098   -0.0000088860    0.0000281985    0.0000113894   -0.0000036901   -0.0000167195   -0.0000170039    0.0000017360   -0.0000163490   -0.0000143513    0.0000000191    0.0000055548   -0.0000003667    0.0000059909    0.0000250373   -0.0000040887   -0.0000063091    0.0000010288 
  -0.0039609156   -0.2709380645    0.0055734759    0.0008250223   -0.0016162353   -0.0000200953    0.0001712371   -0.0007045727    0.0006175724   -0.0000839722    0.0001991372    0.0000334037   -0.0000157574   -0.0000162785   -0.0000101560   -0.0000532880   -0.0001420582   -0.0000041703   -0.0000270005    0.0000147549   -0.0000162866   -0.0000036826   -0.0000422705   -0.0000178969    0.0000129931   -0.0000587342   -0.0002930244    0.0001884138    0.0000542427   -0.0000029185   -0.0000390932   -0.0000413187    0.0000403581   -0.0000072670    0.0000797534    0.0000393776    0.0000020844   -0.0000225090   -0.0000206428    0.0000283955   -0.0000067580    0.0000549263    0.0000023534    0.0001036625    0.0000018527   -0.0000005983   -0.0000002724    0.0000091028   -0.0000226413   -0.0000049756   -0.0000722484    0.0000010124    0.0000189083    0.0000009211   -0.0000461572   -0.0000009635    0.0000178344    0.0000447401    0.0000330626   -0.0000072670   -0.0000726233   -0.0000277612    0.0000196954    0.0000071301   -0.0000428857    0.0000048691    0.0000667309    0.0000227838    0.0000264014    0.0000173758    0.0000253210   -0.0000041705    0.0000107271   -0.0000026576   -0.0000119935    0.0000265543   -0.0000210640    0.0000295700    0.0000069613    0.0000488097    0.0000025372    0.0000240032   -0.0000226993   -0.0000119332    0.0000063022    0.0000406683    0.0000038552   -0.0000029935   -0.0000215123   -0.0000171899   -0.0000008144    0.0000113585    0.0000098775   -0.0000210390    0.0000048728    0.0000153480    0.0000176874    0.0000190994   -0.0000367986   -0.0000324915   -0.0000016877    0.0000006713    0.0000144697    0.0000102788   -0.0000323931    0.0000032752   -0.0000118465   -0.0000006088    0.0000049527    0.0000241502    0.0000188517    0.0000133393    0.0000077835   -0.0000293392    0.0000083517    0.0000006996   -0.0000315103   -0.0000082069    0.0000057056    0.0000416274    0.0000133826    0.0000095467   -0.0000167173    0.0000064554    0.0000202342   -0.0000068889    0.0000333111   -0.0000011859    0.0000726637    0.0000045728   -0.0000052728    0.0000005518   -0.0000455001   -0.0000138839    0.0000098723   -0.0000176750   -0.0000279824    0.0000119957   -0.0000127844    0.0000350118    0.0000114195   -0.0000091491   -0.0000182210   -0.0000142499   -0.0000155604    0.0000154457   -0.0000083421   -0.0000000833    0.0000149687   -0.0000036067   -0.0000157949    0.0000158970 
   0.0001539356    0.0055734759   -0.2705411718   -0.0017893981    0.0011927361   -0.0008474394   -0.0004612261    0.0001842832   -0.0001037139   -0.0000616661    0.0000613515    0.0001061100    0.0000010315   -0.0000591179   -0.0000652447   -0.0001288064    0.0000269115   -0.0000542332    0.0000265051    0.0000550615   -0.0001849446   -0.0000405661    0.0000614581   -0.0000279714   -0.0000142845   -0.0000418575   -0.0001442043    0.0001827250   -0.0000196080   -0.0000126947   -0.0001116518   -0.0000803781    0.0000139603   -0.0000650015   -0.0000243222    0.0000995025    0.0000430254   -0.0001432856   -0.0000022563   -0.0000532615    0.0000263243    0.0000890436    0.0000053026   -0.0000065195   -0.0000554231   -0.0000604923    0.0000417796    0.0000287409    0.0000115481    0.0000466628   -0.0000463571    0.0000097136   -0.0000533225   -0.0000197072   -0.0000155589   -0.0000019629   -0.0000180454   -0.0000189575   -0.0000017352   -0.0000233204   -0.0000191185    0.0000281992   -0.0000404684    0.0000117965    0.0000083472    0.0000236203    0.0000077842    0.0000259663   -0.0000060751   -0.0000054313   -0.0000162336    0.0000111902   -0.0000123382    0.0000044245    0.0000080283    0.0000108829   -0.0000276774    0.0000649353    0.0000501709    0.0000015923   -0.0000071052    0.0000284587    0.0000185555    0.0000038077   -0.0000158676    0.0000247044    0.0000053055   -0.0000116084    0.0000301977   -0.0000066445    0.0000031341   -0.0000119906    0.0000260641    0.0000532027    0.0000033955   -0.0000585159    0.0000342349    0.0000231719    0.0000429379   -0.0000366714   -0.0000089433   -0.0000539179    0.0000066098    0.0000144410    0.0000001156    0.0000477557   -0.0000029963   -0.0000177698    0.0000142007    0.0000099613   -0.0000032639    0.0000224266    0.0000083399    0.0000196241    0.0000030050    0.0000218460   -0.0000126822   -0.0000492823   -0.0000118517   -0.0000202261    0.0000457610   -0.0000083546   -0.0000294502    0.0000119987   -0.0000103538   -0.0000041372   -0.0000410755    0.0000203349    0.0000022776   -0.0000132577    0.0000094534    0.0000047941    0.0000061860    0.0000099635   -0.0000041511   -0.0000077673    0.0000022425    0.0000176110    0.0000073059   -0.0000032027    0.0000010513   -0.0000077651   -0.0000257914    0.0000464717    0.0000158397    0.0000041932    0.0000236761    0.0000064516    0.0000013232    0.0000029937    0.0000035154    0.0000017811 
  -0.0001072272    0.0008250223   -0.0017893981   -0.2700340311   -0.0001694438    0.0022331094   -0.0009738571    0.0001466445    0.0001192075   -0.0002497484   -0.0000896243   -0.0001087045   -0.0001756103   -0.0001101671    0.0001809169    0.0000339292    0.0001022513   -0.0000334897    0.0000531300    0.0002318956    0.0000111431   -0.0001071169    0.0000144506    0.0001924048   -0.0000081209    0.0000054924    0.0000697936   -0.0000308716   -0.0001024571   -0.0000171230   -0.0000972387   -0.0000412790    0.0000043609    0.0000044231    0.0001161646   -0.0000410475    0.0000161543    0.0000123860   -0.0000379407    0.0000001598   -0.0000164269    0.0000181924   -0.0000368368    0.0000073565   -0.0000523171   -0.0000219673    0.0000196190    0.0000067839    0.0001026776    0.0000043073   -0.0000161984   -0.0000248565   -0.0000077850    0.0000021875    0.0001205598   -0.0000504304   -0.0000271372   -0.0000666949    0.0000568946    0.0000377386    0.0000324416    0.0000218431   -0.0000095460    0.0000070524    0.0000601991   -0.0000435891    0.0000654006    0.0000308672    0.0000198821   -0.0000424513    0.0000154384    0.0000578478   -0.0000189891   -0.0000287799    0.0000021883   -0.0000308834    0.0000120295   -0.0000044431   -0.0000093902   -0.0000183262    0.0000062771    0.0000063141   -0.0000247823   -0.0000403963    0.0000196440    0.0000188105   -0.0000096379    0.0000352426    0.0000013561    0.0000491691    0.0000101921   -0.0000156692   -0.0000205333   -0.0000220863   -0.0000085766    0.0000054817    0.0000098562   -0.0000118546   -0.0000317352   -0.0000235578   -0.0000068767    0.0000015718   -0.0000195675    0.0000285483    0.0000195484    0.0000373748   -0.0000092696    0.0000246367   -0.0000115165   -0.0000089654    0.0000148151   -0.0000053708   -0.0000357255    0.0000015089   -0.0000187377    0.0000132988    0.0000160506    0.0000197050   -0.0000181343    0.0000020819    0.0000330906    0.0000031008   -0.0000174618   -0.0000062608    0.0000185430    0.0000282367   -0.0000333427   -0.0000099451   -0.0000052831    0.0000028200   -0.0000315831   -0.0000118208   -0.0000086596    0.0000060878    0.0000049787    0.0000076203   -0.0000251777    0.0000134164    0.0000182012    0.0000145116   -0.0000365112    0.0000077269   -0.0000008521   -0.0000011526    0.0000013752   -0.0000072892   -0.0000054940    0.0000207274   -0.0000131474    0.0000097070   -0.0000017432    0.0000059831 
   0.0004976593   -0.0016162353    0.0011927361   -0.0001694438   -0.2694754414   -0.0006998174   -0.0001263074    0.0004739340    0.0000588055    0.0000088595   -0.0001658497    0.0002249867   -0.0000424124   -0.0001674446    0.0000595655   -0.0001644900    0.0000314148   -0.0000397944   -0.0001080357   -0.0000233593   -0.0000888819   -0.0001970131   -0.0000119310   -0.0000273025   -0.0000525501   -0.0001357079   -0.0000482114   -0.0000125470   -0.0000343452   -0.0000152620    0.0001463652    0.0001255798    0.0000612200    0.0000479027    0.0000157045   -0.0000485172   -0.0000079276    0.0000424249   -0.0001123059   -0.0000112188   -0.0000006742    0.0001028761    0.0000201621    0.0000636814   -0.0000157493    0.0000432150   -0.0000403515   -0.0000074660    0.0000414532    0.0000123007    0.0000256187   -0.0000545103    0.0000181703    0.0000248315    0.0001058748    0.0000198454    0.0000738808    0.0000374277    0.0000053228   -0.0000044222    0.0000237077   -0.0000121714   -0.0000302116   -0.0000231859   -0.0000501658   -0.0000099289   -0.0000190773   -0.0000010529    0.0000336006    0.0000714745    0.0000118789    0.0000406095   -0.0000423418    0.0000090374   -0.0000015691    0.0000164189   -0.0000796799   -0.0000348597   -0.0000010347    0.0000072904   -0.0000218460    0.0000208714    0.0000321042    0.0000225229    0.0000638167   -0.0000272335   -0.0000192280    0.0000189391   -0.0000100318   -0.0000131423    0.0000225163    0.0000224494    0.0000485267    0.0000055096    0.0000157030    0.0000116789    0.0000154987    0.0000025095   -0.0000119656    0.0000182563    0.0000275510    0.0000090918    0.0000163579   -0.0000000985    0.0000317058   -0.0000421478    0.0000023134   -0.0000015317    0.0000303057    0.0000031724   -0.0000214653    0.0000039525    0.0000126425   -0.0000073859   -0.0000000804   -0.0000282411   -0.0000271416   -0.0000043965    0.0000098393    0.0000011247    0.0000285182    0.0000306291   -0.0000199100   -0.0000112137    0.0000046436    0.0000239679    0.0000022827   -0.0000219930   -0.0000081414   -0.0000120993    0.0000156420    0.0000081003   -0.0000190802    0.0000346737    0.0000291746    0.0000449047    0.0000007750    0.0000019895   -0.0000477065   -0.0000171965    0.0000085589    0.0000212191   -0.0000004182    0.0000067448    0.0000207523   -0.0000020061    0.0000175669    0.0000101480    0.0000216329   -0.0000236974   -0.0000001250    0.0000174317 
  -0.0007641654   -0.0000200953   -0.0008474394    0.0022331094   -0.0006998174   -0.2683288625    0.0014196999   -0.0003609078    0.0022377398    0.0000486502    0.0001390594   -0.0000435707    0.0000407102   -0.0001670918   -0.0000741013    0.0001136804    0.0000362429   -0.0000341129   -0.0000222598   -0.0000303799    0.0000142808    0.0003011313    0.0000004617    0.0000620902    0.0001862015    0.0000394497    0.0001726924   -0.0000233799   -0.0000012071    0.0000313435    0.0000689101   -0.0000857509   -0.0000222892   -0.0000062875   -0.0001168849    0.0000449738    0.0000192295    0.0000175846   -0.0000381113   -0.0000415422   -0.0000502429   -0.0000236298    0.0000072371    0.0001047797   -0.0000315758    0.0000030930   -0.0000369977   -0.0000017903    0.0000203702   -0.0000008516    0.0000885438    0.0000639747   -0.0000369331   -0.0000143095   -0.0000126859    0.0000294458   -0.0000015943    0.0000324746    0.0000189457   -0.0000140272    0.0000167937   -0.0000491030    0.0000234475   -0.0000202548    0.0000760417    0.0000172229   -0.0000311877   -0.0000196087    0.0000354844    0.0000371073   -0.0000074748   -0.0000146814    0.0000604431    0.0000777910   -0.0000088919    0.0000190251   -0.0000142058   -0.0000146490   -0.0000097040   -0.0000040603   -0.0000095100   -0.0000437839    0.0000054679   -0.0000710379   -0.0000042358    0.0000099010    0.0000508287    0.0000085655   -0.0000134348    0.0000321909    0.0000159066    0.0000087699    0.0000282962    0.0000044700    0.0000068596   -0.0000178095    0.0000051033   -0.0000125639    0.0000408307   -0.0000050200    0.0000114511    0.0000249205   -0.0000321439    0.0000062392    0.0000171531    0.0000106617   -0.0000189024    0.0000214734    0.0000128520   -0.0000018419   -0.0000044960    0.0000094953   -0.0000053005    0.0000064705    0.0000095526   -0.0000087632   -0.0000177830    0.0000044639   -0.0000085317    0.0000068752    0.0000118105    0.0000109689    0.0000166893    0.0000156096    0.0000269159   -0.0000130850    0.0000103640    0.0000216858    0.0000192978    0.0000293620    0.0000224274    0.0000041958    0.0000092131    0.0000159661   -0.0000049826   -0.0000738588   -0.0000092072    0.0000083803   -0.0000015935    0.0000184709    0.0000041296    0.0000110130    0.0000200989    0.0000030413   -0.0000062424    0.0000370213   -0.0000157949   -0.0000288475   -0.0000089911    0.0000064956   -0.0000001406    0.0000013927 
   0.0006820968    0.0001712371   -0.0004612261   -0.0009738571   -0.0001263074    0.0014196999   -0.2679319698   -0.0011987629    0.0027896412    0.0004535675    0.0002971918   -0.0005619119   -0.0000523413    0.0003007491   -0.0000559729   -0.0001225149    0.0000275076   -0.0002022242    0.0000002998   -0.0000266837   -0.0000449025    0.0001909274   -0.0001066539    0.0000066638    0.0002795889    0.0001604916   -0.0000267373   -0.0001729864    0.0000013000    0.0000029787   -0.0000000563   -0.0000186047    0.0000216321   -0.0000317595   -0.0000521899   -0.0000035910   -0.0000292951    0.0000048483   -0.0000058828    0.0000438552    0.0000978708   -0.0000365568   -0.0000265896    0.0000171009    0.0000642966    0.0000061694    0.0000937549    0.0000592980    0.0000054473   -0.0000888378   -0.0000027206    0.0000451083   -0.0000403941   -0.0000200181    0.0000167834   -0.0000390814   -0.0000076174   -0.0000657490   -0.0000631045   -0.0000208376    0.0000283734   -0.0000023057    0.0000156530   -0.0000146858   -0.0000203003   -0.0000499122   -0.0000423433    0.0000561809   -0.0000739470    0.0000028297   -0.0000033216   -0.0000076703   -0.0000205047    0.0000252549   -0.0000486157   -0.0000061871   -0.0000120523    0.0000053070   -0.0000496998   -0.0000156258   -0.0000489516   -0.0000144410   -0.0000268108    0.0000290944    0.0000247176   -0.0000151723    0.0000070060   -0.0000170149   -0.0000248109    0.0000085648   -0.0000036399   -0.0000169797    0.0000070240    0.0000269990   -0.0000153833   -0.0000193816    0.0000389168   -0.0000264970   -0.0000123779   -0.0000088176   -0.0000317838   -0.0000459381    0.0000152480   -0.0000163681    0.0000086883   -0.0000231719    0.0000342790   -0.0000109726    0.0000003629    0.0000088132   -0.0000113070    0.0000247492    0.0000048430    0.0000021193   -0.0000108962    0.0000558259    0.0000248080    0.0000247147    0.0000030524    0.0000183379   -0.0000365097    0.0000170223    0.0000110513   -0.0000105213    0.0000111527   -0.0000312296   -0.0000021091    0.0000171208   -0.0000005779    0.0000335698    0.0000016001   -0.0000317793   -0.0000209545    0.0000256775    0.0000037017    0.0000073704   -0.0000363267   -0.0000048045   -0.0000404955   -0.0000006126   -0.0000040048    0.0000060356    0.0000004186    0.0000020626    0.0000092579    0.0000244383   -0.0000285381   -0.0000032510    0.0000274723   -0.0000005361    0.0000059986   -0.0000306504 
   0.0005600450   -0.0007045727    0.0001842832    0.0001466445    0.0004739340   -0.0003609078   -0.0011987629   -0.2674836280    0.0007269310   -0.0000413386    0.0003375499    0.0004721774    0.0000264720    0.0001827544   -0.0000206619   -0.0000342202   -0.0000578684    0.0004402789    0.0001370382    0.0000860743    0.0000626142   -0.0001233675   -0.0000210765    0.0000309848   -0.0002341593   -0.0002755391    0.0000325305   -0.0000757698    0.0000284859    0.0000267513   -0.0001232719   -0.0000520701   -0.0000692710    0.0000360415   -0.0000431915    0.0000115775   -0.0000169694    0.0000567535   -0.0001604696   -0.0000326643    0.0000347987    0.0000097320   -0.0000168657   -0.0000341673   -0.0000504245    0.0000015551    0.0000178624    0.0000456155   -0.0000038050   -0.0000294039   -0.0000029856    0.0000737338   -0.0000193434    0.0001277112    0.0000851261    0.0000411806    0.0000298368    0.0000249352   -0.0000022106   -0.0000282830   -0.0000077725   -0.0000098672   -0.0000459109    0.0000306805    0.0000038493   -0.0000529242    0.0000015262    0.0000047649    0.0000094637   -0.0000028983   -0.0000077299    0.0000142154    0.0000969153   -0.0000332589   -0.0000119127    0.0000011683    0.0000167989   -0.0000047644    0.0000105823    0.0000090749   -0.0000186282    0.0000037981    0.0000467665    0.0000023644   -0.0000031731    0.0000221569   -0.0000034683    0.0000149651   -0.0000117311    0.0000073675   -0.0000641812   -0.0000100193    0.0000041458    0.0000364164    0.0000276884   -0.0000005491    0.0000134282    0.0000314427    0.0000040395   -0.0000134752   -0.0000027416   -0.0000114709   -0.0000236688    0.0000272210   -0.0000119465    0.0000150613   -0.0000128711   -0.0000062460    0.0000124984   -0.0000206818    0.0000197601   -0.0000058834   -0.0000124139    0.0000488215   -0.0000266896   -0.0000004035    0.0000757624    0.0000210640    0.0000356630   -0.0000025060    0.0000124213    0.0000010207   -0.0000013939    0.0000034984   -0.0000069163   -0.0000320866    0.0000022187    0.0000076711   -0.0000191817   -0.0000213396    0.0000097378   -0.0000069866   -0.0000060834   -0.0000100899    0.0000296178   -0.0000359048    0.0000299536    0.0000218298   -0.0000162167    0.0000040809    0.0000006419   -0.0000060153   -0.0000036097    0.0000208751    0.0000056485    0.0000049490   -0.0000006080   -0.0000303733    0.0000072640   -0.0000075299   -0.0000047922    0.0000082326 
   0.0000231161    0.0006175724   -0.0001037139    0.0001192075    0.0000588055    0.0022377398    0.0027896412    0.0007269310   -0.2666677931    0.0002662709    0.0004778809    0.0002445300    0.0000246904   -0.0001593304    0.0001236394    0.0000959819    0.0000771589   -0.0000949897   -0.0001326651    0.0000989659    0.0000293980    0.0000551453    0.0003676917   -0.0000621600    0.0000645112   -0.0000071934   -0.0000116069   -0.0000007076   -0.0000283455   -0.0000200093   -0.0000123338   -0.0001385817   -0.0000001629   -0.0001771097   -0.0000655990   -0.0001902365    0.0000643098   -0.0000391454   -0.0000843103   -0.0000046040   -0.0000188421    0.0000862874   -0.0000048533   -0.0000474537    0.0000072297   -0.0000619307    0.0000150062   -0.0000636542   -0.0000163652    0.0000118274   -0.0000474213   -0.0000706021    0.0000254923   -0.0000414731   -0.0000314317   -0.0000008708    0.0000187958   -0.0000015553    0.0000364465    0.0000231094    0.0000501268   -0.0000000310    0.0000059158    0.0000373425    0.0000002685    0.0000250689    0.0000372675    0.0000717215    0.0000210397   -0.0000091954    0.0000191089    0.0000738735   -0.0000255312   -0.0000235916   -0.0000434061   -0.0000568821    0.0000310304   -0.0000242920   -0.0000043582   -0.0000111233   -0.0000060314    0.0000052340    0.0000194580    0.0000317029    0.0000307224    0.0000074675    0.0000069600    0.0000130041    0.0000011418    0.0000376710    0.0000083421    0.0000258333   -0.0000151393   -0.0000131430   -0.0000063510    0.0000371492    0.0000272158   -0.0000076806    0.0000059393    0.0000123544    0.0000472192   -0.0000425204    0.0000031485    0.0000286145    0.0000048709    0.0000135759   -0.0000264448   -0.0000071519   -0.0000202276   -0.0000050674    0.0000029561    0.0000160190    0.0000305115   -0.0000076916    0.0000274356   -0.0000097356   -0.0000083193    0.0000440521    0.0000036276   -0.0000036154   -0.0000214013    0.0000266065   -0.0000044182   -0.0000262324    0.0000356094   -0.0000315662    0.0000075402    0.0000313972   -0.0000013536   -0.0000264235   -0.0000176059    0.0000071379   -0.0000350978    0.0000120648   -0.0000144079    0.0000162307   -0.0000098885    0.0000248065    0.0000045539   -0.0000000819    0.0000119237    0.0000362297   -0.0000067050    0.0000026312    0.0000109822   -0.0000090264    0.0000020129   -0.0000395967    0.0000048716    0.0000015589   -0.0000042001   -0.0000099436 
   0.0000081341   -0.0000839722   -0.0000616661   -0.0002497484    0.0000088595    0.0000486502    0.0004535675   -0.0000413386    0.0002662709   -0.2657196605    0.0006841622    0.0004155026    0.0000830094    0.0001268881   -0.0001795719    0.0000345098    0.0006325000   -0.0002905769    0.0001681649   -0.0000004804    0.0000698487    0.0000306284    0.0000313178    0.0000239694    0.0003701539   -0.0001003330    0.0000444358    0.0000216431    0.0001456743   -0.0000484826    0.0000470737   -0.0000582572   -0.0000492889   -0.0000198351   -0.0000440264   -0.0000406617   -0.0000439897   -0.0000255276   -0.0000321998    0.0000153083    0.0000584660    0.0000615412   -0.0000132922   -0.0000077482    0.0000270960   -0.0000093035   -0.0000842074    0.0000150496    0.0001928164   -0.0000741307    0.0000405624   -0.0000733906   -0.0000194455    0.0000963126   -0.0000183754    0.0000718376   -0.0000678143   -0.0000565726    0.0000484760   -0.0000433436    0.0000031482    0.0000366339   -0.0000264625   -0.0000283852    0.0000032097   -0.0000010037   -0.0000279368    0.0000260325   -0.0000351088    0.0000019404   -0.0000234372   -0.0000070055    0.0000005995   -0.0000030972    0.0000488244   -0.0000087963    0.0000498982   -0.0000529874   -0.0000064803   -0.0000067145    0.0000034239    0.0000138530    0.0000136619    0.0000316662   -0.0000542060    0.0000031132   -0.0000111880    0.0000333147   -0.0000113923    0.0000181755    0.0000161976   -0.0000082341   -0.0000399421    0.0000183034    0.0000092924    0.0000141441   -0.0000124889   -0.0000083921    0.0000042061    0.0000137465    0.0000128792    0.0000167702   -0.0000071827   -0.0000079018    0.0000009326    0.0000324504   -0.0000198630   -0.0000330060    0.0000085582    0.0000118994    0.0000368765   -0.0000685051   -0.0000181777    0.0000227023   -0.0000004578   -0.0000240466    0.0000002782    0.0000451657    0.0000152745    0.0000229735    0.0000360364   -0.0000071194   -0.0000050370    0.0000122405    0.0000219122   -0.0000067345   -0.0000389675    0.0000651022   -0.0000319425   -0.0000058013    0.0000036730   -0.0000005777   -0.0000185150    0.0000049589   -0.0000037355   -0.0000179359    0.0000051276    0.0000027605   -0.0000193000   -0.0000248323   -0.0000014784   -0.0000003775   -0.0000023597   -0.0000352632    0.0000090153    0.0000029792    0.0000042225    0.0000124771   -0.0000123184   -0.0000000319   -0.0000038701   -0.0000046712 
   0.0000117796    0.0001991372    0.0000613515   -0.0000896243   -0.0001658497    0.0001390594    0.0002971918    0.0003375499    0.0004778809    0.0006841622   -0.2651022719   -0.0002934874   -0.0000872796   -0.0003644357    0.0007243145   -0.0006525651    0.0000204165    0.0001260796    0.0004155614   -0.0003012930   -0.0001724058   -0.0003836409   -0.0001140111   -0.0000877868   -0.0000411284    0.0000346068   -0.0000000983    0.0000411592   -0.0001216182   -0.0000203643   -0.0002097578   -0.0000934903   -0.0000070935   -0.0001070287   -0.0000827374   -0.0001350391   -0.0001129895    0.0000484077   -0.0000817966   -0.0000249080   -0.0000186723   -0.0000015077   -0.0000200556   -0.0000952836    0.0000042162   -0.0000903445    0.0000261111    0.0000539723   -0.0000656578   -0.0000695584   -0.0000609884   -0.0000205532    0.0001457111    0.0000889113    0.0000544169   -0.0000336822   -0.0000365626    0.0000136024    0.0001022734   -0.0000346870   -0.0000954233   -0.0000397282    0.0000398818   -0.0000350691   -0.0000422838    0.0000029399    0.0000261008    0.0000322740    0.0000039972    0.0000167893    0.0000232219    0.0000525089    0.0000666919   -0.0000005766   -0.0000194977   -0.0000013407   -0.0000288490   -0.0000176867   -0.0000262420    0.0000363914   -0.0000096695    0.0000097643    0.0000025779    0.0000553790   -0.0000285189    0.0000107279    0.0000147997   -0.0000155141   -0.0000186995    0.0000030275   -0.0000552284   -0.0000025285   -0.0000018009   -0.0000061951   -0.0000312384    0.0000816643    0.0000323644   -0.0000056847   -0.0000487913    0.0000286593   -0.0000119149   -0.0000005853    0.0000063337   -0.0000126359   -0.0000018792   -0.0000186856    0.0000036280    0.0000216395    0.0000121728    0.0000179212    0.0000083105   -0.0000287784   -0.0000544632   -0.0000083178    0.0000151738   -0.0000221253   -0.0000087522   -0.0000028355    0.0000405661    0.0000108947   -0.0000450032   -0.0000319741   -0.0000008067    0.0000185628   -0.0000002289    0.0000024449    0.0000213455    0.0000213815    0.0000045410   -0.0000366097   -0.0000003334   -0.0000140324   -0.0000000069   -0.0000253320   -0.0000081172   -0.0000143513    0.0000109925    0.0000085031    0.0000182063   -0.0000047576    0.0000199821   -0.0000351448    0.0000345671   -0.0000334757   -0.0000273084   -0.0000163851    0.0000135348    0.0000053585   -0.0000042239   -0.0000084648    0.0000005407   -0.0000173310 
  -0.0000431687    0.0000334037    0.0001061100   -0.0001087045    0.0002249867   -0.0000435707   -0.0005619119    0.0004721774    0.0002445300    0.0004155026   -0.0002934874   -0.2644701835   -0.0041853805    0.0012549159   -0.0000701111   -0.0000258318   -0.0006766579    0.0005938029   -0.0000451083    0.0000234034   -0.0000309260   -0.0003026013   -0.0001109977   -0.0000945193   -0.0001031113   -0.0000297647   -0.0003637669   -0.0001666655   -0.0000415392    0.0001967265    0.0000125536   -0.0000252931   -0.0000360952    0.0000078144    0.0001487686    0.0000376093    0.0000082002   -0.0000248572   -0.0000122000    0.0000001751   -0.0000374255   -0.0000435524    0.0000183585   -0.0001752869    0.0000990909    0.0000065532   -0.0000180116   -0.0000793565    0.0001868556    0.0001773890   -0.0000252872    0.0000198498   -0.0000024046    0.0000105823    0.0000026041   -0.0000717655   -0.0000118708   -0.0000083517    0.0000121559    0.0000409998    0.0000050543   -0.0000233182    0.0000125624    0.0000608716    0.0000008142    0.0000168995   -0.0000031806    0.0000272239    0.0000070401   -0.0000524200    0.0000075865   -0.0000562853    0.0000018082    0.0000556510    0.0000766223   -0.0000410380   -0.0000427490    0.0000011037    0.0000260420   -0.0000344973   -0.0000117723   -0.0000162983    0.0000002308   -0.0000393078    0.0000287152   -0.0000114423   -0.0000144910    0.0001034052    0.0000192655   -0.0000341644   -0.0000265146    0.0000078225    0.0000123794   -0.0000016136    0.0000169172   -0.0000271467    0.0000075968    0.0000011356   -0.0000148923    0.0000264867    0.0000217365    0.0000263199   -0.0000023489    0.0000847954    0.0000050692   -0.0000161410    0.0000073719   -0.0000143984    0.0000352036    0.0000580845   -0.0000290577    0.0000319043   -0.0000264103   -0.0000181880    0.0000062164   -0.0000018109    0.0000003167   -0.0000207362   -0.0000567829    0.0000192177   -0.0000033044   -0.0000117407   -0.0000032960   -0.0000138310    0.0000200379   -0.0000023603    0.0000397282    0.0000098628    0.0000129630    0.0000511176   -0.0000156831   -0.0000032866    0.0000403022   -0.0000191163    0.0000317389    0.0000039372   -0.0000003186   -0.0000049450    0.0000067524    0.0000031591   -0.0000044578    0.0000120383   -0.0000206392    0.0000153333    0.0000077497    0.0000146542   -0.0000047138   -0.0000157081    0.0000022708   -0.0000003641   -0.0000008882   -0.0000010051 
  -0.0000336859   -0.0000157574    0.0000010315   -0.0001756103   -0.0000424124    0.0000407102   -0.0000523413    0.0000264720    0.0000246904    0.0000830094   -0.0000872796   -0.0041853805   -0.2634779518   -0.0004215221    0.0009706231   -0.0005032085    0.0001814020   -0.0000303689    0.0002249500   -0.0000065462    0.0000199365   -0.0000680024   -0.0000003627    0.0000416296   -0.0002167549   -0.0000432076   -0.0000259693   -0.0000003182    0.0002474332    0.0000523612   -0.0000018503   -0.0000042088   -0.0000919836   -0.0000001348    0.0000252585   -0.0000906018    0.0000025707    0.0000189333    0.0000662407    0.0000583939   -0.0000353404   -0.0000319940   -0.0000594354    0.0000204157   -0.0000164122    0.0001295487    0.0001246317    0.0000395923    0.0000497049    0.0000416826    0.0000010969    0.0000149989    0.0001325769    0.0000023817   -0.0000080099   -0.0000063379   -0.0000073344    0.0000231278   -0.0000892421    0.0000135995    0.0000214785   -0.0000340879   -0.0000034463    0.0000284594    0.0000216240   -0.0000070030    0.0000398399   -0.0000308209   -0.0000127138   -0.0000017346    0.0000007873    0.0000191119    0.0000137832   -0.0000378540    0.0000099032   -0.0000054782    0.0000128667   -0.0000022405   -0.0000063875   -0.0000013041   -0.0000450120    0.0000370080    0.0000750054   -0.0000504803   -0.0000119619    0.0000282926    0.0000130879   -0.0000149739   -0.0000575068   -0.0000027328   -0.0000004650   -0.0000022582   -0.0000025339    0.0000019480   -0.0000265124   -0.0000046026    0.0000378562    0.0000311811    0.0000027655    0.0000223847    0.0000000402   -0.0000293892   -0.0000175441   -0.0000032767    0.0000334000    0.0000128365    0.0000175360    0.0000136399    0.0000175103   -0.0000150577   -0.0000105250    0.0000090117    0.0000090653    0.0000123073   -0.0000367045    0.0000016774   -0.0000326959    0.0000055604    0.0000396290    0.0000004341   -0.0000104170    0.0000390293    0.0000046668    0.0000078100    0.0000017495    0.0000061726    0.0000744100    0.0000116848   -0.0000049209    0.0000013422    0.0000097819    0.0000556561   -0.0000381678   -0.0000034132    0.0000035000   -0.0000316522    0.0000404132    0.0000076012   -0.0000126822   -0.0000148717   -0.0000396378    0.0000016874   -0.0000580926   -0.0000187414    0.0000089235   -0.0000016439    0.0000097628   -0.0000018968    0.0000257297    0.0000177793   -0.0000293936   -0.0000161800 
  -0.0000791360   -0.0000162785   -0.0000591179   -0.0001101671   -0.0001674446   -0.0001670918    0.0003007491    0.0001827544   -0.0001593304    0.0001268881   -0.0003644357    0.0012549159   -0.0004215221   -0.2631913070   -0.0018076257    0.0018618677    0.0003165072   -0.0003025866    0.0000161388   -0.0002163359    0.0001296590   -0.0000081084   -0.0002187687   -0.0000344473   -0.0000033946    0.0000360871    0.0000479108   -0.0000066883   -0.0001594406   -0.0002516153   -0.0001314964   -0.0000884556    0.0000176911    0.0000329597    0.0000317779   -0.0000064572    0.0000192383   -0.0000128483   -0.0000638431    0.0001660702    0.0002318809    0.0000054174   -0.0000514270    0.0000107911   -0.0000028343    0.0000116245    0.0000178117    0.0000012636    0.0000115106   -0.0000412768    0.0001996223    0.0000414363   -0.0000222400   -0.0000069242   -0.0000087500    0.0000848468    0.0000195808    0.0000092197   -0.0000301866    0.0000349699    0.0000227993   -0.0000554128   -0.0000206127   -0.0000365406    0.0000303689    0.0001073595    0.0000411218   -0.0000711673    0.0000293855    0.0000350515    0.0000073285   -0.0000152407   -0.0000089683   -0.0000451951   -0.0000332074   -0.0000364818   -0.0000149437   -0.0000106742    0.0000203782    0.0000260340   -0.0000363892    0.0000502856    0.0000196322    0.0000099106    0.0000050368   -0.0000074373    0.0000000909   -0.0000114724    0.0000108881   -0.0000048358    0.0000094490    0.0000342166   -0.0000187532   -0.0000061479   -0.0000231741    0.0000086449    0.0000306901    0.0000376975    0.0000253916   -0.0000092344   -0.0000094350    0.0000069815    0.0000152818    0.0000333559   -0.0000075674   -0.0000029076    0.0000050289   -0.0000309745    0.0000113519   -0.0000200431   -0.0000323519   -0.0000080687    0.0000157228    0.0000002482   -0.0000158015    0.0000055677    0.0000081459   -0.0000129211    0.0000189413   -0.0000127050   -0.0000054968   -0.0000065381    0.0000417656    0.0000072941    0.0000096335   -0.0000096754   -0.0000023126   -0.0000218923    0.0000314310    0.0000115775   -0.0000163299   -0.0000034871   -0.0000288967    0.0000047249    0.0000145028   -0.0000064671   -0.0000051035   -0.0000153061    0.0000193029   -0.0000327201   -0.0000107007    0.0000100568    0.0000153237    0.0000157162    0.0000201967   -0.0000399818   -0.0000018498    0.0000159448   -0.0000036250   -0.0000341578   -0.0000069482   -0.0000093593 
   0.0002225539   -0.0000101560   -0.0000652447    0.0001809169    0.0000595655   -0.0000741013   -0.0000559729   -0.0000206619    0.0001236394   -0.0001795719    0.0007243145   -0.0000701111    0.0009706231   -0.0018076257   -0.2625371691    0.0000019147    0.0031649253    0.0062997161   -0.0000642143   -0.0000141661    0.0000163064    0.0000694092   -0.0000298625   -0.0000449393    0.0001174214    0.0000086581    0.0000495910    0.0001502900    0.0000107720    0.0000158360    0.0000156662    0.0000038271   -0.0000788493    0.0000636770   -0.0000020882   -0.0000340762   -0.0000677055    0.0000147673   -0.0000863683    0.0000059173    0.0000790772   -0.0000352073    0.0000000871   -0.0000201386   -0.0000329935   -0.0000214454    0.0000584902    0.0001551556   -0.0000372293    0.0000959598   -0.0000401927    0.0000055547   -0.0000217034   -0.0000689792    0.0000097650   -0.0000113857    0.0000665200   -0.0000451634    0.0000031572    0.0001160103   -0.0000502606    0.0000275782   -0.0000202224   -0.0000148335    0.0000308702   -0.0000110344   -0.0000038379   -0.0000221400    0.0001533108   -0.0000174074   -0.0000019970   -0.0000316169    0.0000139508    0.0000083193    0.0000361790    0.0000151275   -0.0000120295    0.0000348347    0.0000439742   -0.0000049098    0.0000003450    0.0000304395    0.0000399355   -0.0000086383   -0.0000079864    0.0000122713   -0.0000167040    0.0000757110   -0.0000073019   -0.0000617220   -0.0000318565    0.0000295075   -0.0000661084    0.0000021681    0.0000153208    0.0000106389   -0.0000199343    0.0000059245    0.0000091763   -0.0000109792   -0.0000056034    0.0000031860   -0.0000047866    0.0000151635    0.0000151290   -0.0000141874    0.0000345818    0.0000285160   -0.0000223061   -0.0000140338   -0.0000234262    0.0000246544   -0.0000241164    0.0000266697   -0.0000261001   -0.0000097849    0.0000109917   -0.0000243398   -0.0000357674   -0.0000550262   -0.0000418060    0.0000056911   -0.0000085170    0.0000163586    0.0000103486   -0.0000123786    0.0000413680    0.0000158632    0.0000169833    0.0000122971   -0.0000372873    0.0000014301    0.0000170870    0.0000005324   -0.0000005290    0.0000053287   -0.0000244773   -0.0000094490    0.0000014599   -0.0000173457    0.0000171178    0.0000031672   -0.0000272908    0.0000030406   -0.0000147732    0.0000268799   -0.0000086177    0.0000305784   -0.0000024763    0.0000123485    0.0000145667   -0.0000002015 
  -0.0000005158   -0.0000532880   -0.0001288064    0.0000339292   -0.0001644900    0.0001136804   -0.0001225149   -0.0000342202    0.0000959819    0.0000345098   -0.0006525651   -0.0000258318   -0.0005032085    0.0018618677    0.0000019147   -0.2624342710    0.0023975994   -0.0012227235    0.0008032667    0.0001171421   -0.0002508288    0.0003911892    0.0000811572   -0.0000146769   -0.0004898464   -0.0002141163   -0.0001465343   -0.0000200644    0.0000091873    0.0000348060   -0.0001870247    0.0000752553    0.0002261406   -0.0000048140    0.0000768649   -0.0000282764   -0.0000246265    0.0000165335    0.0001871790   -0.0000130636   -0.0000219636    0.0000118311    0.0000206619   -0.0000172795    0.0000080503    0.0000818334    0.0000092028    0.0000042745    0.0000090947    0.0000095960   -0.0000407726    0.0000411710   -0.0000215417   -0.0000821568   -0.0000635851    0.0000057999   -0.0000442866   -0.0000017307   -0.0000218761   -0.0000012011   -0.0001007152    0.0000081334    0.0000380899   -0.0000419721    0.0000830388    0.0000498343   -0.0000020702   -0.0000116723   -0.0000691372   -0.0000313178    0.0000161557   -0.0000998479   -0.0000048025   -0.0000609546    0.0000176683   -0.0000068174    0.0000124639    0.0000989659    0.0000596677   -0.0000168385    0.0000177720   -0.0000213793    0.0000629163   -0.0000002721   -0.0000310855   -0.0000212830    0.0000032830    0.0000068627    0.0000064648   -0.0000008256    0.0000685029   -0.0000178124   -0.0000120927   -0.0000141713   -0.0000184019    0.0000023126    0.0000383001    0.0000139574   -0.0000280809   -0.0000076747   -0.0000310429   -0.0000038607    0.0000002347   -0.0000128380   -0.0000029701    0.0000447577   -0.0000381774   -0.0000445387   -0.0000229963   -0.0000228559    0.0000026412   -0.0000035050    0.0000114555   -0.0000282610    0.0000158279   -0.0000078475   -0.0000464658   -0.0000106014    0.0000201658   -0.0000093630   -0.0000036965    0.0000015436   -0.0000142315   -0.0000189891    0.0000388286   -0.0000275436    0.0000019515   -0.0000550211    0.0000357622    0.0000293671    0.0000132062   -0.0000220952   -0.0000070461   -0.0000195661   -0.0000057094    0.0000422220   -0.0000325386   -0.0000098040    0.0000178763   -0.0000584439   -0.0000322696    0.0000116032    0.0000047885   -0.0000243729    0.0000215858   -0.0000027949    0.0000069467   -0.0000414510    0.0000185327    0.0000263184    0.0000030681   -0.0000124455 
