  -0.2718200483    0.0001071243   -0.0005512766    0.0003073125    0.0013211382   -0.0000095166   -0.0001922504   -0.0000921232   -0.0000118539   -0.0003274144    0.0001472472    0.0000087618    0.0000440918   -0.0000378011    0.0000185430   -0.0000333493    0.0001123941    0.0000310392   -0.0005396565   -0.0001466886   -0.0001945950   -0.0001241025   -0.0000569578   -0.0000128138    0.0000275025   -0.0001447850   -0.0001449393   -0.0000131166    0.0000471509   -0.0000103839   -0.0000109653   -0.0000413026    0.0000767620   -0.0000411916    0.0000212485   -0.0000308547   -0.0000317808   -0.0001875906   -0.0001354213    0.0000396121    0.0000051693    0.0000689726    0.0000465930    0.0000306482   -0.0000102538   -0.0000004341    0.0000052804   -0.0000211125   -0.0000623732    0.0000108881    0.0000431636    0.0000214337   -0.0000842441   -0.0000213153    0.0000165298   -0.0000142874    0.0000502393   -0.0000493338    0.0000043680    0.0000014772   -0.0000208567    0.0000201717   -0.0000014526   -0.0000191199    0.0000146306    0.0000102362   -0.0000052191    0.0000860522   -0.0000005417    0.0000485584   -0.0001118429    0.0000009622   -0.0000149041    0.0000826566   -0.0000175169   -0.0000816937   -0.0000164681    0.0000252247   -0.0000449047    0.0000205664    0.0000250586   -0.0000655130    0.0000059408   -0.0000475536    0.0000130240   -0.0000030129    0.0000225156   -0.0000076960    0.0000035711    0.0000421743    0.0000141896   -0.0000145785   -0.0000098591   -0.0000079371   -0.0000423330   -0.0000102163    0.0000140551    0.0000338410   -0.0000006603    0.0000140882    0.0000147218   -0.0000105140   -0.0000021390    0.0000109315    0.0000160940   -0.0000108065   -0.0000385464   -0.0000004322    0.0000042907   -0.0000383744    0.0000122272    0.0000108822   -0.0000287578    0.0000057630    0.0000198931    0.0000212786   -0.0000064202   -0.0000198939    0.0000120861   -0.0000007860    0.0000076953    0.0000144741    0.0000099304    0.0000280780   -0.0000238077   -0.0000242347   -0.0000042670   -0.0000054005    0.0000006219    0.0000137509   -0.0000088360   -0.0000199622   -0.0000221326    0.0000648310    0.0000084105   -0.0000002783   -0.0000004907    0.0000016862   -0.0000105177   -0.0000272783   -0.0000026404   -0.0000074579    0.0000073660    0.0000055279   -0.0000009339    0.0000160198    0.0000000270    0.0000323703    0.0000042118   -0.0000007034    0.0000001949   -0.0000050024 
   0.0001071243   -0.2709748138   -0.0047304465   -0.0019710132    0.0002112425   -0.0013797901    0.0002447872    0.0000374990    0.0000107800   -0.0001416392   -0.0000383928   -0.0001725895    0.0000008707   -0.0001334221    0.0000477903   -0.0000296957   -0.0000123684    0.0000691578    0.0000971064   -0.0000264926    0.0001448879    0.0000091425    0.0000456184    0.0000499188   -0.0000347083   -0.0000429952    0.0002079718   -0.0003298031    0.0001068229   -0.0001518409   -0.0000349670    0.0000028988   -0.0000626951   -0.0000051218    0.0000063286   -0.0000398951   -0.0000064447   -0.0000290018    0.0000065268    0.0000274062   -0.0000212338    0.0000297912   -0.0000247176   -0.0000929831    0.0000115466    0.0000316404    0.0000462997    0.0000061831   -0.0000362422   -0.0000087618   -0.0001173920    0.0000153193    0.0000046063   -0.0000002242   -0.0000169738    0.0000324430   -0.0000330641   -0.0000124896   -0.0000527051    0.0000410424    0.0000091653   -0.0000005979    0.0000492830   -0.0000177220    0.0000119384   -0.0000094527    0.0000617999   -0.0000255173    0.0000132937    0.0000123713    0.0000057877    0.0000051117    0.0000090852   -0.0000015369    0.0000234747    0.0000220680   -0.0000027220   -0.0000313009    0.0000018641    0.0000291319   -0.0000384663   -0.0000519297    0.0000108638   -0.0000056004   -0.0000615728   -0.0000166357   -0.0000091425   -0.0000058379    0.0000165585    0.0000627142    0.0000418538   -0.0000292076   -0.0000017639   -0.0000005406    0.0000017576    0.0000280677   -0.0000024073    0.0000001130   -0.0000013744   -0.0000061715    0.0000048059    0.0000245324   -0.0000043871   -0.0000059767    0.0000014428   -0.0000226324    0.0000295590   -0.0000275826    0.0000065825    0.0000046573    0.0000240488   -0.0000166122   -0.0000136421    0.0000026739   -0.0000001463   -0.0000322167    0.0000021257   -0.0000069514   -0.0000004155   -0.0000022666   -0.0000178756   -0.0000421765    0.0000134899   -0.0000376247   -0.0000102839   -0.0000021159    0.0000231249    0.0000006502    0.0000140155   -0.0000426564   -0.0000215314   -0.0000274018    0.0000119972    0.0000170649    0.0000051195    0.0000004394    0.0000074190   -0.0000175360   -0.0000103354   -0.0000157486    0.0000138486    0.0000033905    0.0000139677    0.0000217938   -0.0000296266   -0.0000018120   -0.0000103993   -0.0000258554    0.0000071860    0.0000086559   -0.0000192772    0.0000003454 
  -0.0005512766   -0.0047304465   -0.2708057669    0.0000012437   -0.0022236281    0.0007045801   -0.0000637395    0.0000920497   -0.0000133856    0.0004663563    0.0001921990    0.0001066465   -0.0002931935   -0.0000595751    0.0000363355   -0.0000048379    0.0000034583   -0.0001006931   -0.0000739837   -0.0000601947   -0.0000770119    0.0000648728   -0.0000064629   -0.0000537099    0.0002189451    0.0000161888    0.0000141389    0.0000434311   -0.0000020540   -0.0000148989   -0.0000185165    0.0000279361    0.0001853709    0.0000656527    0.0001243965    0.0000462365    0.0000299184    0.0000391887   -0.0000248176    0.0000490912    0.0000021536   -0.0000102126   -0.0000106904   -0.0000626355   -0.0000286336   -0.0000252519   -0.0000023904    0.0000475139    0.0000209515    0.0000045366    0.0000065173   -0.0000097834    0.0000084112   -0.0000666427    0.0000235144   -0.0000004744    0.0000034911   -0.0000157515   -0.0000025395   -0.0000195036    0.0000595523    0.0000037226   -0.0000946148    0.0000520260   -0.0000039190    0.0000732664    0.0000169157    0.0000591297    0.0000006901   -0.0000008956   -0.0000388742   -0.0000088507   -0.0000008108   -0.0000043962   -0.0000070440   -0.0000093711    0.0000197697   -0.0000462049    0.0000157184   -0.0000318918   -0.0000149790   -0.0000148269    0.0000129769    0.0000204370    0.0000098518    0.0000089845    0.0000046669   -0.0000194066   -0.0000000396    0.0000352573    0.0000337094   -0.0000262816    0.0000079893   -0.0000097114   -0.0000061611   -0.0000364671    0.0000367780    0.0000429247   -0.0000264081    0.0000027907    0.0000002251   -0.0000050926   -0.0000035720    0.0000181946   -0.0000061625   -0.0000115804    0.0000090697   -0.0000022821   -0.0000362392   -0.0000142720   -0.0000052542    0.0000235188    0.0000105493    0.0000445571    0.0000203944   -0.0000089404   -0.0000032724   -0.0000136186   -0.0000130636   -0.0000405624   -0.0000372403   -0.0000068308   -0.0000446056    0.0000212558   -0.0000226413   -0.0000235725    0.0000215138   -0.0000120501   -0.0000015819   -0.0000183798    0.0000262750   -0.0000036358   -0.0000086111   -0.0000075454   -0.0000090896    0.0000108300    0.0000368721    0.0000329009   -0.0000351463   -0.0000075152    0.0000000667   -0.0000262324   -0.0000297618    0.0000142690   -0.0000023578    0.0000017132   -0.0000256768   -0.0000232425    0.0000040371    0.0000091035   -0.0000096732    0.0000047984 
   0.0003073125   -0.0019710132    0.0000012437   -0.2703647750    0.0023340231    0.0006996924    0.0001036110   -0.0000624665   -0.0000231675   -0.0000128792   -0.0003546898    0.0001611090    0.0000575994   -0.0000190141   -0.0000571584    0.0000735942    0.0000119737    0.0000624547    0.0001253666    0.0000779380    0.0000263140    0.0000361209   -0.0000532520   -0.0000456463   -0.0000219239    0.0000831049    0.0000641026   -0.0000366450    0.0000183989   -0.0000251079    0.0000398524   -0.0000168158    0.0000447430    0.0000508280   -0.0000139596   -0.0000102464   -0.0000164093   -0.0000132415   -0.0001741256   -0.0000819510   -0.0000228191    0.0000012229   -0.0000482541    0.0000111887    0.0000267785   -0.0000139199    0.0000350250    0.0000425285    0.0000002277   -0.0000117326    0.0000102310   -0.0000017903   -0.0000878162   -0.0000440838   -0.0000118465   -0.0000005204   -0.0000028514   -0.0000413092    0.0000282646   -0.0000171414    0.0000618293   -0.0000268535    0.0000925127   -0.0000069433    0.0000322755   -0.0000092263    0.0000080804   -0.0000849130    0.0000066454    0.0000311693    0.0000650169   -0.0000050381   -0.0000274223    0.0000118737   -0.0000034138   -0.0000266852   -0.0000047662   -0.0000360210    0.0000070712   -0.0000048913   -0.0000221224   -0.0000089360   -0.0000380657   -0.0000186518    0.0000289915    0.0000098870    0.0000209148   -0.0000692107   -0.0000218732    0.0000042382   -0.0000166254   -0.0000338983    0.0000521980    0.0000181975   -0.0000046067   -0.0000405316    0.0000035225   -0.0000362473   -0.0000042803   -0.0000027342   -0.0000132364   -0.0000009309    0.0000081966   -0.0000076321   -0.0000292297    0.0000053365   -0.0000291047    0.0000137957   -0.0000292385    0.0000071302   -0.0000103795    0.0000134216    0.0000380532    0.0000136641    0.0000120692   -0.0000098944    0.0000234395    0.0000074226   -0.0000260891   -0.0000125888   -0.0000118450    0.0000146064   -0.0000055081   -0.0000018636   -0.0000129255    0.0000037839   -0.0000052577    0.0000035643   -0.0000127880   -0.0000190545    0.0000145366   -0.0000188090   -0.0000181226    0.0000062505    0.0000050716   -0.0000139603   -0.0000082377    0.0000007996    0.0000064491    0.0000069079    0.0000004665   -0.0000278494    0.0000106845    0.0000014631   -0.0000081583   -0.0000202232   -0.0000011463    0.0000200335   -0.0000112005    0.0000066465    0.0000041405   -0.0000059256 
   0.0013211382    0.0002112425   -0.0022236281    0.0023340231   -0.2696371384    0.0041201872   -0.0008011353    0.0000264059   -0.0001317684    0.0003852579   -0.0000477829    0.0003511618    0.0000612935    0.0003012563   -0.0002852850    0.0001430945   -0.0000163108    0.0001865249   -0.0001033758    0.0000019403   -0.0002713203   -0.0001947273   -0.0000055985   -0.0000016492    0.0000048584   -0.0000358931    0.0001560009    0.0000803781    0.0000204319   -0.0000870885   -0.0001275937   -0.0000013104   -0.0000206053    0.0001190384    0.0001269542    0.0000077284    0.0000495072    0.0000140537   -0.0000070612    0.0000184327    0.0001160103    0.0000246647    0.0000713091   -0.0000006753   -0.0000431378    0.0000174398   -0.0000724337    0.0000332478   -0.0000469451    0.0000051795   -0.0000374226   -0.0000105537   -0.0000317602   -0.0000632735   -0.0000048163    0.0000217064    0.0000048257    0.0000328451   -0.0000340968    0.0000178499    0.0000014191   -0.0001902145    0.0000045083    0.0000251601    0.0000051975   -0.0000282022    0.0000456853   -0.0000096276   -0.0000168973    0.0000075490    0.0000129225    0.0000075042   -0.0000327069   -0.0000090903   -0.0000083208   -0.0000431496    0.0000167570   -0.0000255930    0.0000477440    0.0000265742    0.0000024530    0.0000113364   -0.0000407646   -0.0000243692   -0.0000249418    0.0000312083   -0.0000449577   -0.0000144109   -0.0000123661   -0.0000216321    0.0000106602    0.0000414937    0.0000066534    0.0000183239   -0.0000264507    0.0000382406    0.0000187304   -0.0000234593   -0.0000195837   -0.0000283653    0.0000108624    0.0000580154    0.0000443910    0.0000220253   -0.0000271232    0.0001015898   -0.0000225700   -0.0000204944   -0.0000529220    0.0000097209    0.0000697965   -0.0000188171    0.0000046765    0.0000082480   -0.0000172950   -0.0000338821    0.0000025849   -0.0000014789    0.0000162138   -0.0000055913   -0.0000163461   -0.0000494888    0.0000009067    0.0000118208   -0.0000045321    0.0000027023    0.0000211610   -0.0000250844    0.0000057965    0.0000397231   -0.0000225736   -0.0000003637   -0.0000231807   -0.0000111828    0.0000117363   -0.0000160448   -0.0000069208   -0.0000262493    0.0000374020    0.0000447724    0.0000270306   -0.0000052704   -0.0000048532    0.0000010867   -0.0000172068    0.0000131739    0.0000043037   -0.0000033019    0.0000095298    0.0000034648   -0.0000178065   -0.0000083597 
  -0.0000095166   -0.0013797901    0.0007045801    0.0006996924    0.0041201872   -0.2687404549    0.0000274010    0.0017014202    0.0007419688   -0.0000336051    0.0008276683    0.0000466900    0.0004877958   -0.0000796652    0.0000360812    0.0000016972   -0.0000529712    0.0000813336    0.0001659011   -0.0001530903    0.0000122441    0.0000308621    0.0003101863    0.0000150775    0.0001975423    0.0000753949   -0.0000192001    0.0000293289   -0.0000218997   -0.0000296317    0.0000844205   -0.0001604549    0.0000620439    0.0001081239    0.0000342915   -0.0001056176   -0.0000438037    0.0000164071   -0.0000518180   -0.0000420376   -0.0000156956   -0.0000983044    0.0001124970   -0.0000194573    0.0000126300   -0.0000127630    0.0000148960    0.0000514608    0.0000145733    0.0001276598    0.0000214278    0.0000173302   -0.0000476742    0.0000601278   -0.0000317698    0.0000090381    0.0000096166    0.0000314956   -0.0000039004   -0.0000131835    0.0000171465    0.0000434730   -0.0000145593    0.0000125352    0.0000210618    0.0000292084    0.0000128843    0.0000256598   -0.0000127285   -0.0000572091   -0.0000193470   -0.0000403405    0.0000025944   -0.0000827154    0.0000187201   -0.0000543905    0.0000044842    0.0000151334    0.0000118392   -0.0000047842    0.0000194220    0.0000071137    0.0000665457    0.0000516012    0.0000096136   -0.0000021261    0.0000414826   -0.0000344503   -0.0000125786    0.0000003742   -0.0000022590   -0.0000363091    0.0000471464   -0.0000025528    0.0000134569   -0.0000275039   -0.0000023959   -0.0000130725    0.0000028326   -0.0000097217    0.0000161690    0.0000169436    0.0000063928    0.0000029799   -0.0000183901   -0.0000228632   -0.0000127160   -0.0000044892    0.0000209515    0.0000036254    0.0000179035   -0.0000412107   -0.0000029476    0.0000007509   -0.0000192691    0.0000127307   -0.0000220312    0.0000310238    0.0000214440    0.0000175566    0.0000125764    0.0000267204    0.0000009469   -0.0000343158    0.0000292488   -0.0000228537    0.0000001092   -0.0000004101   -0.0000014642   -0.0000055713    0.0000462380    0.0000018502    0.0000210412    0.0000268123   -0.0000085332    0.0000883380    0.0000066396    0.0000007770    0.0000100061    0.0000040321    0.0000043992   -0.0000052669   -0.0000059797    0.0000078328    0.0000059410   -0.0000076762    0.0000381098    0.0000109344    0.0000211345   -0.0000131937    0.0000187502    0.0000022086 
  -0.0001922504    0.0002447872   -0.0000637395    0.0001036110   -0.0008011353    0.0000274010   -0.2679613693    0.0000719478    0.0007873910    0.0002383635   -0.0001195382   -0.0001122692   -0.0003320448    0.0000889628    0.0000654704   -0.0000627495   -0.0000954600    0.0000647376    0.0000790919   -0.0001653646   -0.0000330979    0.0000174772   -0.0000212485   -0.0001611164    0.0001813726   -0.0000268424    0.0000263544   -0.0000176000    0.0000264485    0.0000231418    0.0000365200   -0.0000190361    0.0000232653    0.0000014062   -0.0000285153   -0.0000362275   -0.0000602799   -0.0000289364    0.0000832593   -0.0000218908   -0.0000595861    0.0000125176   -0.0000023890   -0.0000663017    0.0000076439   -0.0000080422   -0.0000211713   -0.0001213977   -0.0000399281   -0.0000563242   -0.0000384133    0.0001405221    0.0000160051    0.0000506178   -0.0000005554   -0.0000077262   -0.0000219533    0.0000087008   -0.0000111490   -0.0000441786   -0.0000126513   -0.0000145682   -0.0000101083    0.0000267425   -0.0000064923   -0.0000042596   -0.0000170965   -0.0000420206   -0.0000112438    0.0000096408   -0.0000340233    0.0000068347    0.0000394813   -0.0000209346    0.0000207935    0.0000020330    0.0000305740    0.0000132489    0.0000140662   -0.0000018086   -0.0000070167   -0.0000021689    0.0000141117   -0.0000040784   -0.0000276708   -0.0000003880    0.0000210456    0.0000337065   -0.0000015214    0.0000279736   -0.0000168319   -0.0000334154    0.0000164733   -0.0000081951    0.0000186518    0.0000154671    0.0000076681   -0.0000004876    0.0000041916    0.0000296251    0.0000013344   -0.0000191148   -0.0000057968   -0.0000031084   -0.0000305762    0.0000073506   -0.0000180204    0.0000045446   -0.0000224656    0.0000747187   -0.0000196109   -0.0000050234   -0.0000242979   -0.0000113585    0.0000428056   -0.0000297611   -0.0000431452    0.0000095144   -0.0000069891    0.0000190023   -0.0000035853   -0.0000210037   -0.0000151495    0.0000121236   -0.0000022974    0.0000072464    0.0000152297    0.0000159191   -0.0000154215    0.0000015840   -0.0000154303    0.0000062481   -0.0000180667    0.0000280904    0.0000176985   -0.0000199321   -0.0000192831   -0.0000071870   -0.0000020652   -0.0000045243    0.0000229705   -0.0000304880   -0.0000125727    0.0000232836    0.0000014417   -0.0000113835    0.0000011462    0.0000027788   -0.0000176786   -0.0000031992    0.0000028965    0.0000035869 
  -0.0000921232    0.0000374990    0.0000920497   -0.0000624665    0.0000264059    0.0017014202    0.0000719478   -0.2678511213   -0.0018427581    0.0016062394   -0.0000079695   -0.0002812352   -0.0000212022    0.0000399156    0.0000187921   -0.0004028681    0.0003187930   -0.0000168172    0.0001119825   -0.0000785774    0.0000484033   -0.0000819069    0.0000446894   -0.0000726549   -0.0001879213    0.0000291944    0.0000103141   -0.0000329877    0.0000192493    0.0000069840    0.0000188700   -0.0000179756   -0.0000006608   -0.0000021167   -0.0000009611   -0.0000277354    0.0000431253    0.0000034616   -0.0000472376    0.0000151135    0.0000477616    0.0000014362    0.0000358012    0.0001283580    0.0000441477   -0.0000109998    0.0000008039   -0.0000543339    0.0000179844    0.0000674034   -0.0000787538    0.0000061647   -0.0000425689   -0.0000539634   -0.0000123390    0.0000148776    0.0000333669    0.0000356020   -0.0000098635    0.0000272540   -0.0000004021   -0.0000220885   -0.0000559678   -0.0000637358   -0.0000874781    0.0000304431    0.0000231513   -0.0000068408   -0.0001194280    0.0000023580   -0.0000017102   -0.0000153722    0.0000203158    0.0000279339    0.0000417244   -0.0000391689    0.0000032010    0.0000556091    0.0000207891    0.0000180799   -0.0000262706    0.0000032186    0.0000110954    0.0000404772    0.0000102281    0.0000166555    0.0000401369   -0.0000235416   -0.0000201967    0.0000254232   -0.0000012370   -0.0000011457    0.0000040096    0.0000345164   -0.0000186687   -0.0000137795    0.0000256319    0.0000047820    0.0000100010    0.0000016669   -0.0000568586    0.0000246786   -0.0000200916    0.0000228926   -0.0000066128   -0.0000357983    0.0000123331   -0.0000116591   -0.0000127491    0.0000016818   -0.0000024177   -0.0000248727    0.0000005287   -0.0000218019   -0.0000036140    0.0000002521    0.0000045848    0.0000262170   -0.0000292400    0.0000292730   -0.0000347164    0.0000407535    0.0000239767   -0.0000262361    0.0000038854   -0.0000059505   -0.0000112622    0.0000184717    0.0000134686    0.0000097819   -0.0000200093   -0.0000257135   -0.0000269343   -0.0000229999    0.0000179285   -0.0000129203    0.0000035964   -0.0000222885    0.0000092873    0.0000072071    0.0000166636    0.0000129843    0.0000169282   -0.0000131489   -0.0000146431   -0.0000139015    0.0000058977    0.0000604210    0.0000146093   -0.0000001019    0.0000102126   -0.0000525155 
  -0.0000118539    0.0000107800   -0.0000133856   -0.0000231675   -0.0001317684    0.0007419688    0.0007873910   -0.0018427581   -0.2667780410   -0.0001182079   -0.0004858408    0.0003442089   -0.0002122861   -0.0004433365   -0.0010632314   -0.0000116701   -0.0000081826    0.0000749980   -0.0000746158   -0.0000279633   -0.0000143168    0.0000254136    0.0002938476   -0.0000921967    0.0000502790   -0.0000610370   -0.0000503804   -0.0000445123    0.0000070082    0.0002099636   -0.0000616022   -0.0001829234   -0.0000323225   -0.0000293789   -0.0000007119    0.0000767767    0.0000494345    0.0000187605   -0.0000190464    0.0000084656    0.0001033979   -0.0001147314    0.0000047846   -0.0000258715   -0.0000576494   -0.0000060570   -0.0000120031    0.0000741822   -0.0000793418   -0.0000051945    0.0000175412    0.0001939703   -0.0000075219   -0.0000184033   -0.0000397415   -0.0000253703    0.0000097151    0.0000176375    0.0000560104   -0.0000148923   -0.0000065015   -0.0000105044   -0.0000078166   -0.0000033177   -0.0000186099   -0.0000095717    0.0000637336   -0.0000176264    0.0000179175    0.0000777175    0.0000237276    0.0000055058    0.0000142778   -0.0000824949   -0.0000152414    0.0000524229    0.0000507545    0.0000582543    0.0000618609    0.0000454067    0.0000158338   -0.0000173258   -0.0000044143   -0.0000006668    0.0000018206   -0.0000360945    0.0000164821    0.0000222076    0.0000046105   -0.0000071502    0.0000269549   -0.0000471531   -0.0000132702    0.0000080268   -0.0000104243   -0.0000099679   -0.0000151488   -0.0000141860   -0.0000003206   -0.0000094696    0.0000275326    0.0000128880    0.0000089257    0.0000012570   -0.0000011547    0.0000033673    0.0000103222   -0.0000080819   -0.0000221135   -0.0000458477   -0.0000384104    0.0000286681    0.0000124235   -0.0000485084   -0.0000398818    0.0000207884   -0.0000398517    0.0000118649    0.0000158801    0.0000067366    0.0000068336    0.0000078247   -0.0000012302   -0.0000021100    0.0000238474   -0.0000392564   -0.0000087669   -0.0000236445    0.0000020642    0.0000090594   -0.0000161557    0.0000275782    0.0000133025   -0.0000246294    0.0000033368    0.0000033320   -0.0000174148   -0.0000176772   -0.0000245728   -0.0000344415    0.0000061330    0.0000001891   -0.0000178469    0.0000214939    0.0000641584    0.0000124521    0.0000001415    0.0000084692   -0.0000060023    0.0000104993    0.0000020042   -0.0000033339 
  -0.0003274144   -0.0001416392    0.0004663563   -0.0000128792    0.0003852579   -0.0000336051    0.0002383635    0.0016062394   -0.0001182079   -0.2658740077   -0.0036938215   -0.0027075432    0.0002892025    0.0000312149   -0.0000387661   -0.0001038315   -0.0000842074   -0.0004745514    0.0000476742    0.0001578898   -0.0000065087    0.0000100237   -0.0000029389   -0.0000599565   -0.0001266088    0.0000039018   -0.0001223164   -0.0000014548    0.0000825978    0.0001668493   -0.0001490773   -0.0000585137    0.0000197307    0.0000109954   -0.0000653491   -0.0000350456   -0.0000005076   -0.0000592230    0.0000079040   -0.0000685735    0.0000703529    0.0000552460    0.0000490721   -0.0000674210   -0.0000448834   -0.0000118605    0.0000285807    0.0001274393    0.0001014281   -0.0000076600   -0.0000604122    0.0000240855    0.0000044365    0.0000135127   -0.0000129762    0.0000878309   -0.0000631228   -0.0000318631   -0.0000650661   -0.0000269769   -0.0000065354   -0.0000368838   -0.0000503958   -0.0000108006   -0.0000151716    0.0000052976    0.0000145740    0.0000049661    0.0000099921    0.0000075696    0.0000739323   -0.0000841119    0.0000065525    0.0000583388   -0.0000764753    0.0000185415   -0.0000456823    0.0000567755   -0.0000382193    0.0000709416   -0.0000069494   -0.0000006820   -0.0000042553    0.0000227603    0.0000060054   -0.0000078475    0.0000037208   -0.0000091682   -0.0000170399   -0.0000311230    0.0000019153    0.0000055371    0.0000166570    0.0000097724    0.0000101127   -0.0000456081   -0.0000361150    0.0000304035    0.0000029012   -0.0000675159    0.0000208597    0.0000218151   -0.0000086618   -0.0000170995   -0.0000035389   -0.0000271585    0.0000005628   -0.0000021085   -0.0000166100   -0.0000289643   -0.0000147299    0.0000245713    0.0000193191    0.0000104177    0.0000072731   -0.0000268777    0.0000149606   -0.0000208802    0.0000282676   -0.0000523399   -0.0000312810    0.0000042908    0.0000334816    0.0000013827   -0.0000291305    0.0000357600   -0.0000158301   -0.0000161102    0.0000244214    0.0000126219    0.0000022620   -0.0000056415   -0.0000123250   -0.0000036224   -0.0000014908   -0.0000346480   -0.0000184026    0.0000090242   -0.0000368287   -0.0000341093   -0.0000065562   -0.0000229103   -0.0000173574    0.0000094681    0.0000126315   -0.0000096217    0.0000041436   -0.0000126506    0.0000049842   -0.0000172553    0.0000048722    0.0000131959 
   0.0001472472   -0.0000383928    0.0001921990   -0.0003546898   -0.0000477829    0.0008276683   -0.0001195382   -0.0000079695   -0.0004858408   -0.0036938215   -0.2653007182    0.0010516186    0.0000681891    0.0001081900   -0.0008673575    0.0006491180   -0.0000205987   -0.0000435288   -0.0007120916   -0.0000736456   -0.0000416142   -0.0000396334    0.0000101516   -0.0000602718   -0.0000351897   -0.0000524802   -0.0001953153   -0.0000942179    0.0001547367   -0.0001737288   -0.0000378658    0.0000309767    0.0000063367    0.0000376269    0.0000539524   -0.0000426718   -0.0000710298    0.0000266183    0.0000027502   -0.0000026542    0.0001263148    0.0000220459   -0.0000415194   -0.0001339733   -0.0000251049    0.0000007595    0.0000600631    0.0001200747   -0.0000751450    0.0000487987    0.0000517122   -0.0000297118   -0.0000589783    0.0000579853    0.0000088992    0.0000055083   -0.0000230830   -0.0000023269    0.0000765709   -0.0000485076   -0.0000713304    0.0000094806   -0.0000053606   -0.0000111402   -0.0000191119   -0.0000085170    0.0000245375    0.0000113754    0.0000248550   -0.0000581742   -0.0000079709    0.0000114481   -0.0000169760   -0.0000066874    0.0000041901   -0.0000540443   -0.0000288923   -0.0000098679    0.0000227949   -0.0000428240   -0.0000134885   -0.0000269255   -0.0000310664    0.0000076711    0.0000041880    0.0000359577   -0.0000319337    0.0000388014   -0.0000083039   -0.0000144925   -0.0000264896    0.0000396018   -0.0000405551   -0.0000011089    0.0000084185   -0.0000002448   -0.0000517048   -0.0000327598    0.0000159595   -0.0000419935    0.0000070568   -0.0000043474    0.0000214388   -0.0000398333    0.0000136730    0.0000284895   -0.0000054713    0.0000478763    0.0000508192    0.0000415826   -0.0000120898   -0.0000139883   -0.0000113622    0.0000094718   -0.0000106970    0.0000102237    0.0000050628    0.0000115907   -0.0000072195    0.0000259840   -0.0000418494   -0.0000130747    0.0000018346   -0.0000098834   -0.0000313817    0.0000183350   -0.0000322953   -0.0000352161    0.0000092079   -0.0000262692   -0.0000090455   -0.0000025731    0.0000185702    0.0000089007   -0.0000022900   -0.0000205995    0.0000325430   -0.0000165607   -0.0000232800   -0.0000029663    0.0000419067   -0.0000142911   -0.0000132988   -0.0000479248   -0.0000067736   -0.0000058876    0.0000169811   -0.0000129571   -0.0000243472   -0.0000153303    0.0000071836    0.0000252012 
   0.0000087618   -0.0001725895    0.0001066465    0.0001611090    0.0003511618    0.0000466900   -0.0001122692   -0.0002812352    0.0003442089   -0.0027075432    0.0010516186   -0.2648082773    0.0051014676    0.0001400884   -0.0000611891    0.0000253467   -0.0001142463   -0.0001827397   -0.0004710161   -0.0001007887    0.0000168547    0.0000742189   -0.0000839943    0.0000676386    0.0000082171    0.0002335052    0.0001517894    0.0000785627   -0.0000859346   -0.0000577545    0.0000488722    0.0000471259    0.0000670491    0.0000111858    0.0000189832   -0.0000147865    0.0000016992   -0.0000218504   -0.0000513557   -0.0001197881   -0.0000103920    0.0000139603   -0.0000754096    0.0000622181   -0.0000412864    0.0000029796   -0.0000581132   -0.0000506031   -0.0000256856   -0.0000116209   -0.0000758286    0.0000040087   -0.0000762695   -0.0000284205   -0.0000037133   -0.0000503642    0.0000145983   -0.0000122103   -0.0000230161    0.0000367060   -0.0000049852    0.0000189347   -0.0000683082   -0.0000437640    0.0000279648   -0.0000071147    0.0000088728   -0.0000959010   -0.0000135745    0.0000182416    0.0000742116   -0.0000072182   -0.0000132702    0.0000313788    0.0000083811   -0.0000380708    0.0000008298    0.0000064222   -0.0000506810    0.0000309951   -0.0000179234   -0.0000097915    0.0000145667   -0.0000603718    0.0000403250    0.0000397995   -0.0000231308    0.0000204289   -0.0000054662    0.0000071264   -0.0000257767    0.0000095423    0.0000933947    0.0000125800    0.0000223436    0.0000070422    0.0000170421   -0.0000106918    0.0000195786   -0.0000195800   -0.0000012581   -0.0000181233    0.0000031982   -0.0000256503   -0.0000062614   -0.0000120442    0.0000260964   -0.0000088500    0.0000081290    0.0000460263   -0.0000298052    0.0000156633    0.0000034988   -0.0000287527    0.0000096327   -0.0000147828   -0.0000232564   -0.0000114151    0.0000365354   -0.0000290827    0.0000122787   -0.0000169245   -0.0000109065   -0.0000108785   -0.0000452671    0.0000007286   -0.0000041467   -0.0000048753   -0.0000226876    0.0000242428   -0.0000167915    0.0000008805   -0.0000070750    0.0000012077    0.0000154928    0.0000028365   -0.0000188656    0.0000009289    0.0000011176   -0.0000435950   -0.0000080062   -0.0000137266    0.0000091366   -0.0000053290    0.0000007429    0.0000269799   -0.0000157522    0.0000071122   -0.0000009534    0.0000028361    0.0000063068   -0.0000125918 
   0.0000440918    0.0000008707   -0.0002931935    0.0000575994    0.0000612935    0.0004877958   -0.0003320448   -0.0000212022   -0.0002122861    0.0002892025    0.0000681891    0.0051014676   -0.2642276380    0.0003129058    0.0000783422   -0.0002218263   -0.0000433098    0.0002058036   -0.0008608897    0.0001850843   -0.0002001148   -0.0000837444   -0.0000159463    0.0000987748   -0.0000788273   -0.0000199020   -0.0000005458   -0.0000911457    0.0001294973   -0.0001294899   -0.0000060995    0.0000212323    0.0001661363   -0.0000072186    0.0001763453   -0.0000877280   -0.0000038427   -0.0000355638    0.0000623555    0.0000291848   -0.0000470597    0.0000042874   -0.0000491926    0.0000676092    0.0000158044   -0.0001462623    0.0000614728    0.0000227302   -0.0000172450   -0.0000387654   -0.0000948941   -0.0000007273   -0.0001217726   -0.0000044304   -0.0000040243    0.0000091741    0.0000295612   -0.0000144021   -0.0000065187   -0.0000450297    0.0000143734    0.0000614971    0.0000079268    0.0000076541   -0.0000297317   -0.0000023885    0.0000356270    0.0000892862   -0.0000098819   -0.0000236430    0.0000243428    0.0000106470   -0.0000091057   -0.0000030461   -0.0000690953   -0.0000221790   -0.0000083414    0.0000373917   -0.0000391777    0.0000371734    0.0000302925    0.0000475933    0.0000179065    0.0000285520   -0.0000032027    0.0000435502    0.0000162476   -0.0000097974   -0.0000549035    0.0000141235    0.0000191251    0.0000173530    0.0000297420   -0.0000095923    0.0001089544    0.0000185209   -0.0000009263   -0.0000279390   -0.0000150040    0.0000414562    0.0000196726    0.0000321432    0.0000110020   -0.0000188061    0.0000245375    0.0000052484   -0.0000081098   -0.0000117870    0.0000066653   -0.0000005255    0.0000168128   -0.0000238599    0.0000024383   -0.0000004653   -0.0000172354   -0.0000018533    0.0000020908   -0.0000002914    0.0000188348    0.0000000729    0.0000096026    0.0000495263    0.0000117554   -0.0000081040    0.0000063283   -0.0000052223    0.0000409454   -0.0000064889   -0.0000006047   -0.0000141794    0.0000046491   -0.0000095078    0.0000670043   -0.0000280956    0.0000120428   -0.0000199034   -0.0000086427    0.0000013128    0.0000227596   -0.0000026365   -0.0000011265    0.0000045962    0.0000043210    0.0000114834    0.0000076424    0.0000039174    0.0000096739    0.0000100914    0.0000112688   -0.0000115283    0.0000221650   -0.0000208751 
  -0.0000378011   -0.0001334221   -0.0000595751   -0.0000190141    0.0003012563   -0.0000796652    0.0000889628    0.0000399156   -0.0004433365    0.0000312149    0.0001081900    0.0001400884    0.0003129058   -0.2633236046    0.0002189892   -0.0001836658   -0.0001323270    0.0002048187    0.0009063853   -0.0003660159   -0.0000295678   -0.0000232395   -0.0000698950   -0.0001166130    0.0001438295   -0.0002182469   -0.0001184137   -0.0000074484   -0.0000726960    0.0000142154    0.0000348545    0.0000021864    0.0000627531   -0.0000118480   -0.0000424418   -0.0000905283    0.0000169488   -0.0000191368    0.0000690726    0.0001390521    0.0000512954   -0.0000059633    0.0000143249   -0.0000138119    0.0000933727    0.0000577677    0.0000552673    0.0000277046   -0.0000173369   -0.0000258759   -0.0000779821    0.0000589665   -0.0000070507    0.0000027835   -0.0000018421    0.0000248558   -0.0000202379   -0.0000046471   -0.0000031072    0.0000119854    0.0000579302   -0.0000207531   -0.0000053111    0.0000350574   -0.0000002461    0.0000457492   -0.0000087934    0.0000359673    0.0000806280    0.0000108124   -0.0000048728    0.0000105294    0.0000229448    0.0000032386   -0.0000550622    0.0000741601   -0.0000120251   -0.0000056154   -0.0000068172    0.0000204988   -0.0000011929    0.0000159279   -0.0000080797    0.0000048979    0.0000499078   -0.0000084685   -0.0000297361    0.0000683008   -0.0000089139   -0.0000035660    0.0000072086   -0.0000254217   -0.0000075880   -0.0000079842   -0.0000455030    0.0000032708    0.0000128652   -0.0000163446   -0.0000366222    0.0000005653    0.0000006554    0.0000670403    0.0000186069    0.0000035270   -0.0000184291    0.0000096717   -0.0000167702    0.0000280096   -0.0000071713   -0.0000318889   -0.0000163130    0.0000242766    0.0000319587   -0.0000049773    0.0000153120    0.0000348406   -0.0000073881   -0.0000064702    0.0000063824   -0.0000202320   -0.0000182424    0.0000101935   -0.0000290062    0.0000040343   -0.0000146218    0.0000422257   -0.0000255783    0.0000165394   -0.0000246661   -0.0000467679    0.0000290298    0.0000049903   -0.0000205568   -0.0000133804    0.0000195808    0.0000193404   -0.0000023817    0.0000160073   -0.0000318249    0.0000300624   -0.0000046429   -0.0000093490   -0.0000011334    0.0000000886   -0.0000363973    0.0000009251    0.0000048614    0.0000045049   -0.0000153980   -0.0000182210   -0.0000079908   -0.0000055374 
   0.0000185430    0.0000477903    0.0000363355   -0.0000571584   -0.0002852850    0.0000360812    0.0000654704    0.0000187921   -0.0010632314   -0.0000387661   -0.0008673575   -0.0000611891    0.0000783422    0.0002189892   -0.2627135658    0.0006165067   -0.0010692583   -0.0003697496    0.0000564440    0.0000146218   -0.0002805296   -0.0000597272   -0.0004515536    0.0000385456    0.0000182578   -0.0000302065    0.0000744394    0.0001494521   -0.0000393549    0.0000211955    0.0000432929   -0.0000293054   -0.0000240017   -0.0000737485   -0.0000041539    0.0000093005    0.0000883821    0.0001008989   -0.0000207876    0.0000390278   -0.0000506905    0.0000624040    0.0000014784    0.0000074770    0.0000731642    0.0000492037    0.0000379135   -0.0000097988   -0.0000764018    0.0000869195    0.0000374718    0.0000415017    0.0000037016    0.0000201930    0.0000102229   -0.0000483342   -0.0000218291    0.0000418773    0.0000178234    0.0000466297   -0.0000206928    0.0000157125    0.0000075954    0.0000428607   -0.0000237121   -0.0000053878    0.0000321130    0.0000094262   -0.0001140185   -0.0000065210   -0.0000452487   -0.0000015108   -0.0000315089    0.0000264889   -0.0000477065    0.0000368184   -0.0000599580    0.0000447930    0.0000448401   -0.0000350148    0.0000056210   -0.0000074388    0.0000156464   -0.0000037134    0.0000434289    0.0000354940   -0.0000032924   -0.0001102994   -0.0000018273    0.0000713613   -0.0000020923   -0.0000247058   -0.0000200556    0.0000497196   -0.0000289982   -0.0000452347   -0.0000184379    0.0000136200   -0.0000006498    0.0000384699   -0.0000245919    0.0000159742   -0.0000157552   -0.0000508104    0.0000372160   -0.0000035130   -0.0000054795   -0.0000085574   -0.0000230514    0.0000022890    0.0000095181   -0.0000043104    0.0000048731   -0.0000058900   -0.0000076813    0.0000044964   -0.0000147769    0.0000477653    0.0000124955    0.0000260950    0.0000173163    0.0000115136    0.0000166732    0.0000015654    0.0000272658    0.0000291782    0.0000139081    0.0000027025   -0.0000090322   -0.0000385941    0.0000125374   -0.0000011542    0.0000534739    0.0000203143   -0.0000093895   -0.0000330560    0.0000078394   -0.0000068596    0.0000169958   -0.0000043766    0.0000151709    0.0000107029    0.0000131768   -0.0000014337    0.0000029247   -0.0000049905    0.0000134260    0.0000199262   -0.0000148511    0.0000112174    0.0000054882   -0.0000034931 
  -0.0000333493   -0.0000296957   -0.0000048379    0.0000735942    0.0001430945    0.0000016972   -0.0000627495   -0.0004028681   -0.0000116701   -0.0001038315    0.0006491180    0.0000253467   -0.0002218263   -0.0001836658    0.0006165067   -0.2623313729   -0.0008522168    0.0000264331    0.0008678720   -0.0011548108    0.0001025306   -0.0000167320   -0.0001520981   -0.0002258760    0.0001559200    0.0001383318    0.0000881984    0.0000111189   -0.0001013987   -0.0000040105    0.0000511778    0.0000588842    0.0001288505   -0.0001181564    0.0000460888    0.0000304527    0.0000625643    0.0000069042   -0.0000931007   -0.0000548307    0.0000257797    0.0000157515    0.0000536658   -0.0000006473   -0.0000074851   -0.0000457713    0.0000732833    0.0000142823   -0.0000185790   -0.0000494102    0.0000285866   -0.0000194198   -0.0001373763   -0.0000203966   -0.0000113820    0.0000012318    0.0000138082    0.0000208964   -0.0000170987    0.0000441337    0.0000506766    0.0000376945    0.0000016202    0.0000229051    0.0000054388   -0.0000452267    0.0000079298    0.0000155464    0.0000370433    0.0000304711    0.0000559442    0.0000021276    0.0000210493    0.0000016689    0.0000374542   -0.0000470582    0.0000232447    0.0000204422   -0.0000014246    0.0000277171   -0.0000162719   -0.0000046941    0.0000127505   -0.0000091043    0.0000390829    0.0000012971   -0.0000222400    0.0000485040   -0.0000300051   -0.0000079621   -0.0000190619    0.0000194411   -0.0000042165   -0.0000318323   -0.0000328098   -0.0000110307   -0.0000203444   -0.0000058229    0.0000018248    0.0000304512   -0.0000180498    0.0000432165   -0.0000078636    0.0000027536    0.0000017357   -0.0000139699    0.0000446739    0.0000481519   -0.0000427049    0.0000194544   -0.0000328289   -0.0000220150    0.0000326327    0.0000068319   -0.0000152069   -0.0000157574    0.0000140008    0.0000044461    0.0000139699   -0.0000040186    0.0000029907   -0.0000127498    0.0000458029    0.0000031574   -0.0000179160    0.0000184709    0.0000058264    0.0000201695    0.0000336639   -0.0000057870    0.0000177080   -0.0000240025    0.0000098451   -0.0000092109   -0.0000166217    0.0000032732    0.0000466753   -0.0000030537    0.0000288012   -0.0000304373    0.0000055172   -0.0000013486   -0.0000023173    0.0000259347    0.0000090661    0.0000008950    0.0000220731    0.0000025647    0.0000028548    0.0000189546    0.0000072293    0.0000050762 
