   0.0000000000    0.0000338108    0.0002911502    0.0017611746   -0.0001641225    0.0001485922   -0.0002635441    0.0001473721   -0.0000979075   -0.0000664957   -0.0002223996   -0.0000907561   -0.0000274201    0.0000338770    0.0000155692    0.0000649625    0.0002823230   -0.0000396025    0.0006318091    0.0000289247   -0.0000630832    0.0000312053    0.0000433671    0.0000240311    0.0001327533   -0.0000307570   -0.0000993114   -0.0000806648    0.0000248315   -0.0000617940   -0.0000288600   -0.0000723873    0.0000751083    0.0000007450    0.0000659298    0.0000325548    0.0000452267    0.0000224399   -0.0001216550   -0.0000049588    0.0000340064    0.0000249734    0.0000025747    0.0000080849    0.0000449812    0.0000220952   -0.0000175162   -0.0000325209    0.0000197829   -0.0000643848   -0.0000151422   -0.0000246375   -0.0000515652    0.0000118568    0.0000794667   -0.0000012324    0.0000173912   -0.0000662737    0.0000030848    0.0000534938    0.0000638292   -0.0000129769   -0.0000024641   -0.0000056307    0.0000266668    0.0000456941   -0.0000019595    0.0000376872   -0.0000058176    0.0000009316   -0.0001065583   -0.0000325165    0.0000708329   -0.0000180968   -0.0000371425    0.0000073815   -0.0000177661   -0.0000639027    0.0000070821   -0.0000164181    0.0000191552    0.0000013767    0.0000455809    0.0000146990    0.0000146211   -0.0000173369    0.0000569049    0.0000130967   -0.0000138082    0.0000332199    0.0000084531   -0.0000168297   -0.0000201636   -0.0000024405   -0.0000235593    0.0000117282   -0.0000296413    0.0000023719   -0.0000216917    0.0000187458   -0.0000216997    0.0000001742   -0.0000101340    0.0000263015    0.0000099613    0.0000019462   -0.0000549219    0.0000000060   -0.0000004679   -0.0000219886   -0.0000186907    0.0000277781    0.0000244096    0.0000212352    0.0000252887    0.0000202599    0.0000528485    0.0000227611   -0.0000203444   -0.0000090418   -0.0000210133    0.0000112673    0.0000432128    0.0000212918   -0.0000020586   -0.0000033953    0.0000010825    0.0000157427   -0.0000005533   -0.0000167805    0.0000069700   -0.0000191868   -0.0000228662    0.0000064603    0.0000175309   -0.0000001321   -0.0000289717   -0.0000235828    0.0000087272   -0.0000314854   -0.0000057811   -0.0000244376    0.0000139919    0.0000019424    0.0000025417    0.0000202055    0.0000007051   -0.0000178874   -0.0000007470    0.0000100465    0.0000212668    0.0000073550 
  -0.0000338108    0.0000000000    0.0024641157    0.0029415629    0.0013954453    0.0021984180    0.0000343202   -0.0000678356   -0.0001196043   -0.0001050810    0.0000650022   -0.0001004065   -0.0004379343   -0.0002253910    0.0002614200   -0.0000575744   -0.0000466496   -0.0000250968    0.0000382421    0.0000019452   -0.0000800106    0.0000546668    0.0000675636   -0.0000668316   -0.0000011167   -0.0001529360    0.0003180360   -0.0000594501   -0.0000618572    0.0001121075   -0.0000168106   -0.0000133745   -0.0000471494    0.0000118877   -0.0000001712    0.0000102178    0.0000022655    0.0000225538   -0.0000324614   -0.0000090308    0.0000017276   -0.0000140853    0.0000047368    0.0000418634    0.0000311068    0.0000223171    0.0000486517   -0.0000152429    0.0000197469   -0.0000232873    0.0001163778    0.0000059701   -0.0000060462    0.0000096180    0.0000560618   -0.0000041719    0.0000279479   -0.0000215873   -0.0000532549    0.0000231168    0.0000030284    0.0000284506   -0.0001023983   -0.0000069486   -0.0000119024    0.0000509404    0.0000202761    0.0000090271    0.0000070798   -0.0000126366    0.0000284851    0.0000012504   -0.0000047026    0.0000133246    0.0000120641   -0.0000197160   -0.0000140280   -0.0000193897    0.0000093226   -0.0000253563    0.0000035295    0.0000211059    0.0000010809   -0.0000041738    0.0000140515   -0.0000125359   -0.0000027353   -0.0000136568    0.0000114371   -0.0000444468   -0.0000383200    0.0000025081    0.0000040703    0.0000153627    0.0000110263   -0.0000325967    0.0000396540   -0.0000029749   -0.0000491691   -0.0000373050   -0.0000058998   -0.0000002328   -0.0000392071   -0.0000580338    0.0000029200   -0.0000031936   -0.0000223649   -0.0000096379   -0.0000025877    0.0000184621    0.0000029298    0.0000235571   -0.0000057075   -0.0000188487   -0.0000240392   -0.0000084457    0.0000239620    0.0000035498   -0.0000087309    0.0000094725   -0.0001064407    0.0000031408    0.0000003976   -0.0000219210   -0.0000180829    0.0000037132   -0.0000071155    0.0000156662   -0.0000143124    0.0000115488   -0.0000111093   -0.0000132672    0.0000110461    0.0000076078   -0.0000022383   -0.0000387095   -0.0000036013    0.0000501165    0.0000105456   -0.0000213778   -0.0000077945    0.0000277590   -0.0000198439    0.0000193735   -0.0000037292   -0.0000421875    0.0000013269    0.0000104324   -0.0000101597    0.0000139890   -0.0000179763   -0.0000013247 
  -0.0002911502   -0.0024641157    0.0000000000   -0.0010004636   -0.0007764397   -0.0004214559    0.0001379937    0.0002718421   -0.0000969006    0.0000543963   -0.0000820024   -0.0001603814   -0.0000221841   -0.0000476190   -0.0001660775    0.0000243134    0.0001361342    0.0000373197    0.0000380657    0.0001000758    0.0001107551    0.0000282330   -0.0000299514    0.0000301242    0.0000353051    0.0001901778    0.0000350633    0.0000119803    0.0000154310   -0.0000044814    0.0001163631   -0.0000092086    0.0000381950    0.0000585880   -0.0000029120   -0.0000874193    0.0000136333   -0.0000600014   -0.0000088250    0.0000210647   -0.0000076255   -0.0000474720    0.0000109168   -0.0000132981   -0.0000209265    0.0000075821   -0.0000335676    0.0000060667   -0.0000239628    0.0000466812   -0.0000389087    0.0000365457   -0.0000194735   -0.0000595956   -0.0000508148   -0.0000466790   -0.0000029894    0.0000325518   -0.0000197248    0.0000237055    0.0000087302    0.0000565903    0.0000134855    0.0000427034   -0.0000017174   -0.0000550475   -0.0000093498   -0.0000523252    0.0000810837    0.0000105897    0.0000370448   -0.0000301572   -0.0000080415   -0.0000003473   -0.0000065147    0.0000123066    0.0000515189    0.0000418244    0.0000247286   -0.0000266749    0.0000221643   -0.0000174221    0.0000161763    0.0000150025    0.0000085957    0.0000214903   -0.0000040464   -0.0000617227   -0.0000179344   -0.0000856774   -0.0000462586   -0.0000176816    0.0000453340   -0.0000433774   -0.0000443461    0.0000360562    0.0000777983    0.0000602615    0.0000318337   -0.0000106669    0.0000421823   -0.0000010573    0.0000062094    0.0000013838    0.0000092270   -0.0000114893   -0.0000384464    0.0000147144   -0.0000284609   -0.0000254783    0.0000085163   -0.0000042545    0.0000360158    0.0000254746    0.0000054146    0.0000043178   -0.0000084516   -0.0000009060   -0.0000027938    0.0000322292    0.0000242773    0.0000078195   -0.0000475793   -0.0000102744   -0.0000256518    0.0000231874   -0.0000216035    0.0000108668   -0.0000028405   -0.0000296317    0.0000030492    0.0000170076    0.0000086486    0.0000181747   -0.0000108322    0.0000020347   -0.0000199527    0.0000208398   -0.0000083215   -0.0000405668   -0.0000004565    0.0000075439   -0.0000488737   -0.0000022295   -0.0000129034   -0.0000035901    0.0000073033   -0.0000174794    0.0000024391   -0.0000032604    0.0000017481   -0.0000150540 
  -0.0017611746   -0.0029415629    0.0010004636    0.0000000000   -0.0003156105   -0.0005702687    0.0006031593    0.0001439177   -0.0003391301    0.0000388205    0.0001615133    0.0008219354   -0.0000643613    0.0000107837    0.0000992599   -0.0000536922    0.0001168041    0.0000379643    0.0001354654    0.0000132547   -0.0000180601    0.0000134106   -0.0000986572    0.0000288027    0.0000265514    0.0000258877    0.0000935564   -0.0001497976   -0.0002109191    0.0000907488   -0.0000190156   -0.0000011630    0.0000292591    0.0000465210   -0.0000173016    0.0000256018    0.0000256268   -0.0000143925    0.0001194647    0.0000759903   -0.0000317294    0.0000102347    0.0000110064   -0.0000542861   -0.0000387507   -0.0000236313    0.0000010293    0.0000756742    0.0000128586    0.0000141661    0.0000006072    0.0000092233    0.0000926744    0.0000406154    0.0000012458    0.0000167540   -0.0000174853    0.0000377665   -0.0000126234    0.0000090778    0.0000436317   -0.0000115907   -0.0000857068   -0.0000008890    0.0000091969   -0.0000001684   -0.0000046417    0.0000466790    0.0000063067   -0.0000262677    0.0000480225   -0.0000180711    0.0000007927   -0.0000181321   -0.0000101244   -0.0000553452   -0.0000282713    0.0000045695    0.0000162417    0.0000143741   -0.0000253592    0.0000240590   -0.0000305850    0.0000163586   -0.0000116679    0.0000071267   -0.0000114636    0.0000357791   -0.0000486157   -0.0000643194    0.0000008259    0.0000164336    0.0000043614    0.0000158860   -0.0000115356    0.0000332096    0.0000519687   -0.0000316764   -0.0000002003   -0.0000106830    0.0000172141   -0.0000091565    0.0000011130    0.0000292047   -0.0000060821   -0.0000135995   -0.0000004281    0.0000590216    0.0000130460    0.0000130828   -0.0000012959   -0.0000063918    0.0000101516    0.0000073771   -0.0000121986   -0.0000093189   -0.0000035021    0.0000217468   -0.0000146137    0.0000347222    0.0000247308    0.0000054278    0.0000031282    0.0000112460    0.0000475683    0.0000042425   -0.0000382979   -0.0000064555   -0.0000081334    0.0000310907    0.0000195646   -0.0000267741    0.0000001947    0.0000163593    0.0000077203   -0.0000288019   -0.0000093615   -0.0000054042    0.0000035346   -0.0000050275   -0.0000101707    0.0000248617   -0.0000021867   -0.0000045843   -0.0000137604    0.0000094269    0.0000075167   -0.0000130313   -0.0000149386   -0.0000025676    0.0000081914   -0.0000018811 
   0.0001641225   -0.0013954453    0.0007764397    0.0003156105    0.0000000000    0.0011194579   -0.0004596091   -0.0005150271    0.0001510618    0.0004857599   -0.0000064935   -0.0001645194    0.0000693636   -0.0001256606    0.0001944921   -0.0001034273   -0.0000543074   -0.0000309356    0.0002049657    0.0001445865    0.0003909467    0.0001383318    0.0000019757    0.0000025850   -0.0000411541   -0.0000027846    0.0000917778    0.0002330936   -0.0000308437    0.0000406940    0.0001036919   -0.0001144227    0.0000418898   -0.0000982750   -0.0001939556   -0.0000598419    0.0000795696   -0.0000497218    0.0000813189    0.0000555010    0.0000601814    0.0001101818   -0.0000382590    0.0000320667   -0.0000245838   -0.0000466048    0.0000516166   -0.0000196587    0.0000580448    0.0001373910    0.0000440426    0.0000008456    0.0000188561   -0.0000571555   -0.0000181872    0.0000020437   -0.0000213080   -0.0000263103    0.0000360085    0.0000167827    0.0000099150   -0.0000789816    0.0000200570   -0.0000077328    0.0000066438    0.0000169694   -0.0000244501    0.0000360320    0.0000403199    0.0000135612   -0.0000318389    0.0000258237    0.0000019619    0.0000163138    0.0000141919    0.0000275127   -0.0000192633   -0.0000298588    0.0000605666   -0.0000201452    0.0000196815    0.0000120597    0.0000136222    0.0000873531    0.0000104023    0.0000058326    0.0000091006    0.0000193426   -0.0000330839    0.0000118274   -0.0000198402   -0.0000119898   -0.0000483673    0.0000016802    0.0000192669   -0.0000207648    0.0000087236    0.0000138361    0.0000111314   -0.0000164321   -0.0000064478   -0.0000517688    0.0000489391   -0.0000296155    0.0000024528    0.0000091668   -0.0000270431   -0.0000192478    0.0000158919    0.0000157272    0.0000175125   -0.0000065820   -0.0000008111    0.0000218093    0.0000103817   -0.0000318271    0.0000027228    0.0000114195    0.0000210860    0.0000007822    0.0000390322   -0.0000150944   -0.0000076394   -0.0000246007    0.0000038690   -0.0000045716    0.0000238158    0.0000114761   -0.0000186848   -0.0000022663   -0.0000136869    0.0000011245   -0.0000370771    0.0000185231    0.0000273996   -0.0000124566    0.0000074925    0.0000202930   -0.0000164100   -0.0000442771   -0.0000256782    0.0000016723   -0.0000013810    0.0000236276   -0.0000156111   -0.0000049746   -0.0000008631   -0.0000179271   -0.0000012310   -0.0000012912    0.0000003685    0.0000074623 
  -0.0001485922   -0.0021984180    0.0004214559    0.0005702687   -0.0011194579    0.0000000000   -0.0017148704    0.0000566057    0.0010535296   -0.0003156032   -0.0008020172    0.0001069111    0.0003475751    0.0001916845   -0.0000750421    0.0000336793   -0.0004679291    0.0003016678    0.0000255562   -0.0000144226    0.0000474250   -0.0000564132   -0.0000505869    0.0000399634   -0.0000863095    0.0001572357   -0.0000563058   -0.0000391586   -0.0000120479    0.0001193398   -0.0000239025    0.0000176610    0.0001404559    0.0001753237    0.0000188024    0.0000769090   -0.0000434193   -0.0001345981    0.0000966434   -0.0000520738    0.0000467988   -0.0000378886    0.0002172841    0.0000701162   -0.0000750421    0.0000093593    0.0000084795   -0.0000392600   -0.0000250189    0.0000415966   -0.0000113739    0.0000323129    0.0000153943   -0.0000768428   -0.0000024588    0.0000219107   -0.0001669522   -0.0000458213   -0.0000280221    0.0000073984   -0.0000147967    0.0000896390    0.0000148335    0.0000178565    0.0000569482   -0.0000054956   -0.0000234924    0.0000087155    0.0000372175    0.0000107492    0.0000285234   -0.0000144881   -0.0000411732   -0.0000134863   -0.0000454692    0.0000351595    0.0000034637   -0.0000050832    0.0000138934    0.0000044093    0.0000188892   -0.0000004138    0.0000388043    0.0000931228    0.0000012785    0.0000304806   -0.0000662171   -0.0000090264    0.0000068304   -0.0000068980   -0.0000020481   -0.0000149967   -0.0000326106   -0.0000035227    0.0000139530    0.0000158463    0.0000108594   -0.0000019868    0.0000216652   -0.0000070548    0.0000111924    0.0000078849    0.0000207141   -0.0000130607    0.0000440595   -0.0000007942   -0.0000033496   -0.0000210030    0.0000326260   -0.0000407410    0.0000130262    0.0000097643   -0.0000096474   -0.0000015593    0.0000077776    0.0000148886    0.0000067929    0.0000370764    0.0000202371   -0.0000143962   -0.0000019263    0.0000171950    0.0000174552   -0.0000488391    0.0000091300    0.0000210022    0.0000014623    0.0000099039    0.0000022976   -0.0000215939    0.0000365031   -0.0000107286   -0.0000138229    0.0000254680   -0.0000169245    0.0000107440   -0.0000070232   -0.0000002401   -0.0000148864   -0.0000057435    0.0000099561    0.0000043225   -0.0000012269    0.0000117414    0.0000043653   -0.0000068160   -0.0000637954   -0.0000246412    0.0000023362    0.0000349574    0.0000216211    0.0000243611 
   0.0002635441   -0.0000343202   -0.0001379937   -0.0006031593    0.0004596091    0.0017148704    0.0000000000    0.0008189219    0.0009044009   -0.0000243949   -0.0000724800   -0.0004764182    0.0000106073    0.0000225560    0.0000288769   -0.0000776366   -0.0000830241    0.0002022021   -0.0000791801   -0.0000222495   -0.0000016424    0.0001022881   -0.0001568314    0.0001758970   -0.0000677106   -0.0000012030   -0.0000580485    0.0000611274    0.0001449246   -0.0000380032   -0.0000116701    0.0000174184    0.0000177808   -0.0000028839   -0.0000074425    0.0000070854    0.0000204466   -0.0000195852   -0.0000519047    0.0000412482   -0.0000568483   -0.0000189075    0.0000003227   -0.0000406470    0.0000507391    0.0000187576   -0.0000290129    0.0000178021   -0.0000993922    0.0000405294    0.0000510625    0.0000985911   -0.0000236100   -0.0000363804   -0.0000263845    0.0000166643    0.0000334147    0.0000006440    0.0000148453   -0.0000571768    0.0000179594   -0.0000033437    0.0000017016    0.0000110998   -0.0000023864    0.0000207891   -0.0000411350    0.0000343680   -0.0000191883   -0.0000133143    0.0000277590   -0.0000326790    0.0000264059    0.0000260648    0.0000031110    0.0000071898    0.0000301330   -0.0000397304   -0.0000110807    0.0000041799   -0.0000317463    0.0000161403   -0.0000022272    0.0000108874    0.0000259436   -0.0000219871   -0.0000014314    0.0000012852    0.0000205649    0.0000000508    0.0000123176    0.0000138743    0.0000324254   -0.0000374380    0.0000257885    0.0000030221    0.0000007723    0.0000225986   -0.0000161146    0.0000113879    0.0000306195   -0.0000189649   -0.0000373888   -0.0000146593    0.0000332148    0.0000195697   -0.0000075770    0.0000100745    0.0000448996   -0.0000176206   -0.0000126249    0.0000082759   -0.0000117708   -0.0000451164   -0.0000318844   -0.0000456801    0.0000279530    0.0000115121    0.0000053440   -0.0000089881    0.0000005068   -0.0000211551   -0.0000136421   -0.0000102178   -0.0000306725    0.0000224818   -0.0000155751   -0.0000054924    0.0000146931   -0.0000065833   -0.0000323497    0.0000106705   -0.0000171825    0.0000561508    0.0000122559   -0.0000440823    0.0000057732   -0.0000352683    0.0000005882    0.0000010482   -0.0000218725    0.0000140199    0.0000169289    0.0000157199   -0.0000020876    0.0000137428    0.0000074256   -0.0000308709   -0.0000255371   -0.0000037247    0.0000146446   -0.0000006200 
  -0.0001473721    0.0000678356   -0.0002718421   -0.0001439177    0.0005150271   -0.0000566057   -0.0008189219    0.0000000000   -0.0011091681    0.0009404152    0.0001363914    0.0006116190    0.0000772618    0.0000160301   -0.0001109315    0.0004585654   -0.0000168834   -0.0000153561   -0.0000209986    0.0002634780    0.0000568688   -0.0001209126   -0.0000973563    0.0001170098   -0.0001666141   -0.0001469164   -0.0000350647    0.0000371911   -0.0000691997   -0.0000560133    0.0000090793    0.0000415297    0.0000041400    0.0000212749    0.0000059124    0.0000005419   -0.0000182688   -0.0000719934   -0.0000744100   -0.0000185716    0.0000750568   -0.0000197719   -0.0000322813    0.0000263206    0.0000079129   -0.0000193992    0.0000083796    0.0000006422    0.0000573018   -0.0000281360   -0.0000838326    0.0000129541   -0.0000138868   -0.0000767326   -0.0000119399    0.0000682472    0.0000206546    0.0000145307    0.0000284734   -0.0000247712    0.0000379091   -0.0000464886   -0.0000066702    0.0000252659    0.0000837444   -0.0000404691   -0.0000067525   -0.0000074190   -0.0001400664   -0.0000225891    0.0000162829   -0.0000425572    0.0000022259   -0.0000127226    0.0000113747   -0.0000707895   -0.0000019257   -0.0000011664    0.0000033318    0.0000128086    0.0000010967   -0.0000024784    0.0000137582   -0.0000177668    0.0000404353   -0.0000460763    0.0000461807    0.0000417810    0.0000048716   -0.0000020879    0.0000105963    0.0000000805    0.0000033843   -0.0000362584    0.0000322644   -0.0000198726    0.0000241531    0.0000198976    0.0000084053   -0.0000512418   -0.0000322380   -0.0000295869   -0.0000316654    0.0000115746   -0.0000190898   -0.0000513131    0.0000020319   -0.0000189391   -0.0000018577    0.0000108190   -0.0000073638    0.0000147093    0.0000085244   -0.0000101531    0.0000035302   -0.0000021717    0.0000120281   -0.0000145601    0.0000136803    0.0000293201   -0.0000000754   -0.0000358600    0.0000282845   -0.0000012498    0.0000068394   -0.0000112100    0.0000612295   -0.0000259605    0.0000127866   -0.0000450429    0.0000252652   -0.0000040154   -0.0000277795    0.0000184298   -0.0000116451   -0.0000142418    0.0000073785   -0.0000070390   -0.0000301050    0.0000142852   -0.0000160176    0.0000160080    0.0000083781    0.0000262214   -0.0000030159   -0.0000045580    0.0000135414    0.0000227875   -0.0000116701   -0.0000012022   -0.0000054134    0.0000117818 
   0.0000979075    0.0001196043    0.0000969006    0.0003391301   -0.0001510618   -0.0010535296   -0.0009044009    0.0011091681    0.0000000000    0.0000818848    0.0009195416    0.0012748340   -0.0003341396   -0.0000924686   -0.0005587147    0.0002136165    0.0000521186    0.0000554371    0.0000123037   -0.0000011941    0.0000531638    0.0000737779    0.0002260451    0.0000076468   -0.0001758088    0.0000793418    0.0001575664   -0.0000954674   -0.0001373910   -0.0001394343   -0.0000513094    0.0000202298   -0.0000254276   -0.0000222076    0.0000103640   -0.0000913147   -0.0000308856   -0.0000208883    0.0000087294   -0.0000565609    0.0000374108   -0.0000611046    0.0000037181    0.0000075564    0.0000308430   -0.0000282286    0.0000561949   -0.0000635594    0.0000819510   -0.0000850894   -0.0000407528   -0.0000251836   -0.0000223193    0.0000276590    0.0000363943   -0.0000209831   -0.0000102839   -0.0000093071   -0.0000231785   -0.0000313090   -0.0000096019   -0.0000324651    0.0000533674   -0.0000056987   -0.0000234292    0.0000106139   -0.0000138979    0.0000718971   -0.0000004900   -0.0000459932    0.0000086405   -0.0000338373   -0.0000133687   -0.0000070809    0.0000508772   -0.0000267851   -0.0000499225    0.0000798930    0.0000044179   -0.0000095357   -0.0000105052    0.0000332368   -0.0000026151    0.0000248528   -0.0000054451    0.0000682457   -0.0000027770   -0.0000222818   -0.0000149371    0.0000207920   -0.0000245052    0.0000286917    0.0000012727   -0.0000073399   -0.0000211639   -0.0000156993    0.0000005040    0.0000034619    0.0000041416   -0.0000212448    0.0000010705   -0.0000171075    0.0000238194    0.0000135370    0.0000118597    0.0000012568   -0.0000129652   -0.0000188458    0.0000154590    0.0000368022    0.0000333280    0.0000206869    0.0000036129    0.0000219136   -0.0000233211    0.0000446945   -0.0000136362   -0.0000112291   -0.0000163358   -0.0000175471   -0.0000341313    0.0000086236   -0.0000116290   -0.0000003751    0.0000420442   -0.0000217578    0.0000015815   -0.0000141507    0.0000050472   -0.0000229867    0.0000225222    0.0000059149    0.0000253166    0.0000052174   -0.0000094990    0.0000486392    0.0000025646   -0.0000148930    0.0000151010   -0.0000283800   -0.0000075762    0.0000163071   -0.0000136509    0.0000305468   -0.0000347193    0.0000409593   -0.0000046805    0.0000216373    0.0000430540    0.0000100098   -0.0000082407   -0.0000452355 
   0.0000664957    0.0001050810   -0.0000543963   -0.0000388205   -0.0004857599    0.0003156032    0.0000243949   -0.0009404152   -0.0000818848    0.0000000000    0.0003776655   -0.0024681581    0.0002932596   -0.0002262729    0.0002601926   -0.0002890261    0.0000735574    0.0000494161   -0.0001710755    0.0004330761    0.0000798269    0.0001224781   -0.0000483334    0.0000097165   -0.0000746673   -0.0001193251    0.0000537385   -0.0000146108    0.0000024915   -0.0000054951   -0.0001896339    0.0000029948   -0.0001118723    0.0000283058   -0.0000001439    0.0000202481   -0.0000078166    0.0000924686    0.0000228375    0.0001221180   -0.0000000824   -0.0000740572   -0.0000268263   -0.0000114489    0.0000070751   -0.0000454957   -0.0001201262   -0.0000140882    0.0000710658   -0.0000944752    0.0000241355    0.0000593097   -0.0000020372    0.0000530778   -0.0000163020   -0.0001083003    0.0000519128   -0.0000018777   -0.0000090308   -0.0000731503    0.0000248374   -0.0000335183   -0.0000308907   -0.0000185981   -0.0000002535   -0.0000200541    0.0000036823   -0.0000135076   -0.0000184585    0.0000061254    0.0000645517    0.0000804002    0.0000105441   -0.0000162138   -0.0000375600   -0.0000021767    0.0000164608    0.0000059898   -0.0000623217   -0.0000506509   -0.0000031962   -0.0000216454   -0.0000201967    0.0000327142   -0.0000376967    0.0000097180    0.0000343202    0.0000030931    0.0000068645   -0.0000123772    0.0000099378   -0.0000237077   -0.0000053355   -0.0000167650   -0.0000314626   -0.0000493904    0.0000338314   -0.0000046031    0.0000159713    0.0000452605   -0.0000284021   -0.0000065060   -0.0000154957    0.0000049718   -0.0000015266   -0.0000161954    0.0000018350    0.0000059062   -0.0000010717   -0.0000054859    0.0000225847    0.0000150393   -0.0000362422    0.0000122338    0.0000171156   -0.0000143969    0.0000250616   -0.0000002584    0.0000440044   -0.0000140625   -0.0000196050    0.0000103956   -0.0000334544   -0.0000289496    0.0000125712    0.0000331832   -0.0000018221   -0.0000032005    0.0000102119   -0.0000053851   -0.0000000174   -0.0000171715   -0.0000180616    0.0000340629   -0.0000040812   -0.0000014234   -0.0000046080    0.0000151716   -0.0000284888   -0.0000174383    0.0000104868    0.0000329766    0.0000221804   -0.0000526603   -0.0000447070   -0.0000031538    0.0000159639   -0.0000173310   -0.0000050969    0.0000121442   -0.0000044619    0.0000016492 
   0.0002223996   -0.0000650022    0.0000820024   -0.0001615133    0.0000064935    0.0008020172    0.0000724800   -0.0001363914   -0.0009195416   -0.0003776655    0.0000000000    0.0013739837    0.0001058087   -0.0001910303    0.0004334583   -0.0005165338   -0.0001723176   -0.0000524038    0.0005072068    0.0000113291   -0.0001012150    0.0000003863    0.0000551086    0.0001070434    0.0000723109    0.0001064995    0.0002719009   -0.0001502606    0.0001997840   -0.0001426241    0.0000493896    0.0000160014   -0.0000306041    0.0000567108   -0.0000429475    0.0000527963   -0.0000132908   -0.0000803855    0.0000385581   -0.0000168216   -0.0000514829   -0.0000000646    0.0000165122   -0.0000373410    0.0000291282   -0.0000086023   -0.0000489067   -0.0000018493    0.0000016000   -0.0000462086    0.0001307100   -0.0000283977   -0.0000703367   -0.0000142433   -0.0000182431    0.0000326525   -0.0000279368    0.0000668360   -0.0000348126    0.0000906385    0.0000400038    0.0000214976   -0.0000446850   -0.0000389602    0.0000066414    0.0000127189    0.0000368941    0.0000097753   -0.0000124154   -0.0000378503    0.0000238040   -0.0000190545   -0.0000176117    0.0000063662    0.0000333654   -0.0000301322    0.0000328914    0.0000163887   -0.0000025852    0.0000033905    0.0000321255   -0.0000008441   -0.0000104559   -0.0000499930    0.0000353117   -0.0000473875   -0.0000128138    0.0000279339    0.0000027538    0.0000216115    0.0000121295    0.0000043014    0.0000296119    0.0000125183   -0.0000056709   -0.0000154185   -0.0000555400    0.0000066765   -0.0000145924    0.0000268527    0.0000107102    0.0000095416   -0.0000085758    0.0000319734    0.0000265690    0.0000144278   -0.0000137340    0.0000209060    0.0000415679    0.0000398774   -0.0000116407    0.0000040253   -0.0000265948   -0.0000368324   -0.0000012504   -0.0000299867   -0.0000032274    0.0000060366   -0.0000329943    0.0000070482   -0.0000272930   -0.0000049873   -0.0000168040   -0.0000210713    0.0000237254   -0.0000127844   -0.0000196219    0.0000304622   -0.0000426402   -0.0000118531   -0.0000074079    0.0000075733   -0.0000411387    0.0000059749    0.0000355719   -0.0000519871    0.0000175904    0.0000304321   -0.0000122346    0.0000038750   -0.0000129806    0.0000199894    0.0000130181    0.0000342144    0.0000072846   -0.0000020688    0.0000239054   -0.0000252740    0.0000252674    0.0000128373   -0.0000163263   -0.0000211066 
   0.0000907561    0.0001004065    0.0001603814   -0.0008219354    0.0001645194   -0.0001069111    0.0004764182   -0.0006116190   -0.0012748340    0.0024681581   -0.0013739837    0.0000000000   -0.0001669007    0.0000014743   -0.0000741013   -0.0000511823    0.0005977719   -0.0002552388    0.0001794690    0.0000044772   -0.0000451208    0.0000433054    0.0001168114   -0.0000830902    0.0000533108   -0.0000332442   -0.0001046474   -0.0001255430    0.0000281889    0.0002027607   -0.0000193426   -0.0000054655    0.0000106110    0.0000141955   -0.0000183181    0.0000249043    0.0000484488   -0.0000048827    0.0001256092   -0.0000461197    0.0000307592    0.0000039360   -0.0000149599    0.0000122427    0.0000503378   -0.0000209787   -0.0000046347   -0.0000009415    0.0000519753    0.0000296648   -0.0000039074    0.0000017290    0.0000656291   -0.0000538356   -0.0000665633    0.0000086398   -0.0000267792   -0.0000241994   -0.0000169613    0.0001228383   -0.0000711908   -0.0000138119   -0.0000275208    0.0000209185   -0.0000159940   -0.0000500555   -0.0000004345    0.0000402846    0.0000037606   -0.0000621703   -0.0000207744    0.0000371308    0.0000228030   -0.0000142948    0.0000316059   -0.0000073888   -0.0000319124    0.0000049434    0.0000418046   -0.0000006255   -0.0000272342   -0.0000081797   -0.0000160925    0.0000160653   -0.0000238106    0.0000104434   -0.0000317294    0.0000048798    0.0000292069   -0.0000052125   -0.0000288254   -0.0000385545   -0.0000317786    0.0000215572   -0.0000122713   -0.0000037679   -0.0000011714    0.0000063845   -0.0000150077   -0.0000024861   -0.0000285895    0.0000055024    0.0000258995   -0.0000011973   -0.0000144925    0.0000042050   -0.0000284748    0.0000374255   -0.0000075895   -0.0000213991    0.0000073690   -0.0000091124   -0.0000116988    0.0000416679   -0.0000223392   -0.0000065677    0.0000191868    0.0000214888    0.0000280383    0.0000173251    0.0000036413   -0.0000160565    0.0000057846   -0.0000309319    0.0000108653    0.0000035851    0.0000076417    0.0000149379   -0.0000081135    0.0000033690   -0.0000092160   -0.0000010499    0.0000193934    0.0000138075    0.0000105956   -0.0000072529    0.0000263559   -0.0000179285    0.0000024144    0.0000415062    0.0000048497    0.0000293936    0.0000106183    0.0000360731   -0.0000284293   -0.0000255129    0.0000024367   -0.0000036511    0.0000154715   -0.0000136377   -0.0000118891    0.0000049281 
   0.0000274201    0.0004379343    0.0000221841    0.0000643613   -0.0000693636   -0.0003475751   -0.0000106073   -0.0000772618    0.0003341396   -0.0002932596   -0.0001058087    0.0001669007    0.0000000000   -0.0002307490    0.0004270051   -0.0003123619   -0.0004844516    0.0007479957   -0.0003021897   -0.0000517467   -0.0005707978   -0.0000009120   -0.0000339174    0.0000057359   -0.0001195970   -0.0000109601    0.0000146248    0.0001035963    0.0000014150   -0.0001443440   -0.0001778373   -0.0000462476   -0.0002615670   -0.0000190361   -0.0000441183    0.0001746181    0.0000052982    0.0000443998   -0.0000145946    0.0000003782    0.0000754464   -0.0000166041   -0.0001099540   -0.0002436921   -0.0000411409   -0.0000644252    0.0000185003   -0.0001236541   -0.0000768208    0.0000050485   -0.0000003297   -0.0000541501    0.0000669977    0.0000326224   -0.0000453215   -0.0000297074    0.0000622335    0.0000296354   -0.0000205458    0.0000739323    0.0000031721   -0.0000402956    0.0000084251    0.0000144873    0.0000123309    0.0000527948   -0.0000294862    0.0000022876    0.0000033027   -0.0000181093   -0.0000265889   -0.0000368177    0.0000013921    0.0000160381   -0.0000109175   -0.0000494910    0.0000160315    0.0000030159   -0.0000726608    0.0000862507   -0.0000257267    0.0000043601    0.0000332677    0.0000307290   -0.0000120927    0.0000124984   -0.0000314096    0.0000127829   -0.0000467003   -0.0000030945    0.0000223877    0.0000205171    0.0000427064   -0.0000035691   -0.0000376607   -0.0000133349    0.0000052413   -0.0000141169    0.0000150062    0.0000091587   -0.0000260898   -0.0000192934    0.0000037606   -0.0000166893    0.0000209655    0.0000082473   -0.0000011884    0.0000521907    0.0000091374    0.0000370992    0.0000054695    0.0000018981   -0.0000059040    0.0000030118    0.0000428027    0.0000125146    0.0000095372   -0.0000021067    0.0000010454   -0.0000091572    0.0000218489   -0.0000199042   -0.0000178719    0.0000042617   -0.0000181652    0.0000289041    0.0000141735    0.0000080702   -0.0000061368   -0.0000144307    0.0000138067   -0.0000215373   -0.0000624812   -0.0000142764    0.0000287688   -0.0000064008   -0.0000172060    0.0000075189    0.0000141595   -0.0000050588    0.0000036003   -0.0000069536   -0.0000128880   -0.0000178124    0.0000270703    0.0000103707    0.0000015190   -0.0000036427   -0.0000146983    0.0000289960    0.0000341541    0.0000219114 
  -0.0000338770    0.0002253910    0.0000476190   -0.0000107837    0.0001256606   -0.0001916845   -0.0000225560   -0.0000160301    0.0000924686    0.0002262729    0.0001910303   -0.0000014743    0.0002307490    0.0000000000   -0.0017040661    0.0010045795    0.0001762792   -0.0000514895    0.0007580651    0.0002712688   -0.0001273364    0.0000354366   -0.0000134782    0.0000456471    0.0000981868   -0.0000346620    0.0000505377    0.0001654161   -0.0000378981   -0.0000970623    0.0001321138   -0.0000823552   -0.0000661503   -0.0000401317   -0.0000675791   -0.0001715458   -0.0000074711    0.0000312582   -0.0000155281    0.0000204363    0.0000458771    0.0001188914    0.0000461226   -0.0000480666    0.0000113151    0.0000451010    0.0000913809    0.0000405830   -0.0000470024    0.0000252821   -0.0000576920    0.0001391182    0.0000209383    0.0000111564    0.0000383391    0.0000028096   -0.0000543596   -0.0000059158    0.0000482467    0.0000011521   -0.0000375049   -0.0000000277    0.0000004768    0.0000451965    0.0000671410    0.0000162579    0.0000035968    0.0000170987   -0.0000380598    0.0000389852    0.0000211382    0.0000200828    0.0000169995    0.0000247771   -0.0000440852   -0.0000177080   -0.0000074050    0.0000048817    0.0000090837   -0.0000699347    0.0000113923    0.0000015010    0.0000023495   -0.0000164365    0.0000346870    0.0000390513    0.0000057513    0.0000239929   -0.0000059690   -0.0000175147   -0.0000132209   -0.0000251961   -0.0000000388   -0.0000182225    0.0000472001    0.0000297853    0.0000142631    0.0000067448    0.0000161080    0.0000107800   -0.0000181512   -0.0000998847    0.0000034689   -0.0000041297   -0.0000143249   -0.0000180549    0.0000088801   -0.0000004981   -0.0000179116   -0.0000150246   -0.0000062703    0.0000105346   -0.0000142683   -0.0000165159   -0.0000175552   -0.0000211919    0.0000148511    0.0000133716    0.0000055145   -0.0000141933    0.0000256334   -0.0000088257   -0.0000189208    0.0000143602    0.0000101899    0.0000059355   -0.0000243170   -0.0000030687    0.0000347752   -0.0000184254    0.0000202129    0.0000051513   -0.0000137509    0.0000091498    0.0000353161    0.0000482541   -0.0000050314   -0.0000110005    0.0000214190   -0.0000082840   -0.0000039481    0.0000168599    0.0000077387   -0.0000043533    0.0000018508    0.0000150797    0.0000064118   -0.0000149232    0.0000051640    0.0000474801    0.0000204319    0.0000113019 
  -0.0000155692   -0.0002614200    0.0001660775   -0.0000992599   -0.0001944921    0.0000750421   -0.0000288769    0.0001109315    0.0005587147   -0.0002601926   -0.0004334583    0.0000741013   -0.0004270051    0.0017040661    0.0000000000    0.0024493424    0.0023962764   -0.0017068591   -0.0002410976    0.0001314156    0.0002817571    0.0000210346    0.0000074807    0.0000337653    0.0000521039    0.0000204900    0.0000192868   -0.0000240789   -0.0000410703    0.0000899403    0.0000682435    0.0000415863   -0.0001679959    0.0003194104   -0.0000210779   -0.0000818040    0.0000663877    0.0001054044   -0.0000164277    0.0000277112    0.0001812403   -0.0000773059    0.0000050716    0.0000498549   -0.0000444851    0.0000556120    0.0000013336    0.0000615338   -0.0000018600   -0.0000376967    0.0000451921    0.0000954012    0.0000829138   -0.0000106896    0.0000334176   -0.0000097070    0.0000217321   -0.0000103655   -0.0000165078   -0.0000344959    0.0000524413   -0.0000238121    0.0000431540    0.0000132797   -0.0000446468    0.0000764533   -0.0000704066    0.0000811205    0.0000228279   -0.0000049410   -0.0000764974   -0.0000330038    0.0000104493   -0.0000055943    0.0000114437   -0.0000439728   -0.0000237945    0.0000845675    0.0000000831    0.0000223377   -0.0000731591   -0.0000180145   -0.0000580411   -0.0000036244    0.0000019201   -0.0000563463    0.0000065174   -0.0000144454   -0.0000060455   -0.0000204598    0.0000435619   -0.0000195587    0.0000173288    0.0000380267    0.0000239944   -0.0000654542   -0.0000032500    0.0000217380    0.0000185636   -0.0000405566   -0.0000035279   -0.0000402743    0.0000058265    0.0000608738    0.0000184335   -0.0000159022   -0.0000271320    0.0000327767    0.0000360842   -0.0000007415   -0.0000234880   -0.0000087897    0.0000077254    0.0000126682   -0.0000103258   -0.0000242494    0.0000388925   -0.0000053966    0.0000107977    0.0000006067   -0.0000292547    0.0000008738    0.0000082774    0.0000097753    0.0000029693    0.0000237121    0.0000122022   -0.0000234755   -0.0000532652   -0.0000225487    0.0000050480   -0.0000061170    0.0000275098   -0.0000282837    0.0000042182   -0.0000009313    0.0000418854   -0.0000086096   -0.0000097114    0.0000233329    0.0000295244   -0.0000032794   -0.0000198579   -0.0000170693   -0.0000032924   -0.0000045218    0.0000181659    0.0000003624   -0.0000193684    0.0000008098   -0.0000174052    0.0000000514 
  -0.0000649625    0.0000575744   -0.0000243134    0.0000536922    0.0001034273   -0.0000336793    0.0000776366   -0.0004585654   -0.0002136165    0.0002890261    0.0005165338    0.0000511823    0.0003123619   -0.0010045795   -0.0024493424    0.0000000000   -0.0026697649    0.0026133914    0.0006141988    0.0004112176   -0.0002730769    0.0000076358    0.0000341570   -0.0001117767    0.0001924121   -0.0001883623   -0.0000185518    0.0000165387   -0.0000027738    0.0001227868    0.0000711291   -0.0000179704   -0.0002606777    0.0001399561    0.0000006131    0.0001018544    0.0000148813    0.0000027237    0.0000033297    0.0000065673   -0.0000032190    0.0000063383    0.0001182887   -0.0000151789    0.0000243641   -0.0000547513   -0.0000042712   -0.0000394269   -0.0000117289    0.0000690351    0.0000184261   -0.0000676739    0.0000863683    0.0000441212    0.0000283220    0.0000025127    0.0000236879   -0.0000098914    0.0000999949   -0.0000411188    0.0000266734   -0.0000482629    0.0000032109    0.0000206539   -0.0000468473   -0.0000175243   -0.0000136707    0.0000164174   -0.0000135201    0.0000034982   -0.0000429872    0.0000341658   -0.0000367743   -0.0000191633    0.0000577898    0.0000542905   -0.0000418031   -0.0000114202    0.0000001560    0.0000179403    0.0000244618   -0.0000237489   -0.0000531910    0.0000141749    0.0000738882    0.0000070157    0.0000083112    0.0000257370   -0.0000354528    0.0000432811   -0.0000145924    0.0000004509   -0.0000187120   -0.0000296383    0.0000406183    0.0000052853   -0.0000055192   -0.0000184180   -0.0000047390    0.0000212463    0.0000003156   -0.0000578559   -0.0000020237   -0.0000096783    0.0000139206   -0.0000673306   -0.0000186679   -0.0000912853    0.0000355535    0.0000098106   -0.0000261222    0.0000236070   -0.0000140353    0.0000038452    0.0000249219    0.0000440529   -0.0000096136    0.0000063213   -0.0000051121   -0.0000233167    0.0000004881    0.0000225780   -0.0000339887   -0.0000165886    0.0000432282    0.0000136965    0.0000063858    0.0000147938   -0.0000239216   -0.0000069284    0.0000427005    0.0000036502    0.0000039230    0.0000022624   -0.0000213102    0.0000023019    0.0000101017    0.0000048779    0.0000119744    0.0000329362   -0.0000357858    0.0000027614    0.0000058880    0.0000130445   -0.0000032204   -0.0000095115    0.0000218688    0.0000013077    0.0000148864   -0.0000245096   -0.0000002862   -0.0000167356 
