  -0.2717391997   -0.0001860030    0.0009593778   -0.0003994431    0.0019534471   -0.0001150915    0.0003232397    0.0002076631    0.0000341115   -0.0001472031    0.0001505032   -0.0000086111    0.0001388610    0.0000726365   -0.0001732657   -0.0001913758   -0.0000781364   -0.0001323417    0.0000404684    0.0000072822   -0.0001505399   -0.0000838399    0.0000484694   -0.0000616793    0.0000788126   -0.0001235365    0.0001702596    0.0000493830   -0.0000436244   -0.0000501915    0.0000249940   -0.0000149930   -0.0000170759   -0.0000731598    0.0000598103    0.0000304373    0.0000421941   -0.0001790574   -0.0001105934    0.0000442998   -0.0000324063   -0.0000290709   -0.0000626091   -0.0000426380    0.0000239980   -0.0000536268   -0.0000048048   -0.0000109065   -0.0000672351   -0.0000198388    0.0000248220    0.0000486025   -0.0000277884    0.0000202143   -0.0000367824   -0.0000330516    0.0000136134   -0.0000678099    0.0000082833   -0.0000459690   -0.0000271710    0.0000310524   -0.0000084509   -0.0000222642   -0.0000010781    0.0000272371   -0.0000229242    0.0000483526    0.0000198821   -0.0000252100   -0.0000777542   -0.0000113482   -0.0000171164   -0.0000980325    0.0000078026   -0.0000495175    0.0000135972   -0.0000136399   -0.0000198461   -0.0000302756    0.0000256694    0.0000039471   -0.0000322747    0.0000011842   -0.0000138817    0.0000429475   -0.0000125639   -0.0000084259   -0.0000249197   -0.0000289842   -0.0000250256   -0.0000380591    0.0000076887    0.0000330516   -0.0000598852   -0.0000056296    0.0000021067   -0.0000435105   -0.0000015690   -0.0000293399    0.0000656093   -0.0000011919   -0.0000038649    0.0000119626    0.0000145344    0.0000122324   -0.0000284998    0.0000224509   -0.0000124463    0.0000038692   -0.0000088808   -0.0000063546   -0.0000052336    0.0000151709   -0.0000233336   -0.0000327539   -0.0000091579   -0.0000141220   -0.0000033330    0.0000185672    0.0000034807    0.0000106330    0.0000160499    0.0000416113   -0.0000041245    0.0000237673   -0.0000208339    0.0000099951    0.0000167570    0.0000008318    0.0000136362   -0.0000136325    0.0000331192    0.0000120692    0.0000189472    0.0000168025    0.0000111902   -0.0000033884   -0.0000068739   -0.0000361386    0.0000154391    0.0000056903   -0.0000028895   -0.0000029682   -0.0000025727   -0.0000258215   -0.0000007015    0.0000002099    0.0000081076   -0.0000148284   -0.0000141654    0.0000035686 
  -0.0001860030   -0.2709527642    0.0024020828    0.0005268971    0.0000483401    0.0004525312   -0.0007245938    0.0000521730   -0.0002457133    0.0000037487    0.0000544294   -0.0003636052    0.0000299779    0.0000527610   -0.0002402303   -0.0000043632   -0.0001371191    0.0001210964   -0.0000355895    0.0000257245   -0.0002074867   -0.0000540935    0.0000102281    0.0000036661   -0.0000302248    0.0000106198   -0.0001743094    0.0004034782   -0.0000185217   -0.0000310348   -0.0000414775   -0.0000474404    0.0000309907   -0.0000230440   -0.0000321189   -0.0000376159   -0.0000075829    0.0000025021   -0.0000388867    0.0000352286    0.0000044764    0.0000792830    0.0000350677    0.0001210449    0.0000032499   -0.0000170193   -0.0000212734   -0.0000410255   -0.0000094196   -0.0000135473    0.0000470663    0.0001163263   -0.0000007831   -0.0000087206    0.0000044367    0.0000112865    0.0000536628    0.0000837885    0.0000306210   -0.0000370433   -0.0000113489    0.0000073089   -0.0000147754    0.0000033123   -0.0000111600   -0.0000318073   -0.0000071511    0.0000392387   -0.0000239753   -0.0000228463   -0.0000221914   -0.0000088985   -0.0000091954   -0.0000009872   -0.0000435759   -0.0000026673   -0.0000158007    0.0000007528   -0.0000037916   -0.0000095629    0.0000165335    0.0000443932    0.0000145079   -0.0000012289    0.0000151047   -0.0000117091   -0.0000252475    0.0000366442    0.0000334478    0.0000649993   -0.0000201048    0.0000076071    0.0000142918    0.0000139353   -0.0000195609    0.0000272349    0.0000216299    0.0000045097    0.0000090653    0.0000439551   -0.0000088154    0.0000276303    0.0000165350    0.0000474618   -0.0000184739    0.0000196602   -0.0000220305   -0.0000235585    0.0000115069   -0.0000188553    0.0000077203   -0.0000233277   -0.0000016813    0.0000411276   -0.0000041253   -0.0000265896    0.0000193500    0.0000521025   -0.0000074145   -0.0000383340   -0.0000253151    0.0000381201   -0.0000252130    0.0000343452   -0.0000091498   -0.0000196954    0.0000260714    0.0000239664   -0.0000229874   -0.0000242678    0.0000063066    0.0000234733   -0.0000087346   -0.0000009490   -0.0000282382    0.0000051573    0.0000210919   -0.0000047166    0.0000016215   -0.0000076247    0.0000037287   -0.0000357960   -0.0000378165    0.0000100032    0.0000269174    0.0000359423    0.0000084744   -0.0000213837   -0.0000181828    0.0000027251    0.0000123654    0.0000018267 
   0.0009593778    0.0024020828   -0.2707616677   -0.0002006954   -0.0009892918    0.0002547684   -0.0001665332    0.0000471854   -0.0001904570    0.0002290953   -0.0001233895   -0.0003161177    0.0001748900   -0.0000442205    0.0000101649    0.0000358063    0.0001760513    0.0001685765    0.0000578420    0.0000256554    0.0001100348   -0.0000928435    0.0000965993   -0.0001308790   -0.0001095718   -0.0000604835   -0.0000278310   -0.0000714951   -0.0000273246    0.0001026703    0.0001274246    0.0000438588   -0.0000043058   -0.0000482188    0.0000779527   -0.0000818334    0.0000249910   -0.0000779380   -0.0000211742   -0.0000144285   -0.0000162410   -0.0000083105   -0.0000158125    0.0000880073   -0.0001015678   -0.0000270247    0.0000188936   -0.0000376570    0.0000108763   -0.0000114173    0.0000057388    0.0000054105    0.0000089124    0.0000774823   -0.0000714348    0.0000005698    0.0000006611    0.0000288644   -0.0000297897   -0.0000201923    0.0000347421    0.0000038088    0.0000634264   -0.0000150525    0.0000108851   -0.0000369985   -0.0000220033    0.0000481813   -0.0000417472    0.0000184746    0.0000029380   -0.0000047197    0.0000368699    0.0000281081   -0.0000007151    0.0000002749   -0.0000337682    0.0000354682    0.0000149709    0.0000163064    0.0000199681    0.0000194676   -0.0000289320   -0.0000298816   -0.0000034825   -0.0000129269    0.0000190428    0.0000008122   -0.0000054316    0.0000322255    0.0000091440   -0.0000205583    0.0000014154    0.0000066541    0.0000033639    0.0000629295    0.0000062849   -0.0000129446   -0.0000536033    0.0000119531   -0.0000039620   -0.0000088279   -0.0000155376   -0.0000338968    0.0000001833    0.0000186591   -0.0000031875    0.0000304703   -0.0000365215    0.0000039586    0.0000283058   -0.0000015696   -0.0000127983    0.0000331427    0.0000120619   -0.0000109748    0.0000008818   -0.0000182166    0.0000035945   -0.0000401935    0.0000296633    0.0000078372   -0.0000563705   -0.0000086162    0.0000286946   -0.0000103302    0.0000434509   -0.0000195220   -0.0000092990    0.0000110395    0.0000376923   -0.0000099267   -0.0000323813   -0.0000089477    0.0000088470    0.0000291135    0.0000198777    0.0000130004   -0.0000310546   -0.0000102060   -0.0000024748   -0.0000220738   -0.0000031939   -0.0000274562    0.0000066604   -0.0000160080    0.0000150952   -0.0000249793   -0.0000185885    0.0000061479   -0.0000290129   -0.0000121273 
  -0.0003994431    0.0005268971   -0.0002006954   -0.2702324775    0.0026827741    0.0006537484   -0.0002961555   -0.0001255871    0.0000871400    0.0000490662    0.0002121391   -0.0004509289    0.0000155523    0.0000182203   -0.0000003635   -0.0001265941    0.0000382355   -0.0001309378   -0.0000213991   -0.0000441484   -0.0000094130   -0.0000665317   -0.0001875979   -0.0001791383    0.0000038792    0.0000120839    0.0000461527   -0.0000272768    0.0000087522   -0.0000307878   -0.0000551424    0.0000162322   -0.0000582028   -0.0000188634   -0.0001162308   -0.0000248587   -0.0000283705    0.0000006126   -0.0001540458   -0.0000311884   -0.0000442308   -0.0000125874   -0.0000024044   -0.0000564256   -0.0000142470   -0.0000050659    0.0000302704    0.0000228978   -0.0000688726    0.0000195036   -0.0000038748    0.0000038665   -0.0000334750    0.0000617367   -0.0000802385    0.0000109417    0.0000153465    0.0000285954    0.0000697377   -0.0000113769    0.0000456074    0.0000342342   -0.0000366530   -0.0000023161   -0.0000444696   -0.0000004825    0.0000639548   -0.0000810102    0.0000177801    0.0000418560   -0.0000153921    0.0000291253    0.0000100215   -0.0000254974    0.0000087559   -0.0000248874    0.0000216814    0.0000275929    0.0000015345   -0.0000011776    0.0000239378    0.0000029674    0.0000407726    0.0000459220   -0.0000597147    0.0000110579   -0.0000144616    0.0000382796   -0.0000069734    0.0000024477   -0.0000089271   -0.0000276215   -0.0000537959   -0.0000042626   -0.0000060741    0.0000362951    0.0000143881    0.0000221812   -0.0000273319   -0.0000301411   -0.0000125161    0.0000002105    0.0000245346    0.0000264404    0.0000101693   -0.0000194852   -0.0000136156    0.0000372645   -0.0000316889    0.0000045377    0.0000101605   -0.0000116525    0.0000232711    0.0000082098    0.0000121846   -0.0000324504    0.0000029996    0.0000042792   -0.0000196094    0.0000101075   -0.0000174500   -0.0000143190    0.0000295582   -0.0000174750    0.0000155156   -0.0000119296   -0.0000024540   -0.0000041922    0.0000023675    0.0000054936    0.0000029914    0.0000323673    0.0000332795   -0.0000008385   -0.0000127946   -0.0000313545   -0.0000120486    0.0000040066    0.0000003404    0.0000033866   -0.0000224311   -0.0000262118   -0.0000044902   -0.0000119560   -0.0000015557   -0.0000121596    0.0000018341    0.0000150907   -0.0000161771    0.0000131915    0.0000031626    0.0000029471 
   0.0019534471    0.0000483401   -0.0009892918    0.0026827741   -0.2696518381   -0.0032228422    0.0000259009    0.0000621835    0.0004178766   -0.0003622601    0.0000914029    0.0004820556    0.0000891686    0.0001564566    0.0003110022    0.0000471376   -0.0000699178    0.0002525855   -0.0000245044    0.0000980692    0.0002947222   -0.0000570533   -0.0000000871    0.0000434083    0.0000684662    0.0001180388    0.0000882792   -0.0001144741   -0.0000029233   -0.0000015248    0.0000035252    0.0000274121   -0.0000427409   -0.0000235049    0.0000075439    0.0001172891   -0.0000920865    0.0000186319    0.0000275899    0.0001334515   -0.0000129078   -0.0001161573    0.0000267315    0.0000235012    0.0000696561    0.0000068751    0.0000430952    0.0000480468    0.0000435318    0.0000059765   -0.0000162366    0.0000000778    0.0000351706   -0.0000727864    0.0000041233   -0.0000245684   -0.0000070366    0.0001153929   -0.0000162770   -0.0000032685    0.0000079187   -0.0000686139    0.0000165739    0.0000216990    0.0000064036    0.0000063739    0.0000169238    0.0000027722    0.0000027067   -0.0000048555    0.0000415782    0.0000027383   -0.0000145843   -0.0000010928   -0.0000108411   -0.0000125955   -0.0000062864   -0.0001227795    0.0000085545    0.0000198748    0.0000062350   -0.0000089147   -0.0000355292    0.0000122853    0.0000059631    0.0000388117   -0.0000491882    0.0000018092    0.0000309393    0.0000563757   -0.0000242002   -0.0000210427   -0.0000306835   -0.0000209478   -0.0000108153    0.0000343048    0.0000019795   -0.0000026349    0.0000148769   -0.0000187245    0.0000290702   -0.0000106823    0.0000254158   -0.0000137766   -0.0000095085   -0.0000258943    0.0000306482   -0.0000044161    0.0000375218   -0.0000248234    0.0000097004   -0.0000264573   -0.0000252637   -0.0000426711    0.0000145740    0.0000110961    0.0000344944    0.0000046392   -0.0000336447   -0.0000037901    0.0000266058    0.0000023809   -0.0000178411    0.0000008917   -0.0000026060    0.0000058123   -0.0000157706    0.0000008338    0.0000210662    0.0000072683    0.0000190178   -0.0000004033   -0.0000026724    0.0000174655   -0.0000019005    0.0000043478    0.0000099583    0.0000275127   -0.0000171458   -0.0000150290   -0.0000170377    0.0000090800   -0.0000131379   -0.0000218644    0.0000095115   -0.0000034808    0.0000112313    0.0000131379   -0.0000036988   -0.0000236122   -0.0000128630   -0.0000138207 
  -0.0001150915    0.0004525312    0.0002547684    0.0006537484   -0.0032228422   -0.2686596064   -0.0003969368    0.0010594095   -0.0019389678   -0.0000800915   -0.0003169556    0.0001653646   -0.0001559127    0.0002714820    0.0000510786   -0.0001066539    0.0001254989    0.0003419231    0.0000351404    0.0001358476   -0.0001579633    0.0000499842   -0.0001883550   -0.0000369228   -0.0001029422    0.0000030193   -0.0000499151   -0.0000670477   -0.0000184217    0.0000982897   -0.0000608275    0.0000723352   -0.0000847586   -0.0000246875   -0.0001146505   -0.0002239871   -0.0000731341    0.0000009806    0.0001256312    0.0000116437    0.0000229948   -0.0000162608    0.0000431290    0.0000231940    0.0000583572   -0.0000323276    0.0000297721   -0.0000281051   -0.0000266168   -0.0001034934    0.0000049168    0.0000236364   -0.0000426498    0.0001077931   -0.0000157272    0.0000509279    0.0000057818    0.0000885806    0.0000040510   -0.0000059045   -0.0000389396    0.0000293759    0.0000232292   -0.0000079364    0.0000434186   -0.0000096989    0.0000450378    0.0000119141    0.0000309165   -0.0000187818   -0.0000635991    0.0000086728    0.0000333228    0.0000088162   -0.0000508978    0.0000091249   -0.0000148173   -0.0000019318   -0.0000467459   -0.0000148857   -0.0000348950   -0.0000006753   -0.0000198410   -0.0000601028   -0.0000031592    0.0000372138   -0.0000060086    0.0000140618   -0.0000138273   -0.0000115253    0.0000179976   -0.0000154163   -0.0000153142    0.0000094806    0.0000120567    0.0000051118    0.0000049713   -0.0000138097    0.0000467510   -0.0000072592    0.0000132783    0.0000117466   -0.0000151811    0.0000018492    0.0000008133    0.0000220386   -0.0000040565    0.0000044046    0.0000061938   -0.0000153450    0.0000029382    0.0000173185   -0.0000066208    0.0000137251    0.0000224428    0.0000077460    0.0000209486   -0.0000399715    0.0000262618   -0.0000194485   -0.0000151223    0.0000140177    0.0000327407   -0.0000089022   -0.0000311171    0.0000172737    0.0000109197   -0.0000026862   -0.0000007473   -0.0000423896   -0.0000086309    0.0000199218    0.0000163961    0.0000102237   -0.0000063063    0.0000271930    0.0000036271   -0.0000138200   -0.0000007802    0.0000126521    0.0000045943    0.0000072776    0.0000076909    0.0000030343   -0.0000058271    0.0000115040    0.0000541560    0.0000497858   -0.0000150665    0.0000077820    0.0000186731   -0.0000064491 
   0.0003232397   -0.0007245938   -0.0001665332   -0.0002961555    0.0000259009   -0.0003969368   -0.2678805207    0.0009068263    0.0004236242    0.0003320963    0.0002090375    0.0003847287    0.0003769966    0.0000952469    0.0001646002    0.0002635882   -0.0001361415   -0.0001301588   -0.0000866990    0.0000907782   -0.0000045687    0.0000650265   -0.0000142565   -0.0001579486   -0.0000309437   -0.0000621982    0.0000570636    0.0000276436   -0.0000465577    0.0000403272    0.0000790992   -0.0000399384   -0.0000162153   -0.0000428181   -0.0000290570   -0.0000075086    0.0000083090    0.0001045665    0.0000278457   -0.0000237357   -0.0000672873    0.0000085751    0.0000343687   -0.0001141287   -0.0000176691   -0.0000637843    0.0000096085    0.0001316434    0.0000788714    0.0000286116    0.0001192589    0.0000418104    0.0000127116    0.0000032579    0.0000292657   -0.0000031083    0.0000236151   -0.0000173302   -0.0000771956   -0.0000467473   -0.0000156332    0.0000065280    0.0000328061    0.0000757477    0.0000369830   -0.0000052470    0.0000135554   -0.0000228669    0.0000333383    0.0000124183    0.0000443322   -0.0000233241   -0.0000406617    0.0000478557   -0.0000386088   -0.0000163130    0.0000637505   -0.0000184607   -0.0000177139    0.0000111292    0.0000006647    0.0000044987   -0.0000077842   -0.0000338461   -0.0000036178    0.0000138942   -0.0000287181    0.0000151128   -0.0000332236    0.0000229977   -0.0000168591   -0.0000254577   -0.0000379951   -0.0000171355   -0.0000046751   -0.0000078269    0.0000218563    0.0000080657   -0.0000031227   -0.0000548763   -0.0000230859   -0.0000218438   -0.0000109307   -0.0000255812   -0.0000315081    0.0000344826   -0.0000271996   -0.0000048463   -0.0000285917   -0.0000618631   -0.0000119619   -0.0000253100   -0.0000153972   -0.0000264029    0.0000503003   -0.0000082995   -0.0000058833   -0.0000199916    0.0000172590   -0.0000108241    0.0000186260    0.0000071693    0.0000066387   -0.0000007401   -0.0000029806   -0.0000186635   -0.0000036444    0.0000071727   -0.0000025121    0.0000232638   -0.0000158662   -0.0000026296    0.0000016645    0.0000168760   -0.0000094505   -0.0000059261    0.0000061144   -0.0000349464   -0.0000024799   -0.0000007527    0.0000184386   -0.0000326819    0.0000165210    0.0000071634    0.0000012700   -0.0000228493    0.0000045448    0.0000133584   -0.0000082532    0.0000045892    0.0000017448   -0.0000168606 
   0.0002076631    0.0000521730    0.0000471854   -0.0001255871    0.0000621835    0.0010594095    0.0009068263   -0.2678290717    0.0002620521    0.0007007067    0.0000892788    0.0005261254    0.0000419670    0.0001048679   -0.0001925665    0.0001353331   -0.0001964986    0.0002846970   -0.0000273827   -0.0000656438   -0.0000685551   -0.0000006261   -0.0001075065   -0.0001504370   -0.0004348253    0.0000302263   -0.0000510522   -0.0000149798    0.0000211397   -0.0000499240   -0.0000838179    0.0000433238    0.0000100421    0.0000248727    0.0000104008    0.0000032346   -0.0000581507    0.0000356505   -0.0001594847    0.0000245338   -0.0000920277    0.0000057230   -0.0000216233   -0.0000089507   -0.0000504157    0.0000398282    0.0000498108   -0.0000317786    0.0000324320   -0.0000649610   -0.0000013364   -0.0000778792   -0.0000449099    0.0000696150   -0.0000197873   -0.0000578376   -0.0000046348   -0.0000526199    0.0000339961   -0.0000490067   -0.0000653205   -0.0000139978   -0.0000399054    0.0000272540    0.0000669058    0.0000216784    0.0000275201   -0.0000127292   -0.0000695003   -0.0000161969    0.0000010151   -0.0000163909    0.0000100627   -0.0000038192    0.0000477704    0.0000121853    0.0000146505   -0.0000237878   -0.0000365575    0.0000238349   -0.0000384339   -0.0000110189   -0.0000301087   -0.0000009009   -0.0000364590   -0.0000203378   -0.0000353477    0.0000105772    0.0000226626   -0.0000222532   -0.0000224612    0.0000012518   -0.0000020141    0.0000371888   -0.0000387573    0.0000037646    0.0000230668   -0.0000064505   -0.0000163711    0.0000216931   -0.0000082024   -0.0000541560    0.0000293826   -0.0000322078    0.0000040876   -0.0000223355    0.0000404382    0.0000080503   -0.0000062804    0.0000093953   -0.0000264382    0.0000231704    0.0000028864   -0.0000153333    0.0000011217    0.0000284646   -0.0000076666    0.0000148916    0.0000299353    0.0000279479   -0.0000055791    0.0000316978    0.0000189465   -0.0000318969    0.0000091322   -0.0000157530    0.0000064535   -0.0000151429   -0.0000017271    0.0000106727   -0.0000153054   -0.0000046747   -0.0000428027   -0.0000283742   -0.0000047613   -0.0000263698   -0.0000351331   -0.0000295384    0.0000292958   -0.0000093277    0.0000070158    0.0000099172    0.0000185474    0.0000065204   -0.0000162873    0.0000231234    0.0000185783    0.0000154965    0.0000232035    0.0000006982    0.0000054409   -0.0000086809 
   0.0000341115   -0.0002457133   -0.0001904570    0.0000871400    0.0004178766   -0.0019389678    0.0004236242    0.0002620521   -0.2667192421    0.0019345579    0.0002155495   -0.0004743603   -0.0002481976   -0.0003777683    0.0004486431   -0.0001006343    0.0000282338    0.0000729026   -0.0000273650    0.0000197778   -0.0000455861    0.0000214601   -0.0002233991    0.0000587173   -0.0001397797   -0.0000329818    0.0000972681    0.0001439986    0.0002088391   -0.0001149813    0.0000290849    0.0000285042   -0.0001145329    0.0000520562   -0.0000732216   -0.0001209935   -0.0000577008    0.0000326981    0.0000419736   -0.0000066731   -0.0000192816    0.0000970476    0.0000502510   -0.0000311127    0.0000363355    0.0000122419   -0.0000541009   -0.0001148122    0.0000859861   -0.0000159668    0.0000176338   -0.0001579265   -0.0000113232   -0.0000424874    0.0000529742   -0.0000130320    0.0000533696    0.0000314508   -0.0000457713   -0.0000008490   -0.0000127344    0.0000015398    0.0000295986    0.0000272357   -0.0000027874    0.0000263919   -0.0000630369    0.0000179866   -0.0000389418   -0.0000307820    0.0000029661    0.0000098782    0.0000287681   -0.0000307048    0.0000029190   -0.0000472354   -0.0000364656    0.0000527581   -0.0000391807    0.0000230580    0.0000168856    0.0000129358    0.0000154149   -0.0000017247    0.0000089227    0.0000323321   -0.0000013871    0.0000006031    0.0000007389    0.0000154810   -0.0000171391   -0.0000104508   -0.0000228287    0.0000004992    0.0000131408    0.0000125719    0.0000110593    0.0000038956    0.0000221650    0.0000125242   -0.0000549976   -0.0000160301   -0.0000219077    0.0000324688    0.0000130497   -0.0000009065   -0.0000180741    0.0000161940    0.0000169032    0.0000024122   -0.0000069822   -0.0000049948   -0.0000003053    0.0000288850    0.0000532299   -0.0000188583    0.0000090653   -0.0000291047   -0.0000161315    0.0000068684    0.0000333904    0.0000108506    0.0000174934   -0.0000179050    0.0000187635    0.0000094144    0.0000133848    0.0000046709   -0.0000215763   -0.0000142948    0.0000256444    0.0000303020    0.0000254835    0.0000005840   -0.0000194338    0.0000025960    0.0000107984    0.0000137259    0.0000217291   -0.0000065350   -0.0000085648    0.0000063047   -0.0000162792    0.0000245280   -0.0000342570   -0.0000465879    0.0000008941   -0.0000181689    0.0000301212   -0.0000211389   -0.0000089073   -0.0000263603 
  -0.0001472031    0.0000037487    0.0002290953    0.0000490662   -0.0003622601   -0.0000800915    0.0003320963    0.0007007067    0.0019345579   -0.2658740077    0.0030445345   -0.0010960853   -0.0001709211    0.0000709696   -0.0000460285   -0.0001017809    0.0002624049   -0.0003009402   -0.0001912655   -0.0001687749    0.0000444792    0.0001237938    0.0000136097   -0.0000392395    0.0001636962    0.0000052789   -0.0001181123    0.0000078776    0.0000971946    0.0001300118   -0.0000456331    0.0001371558   -0.0000594545   -0.0000349596   -0.0000494822   -0.0000775043    0.0000121890    0.0000084428   -0.0000085339   -0.0000489251    0.0000199093    0.0000764606    0.0000135171    0.0000029801   -0.0000163226    0.0000048091    0.0000235269   -0.0000837664   -0.0000651360   -0.0000121376    0.0001324446   -0.0000284491    0.0000549395    0.0000245765   -0.0000182938    0.0000410799   -0.0000927479   -0.0000026570   -0.0000271239   -0.0000687242    0.0000040934   -0.0000573870    0.0000332045   -0.0000217497   -0.0000193346   -0.0000057453    0.0000230374   -0.0000343591    0.0000005388    0.0000116422    0.0000319778   -0.0000058154    0.0000313472   -0.0000593685    0.0000352566   -0.0000006632    0.0000346311    0.0000646193   -0.0000214690    0.0000980325    0.0000110299   -0.0000002982    0.0000058761   -0.0000306203   -0.0000170135   -0.0000023353   -0.0000348839    0.0000166092   -0.0000268608    0.0000242340   -0.0000041051    0.0000609392   -0.0000325379   -0.0000178999    0.0000111086    0.0000498394    0.0000049939    0.0000266249   -0.0000173479   -0.0000318242   -0.0000020024    0.0000146762   -0.0000002693   -0.0000083318   -0.0000180571    0.0000123176   -0.0000149099    0.0000055796   -0.0000299830   -0.0000777175   -0.0000273444    0.0000237599   -0.0000366751   -0.0000083296    0.0000029427    0.0000454574    0.0000003121   -0.0000026869    0.0000281610    0.0000124198   -0.0000039775   -0.0000026433    0.0000079239    0.0000153377    0.0000157243   -0.0000128674    0.0000226979    0.0000346803   -0.0000103560    0.0000019536   -0.0000014059   -0.0000040293   -0.0000206906    0.0000186679   -0.0000117613   -0.0000294450   -0.0000179712   -0.0000017033    0.0000568056    0.0000478969   -0.0000052726    0.0000110799    0.0000146181   -0.0000086626   -0.0000605739   -0.0000006155   -0.0000154259    0.0000105052   -0.0000110638   -0.0000103008    0.0000055328   -0.0000139868 
   0.0001505032    0.0000544294   -0.0001233895    0.0002121391    0.0000914029   -0.0003169556    0.0002090375    0.0000892788    0.0002155495    0.0030445345   -0.2652566190    0.0007500537    0.0001011782    0.0000867946    0.0014827617   -0.0004836358   -0.0000606423    0.0000694540    0.0005292270    0.0000079209   -0.0000320814   -0.0000294200    0.0001512896   -0.0000973416   -0.0000192956    0.0002381283    0.0001759411    0.0001471149   -0.0000390293    0.0000702574    0.0000784010   -0.0000128887    0.0000379995   -0.0000203261   -0.0000499306   -0.0001262045    0.0000869856    0.0000589974   -0.0000233476    0.0000715451   -0.0001011709   -0.0000285189    0.0000617925    0.0000226751    0.0000481284   -0.0000449701   -0.0000744909    0.0000996054   -0.0000416532    0.0000451289    0.0000244192   -0.0001214345    0.0000097702    0.0000926671   -0.0000487597    0.0000184305    0.0000054793   -0.0000266153   -0.0000769237    0.0001511647    0.0000303402   -0.0000080694    0.0000101413   -0.0000198351    0.0000134510   -0.0000393056   -0.0000058888   -0.0000081583    0.0000165071    0.0000781511   -0.0000223421   -0.0000189759    0.0000195859   -0.0000029445    0.0000239495    0.0000171443   -0.0000048226    0.0000395783   -0.0000055405    0.0000277671   -0.0000491721    0.0000402795   -0.0000039666   -0.0000047870   -0.0000232351   -0.0000080209   -0.0000120310   -0.0000405749    0.0000049395    0.0000402060    0.0000305049   -0.0000334985   -0.0000096548   -0.0000073351    0.0000019231    0.0000256753   -0.0000426064    0.0000229345   -0.0000261567    0.0000111277    0.0000074733    0.0000321402   -0.0000106977   -0.0000096893    0.0000089830    0.0000042623    0.0000074043   -0.0000137090   -0.0000285976   -0.0000178043   -0.0000020234    0.0000060465   -0.0000538120    0.0000232256   -0.0000090763   -0.0000209802    0.0000128902    0.0000075902    0.0000063296    0.0000017383    0.0000414488    0.0000194081    0.0000133334    0.0000100752   -0.0000232270    0.0000005034   -0.0000241171    0.0000230602    0.0000101994    0.0000016147    0.0000109395   -0.0000016020    0.0000034467   -0.0000356130   -0.0000024013   -0.0000122383   -0.0000286836   -0.0000009119    0.0000266058    0.0000033482   -0.0000330817    0.0000078857   -0.0000323299    0.0000100179    0.0000007634    0.0000156589   -0.0000137193   -0.0000126587   -0.0000437736   -0.0000076791   -0.0000019113    0.0000285822 
  -0.0000086111   -0.0003636052   -0.0003161177   -0.0004509289    0.0004820556    0.0001653646    0.0003847287    0.0005261254   -0.0004743603   -0.0010960853    0.0007500537   -0.2646980293    0.0077372026   -0.0003360652    0.0007343470   -0.0001780652    0.0000363664    0.0001855326   -0.0000491338    0.0000165284   -0.0000921085   -0.0000319138    0.0000671021   -0.0001074844   -0.0001188106    0.0001190605   -0.0002679761    0.0000214991    0.0001365017   -0.0002828228   -0.0000584880   -0.0001158412   -0.0000233263   -0.0000329259    0.0000714039    0.0000278744   -0.0000460903   -0.0000717090   -0.0000237033   -0.0000976062   -0.0000461131    0.0000154685    0.0000843470    0.0000528904    0.0000471876   -0.0000070055   -0.0000424043   -0.0000772765   -0.0000951660   -0.0000058061   -0.0000350883   -0.0000028806   -0.0000163454    0.0000069406   -0.0000268336   -0.0000338667    0.0000697576    0.0000030073   -0.0000438853    0.0000543331   -0.0000036315   -0.0000119913   -0.0000545713   -0.0000365031   -0.0000427020   -0.0000068590    0.0000406874   -0.0000388102   -0.0000365288   -0.0000014573    0.0000274775   -0.0000301403    0.0000392240   -0.0000244581    0.0000573054   -0.0000229433   -0.0000074079    0.0000027892   -0.0000193956   -0.0000341989   -0.0000322791   -0.0000022979   -0.0000250101    0.0000119399   -0.0000469855   -0.0000271328    0.0000096166    0.0000067280   -0.0000132467   -0.0000066796    0.0000026183    0.0000018866    0.0000351882    0.0000258583    0.0000428431   -0.0000156163   -0.0000223862    0.0000231969   -0.0000197976    0.0000023762    0.0000171465    0.0000032171   -0.0000262133    0.0000611575   -0.0000147945    0.0000001811    0.0000250307   -0.0000033586    0.0000158074   -0.0000288445    0.0000218357   -0.0000180454   -0.0000014847    0.0000109998    0.0000192317   -0.0000088522   -0.0000241054   -0.0000209155   -0.0000245993   -0.0000022380   -0.0000072140    0.0000275671    0.0000160212   -0.0000102494   -0.0000058986    0.0000073111   -0.0000068072   -0.0000054846   -0.0000011376    0.0000021945    0.0000031204   -0.0000105588    0.0000318800   -0.0000108219    0.0000337991    0.0000001152    0.0000244074    0.0000020525    0.0000023215   -0.0000207134   -0.0000007247   -0.0000069157    0.0000205620    0.0000391123   -0.0000059580   -0.0000357137    0.0000201577   -0.0000137259    0.0000324629   -0.0000247286   -0.0000098113    0.0000024280 
   0.0001388610    0.0000299779    0.0001748900    0.0000155523    0.0000891686   -0.0001559127    0.0003769966    0.0000419670   -0.0002481976   -0.0001709211    0.0001011782    0.0077372026   -0.2640806407   -0.0002431776   -0.0004595282    0.0003825164   -0.0001593157    0.0002807428    0.0006306992   -0.0001271012    0.0003986420    0.0001327680    0.0000885365    0.0000338204    0.0001238526    0.0000293884   -0.0000448356    0.0001884799    0.0000313560   -0.0000740572   -0.0000054404    0.0000752112   -0.0000665604   -0.0000154781    0.0000972167   -0.0001260943   -0.0000386875   -0.0000177014    0.0000364788   -0.0000520900   -0.0000251123   -0.0000151429    0.0000309253   -0.0001162161    0.0000358901    0.0000284388    0.0000087743    0.0000328355   -0.0000167650    0.0000018250    0.0000437398    0.0000135113    0.0000320998   -0.0000588298   -0.0000035657   -0.0000371176   -0.0000660841    0.0000168136   -0.0000041960    0.0000699465   -0.0000179844   -0.0000356520   -0.0000009688   -0.0000154016    0.0000762475   -0.0000141228   -0.0000056823   -0.0000108175    0.0000231727   -0.0000207244   -0.0000335926    0.0000353433   -0.0000094872    0.0000001697    0.0000358122    0.0000278538   -0.0000068330   -0.0000695746   -0.0000040990   -0.0000043902   -0.0000697818   -0.0000425013    0.0000311384   -0.0000807456   -0.0000130732    0.0000335374    0.0000254967   -0.0000028199   -0.0000647846    0.0000032695    0.0000293164    0.0000345730   -0.0000185466    0.0000094387    0.0000658923   -0.0000026839   -0.0000207891    0.0000198726   -0.0000372212    0.0000310745    0.0000119083   -0.0000023838    0.0000008043   -0.0000317985    0.0000156706   -0.0000008299    0.0000167415    0.0000041061    0.0000173398    0.0000283470   -0.0000028986   -0.0000400002    0.0000090242   -0.0000166129    0.0000009713    0.0000019204    0.0000166570   -0.0000095908    0.0000391373    0.0000026152   -0.0000091675   -0.0000550101    0.0000120699    0.0000304615    0.0000257333    0.0000047221    0.0000476558   -0.0000183614   -0.0000450165   -0.0000146152    0.0000427843    0.0000161190   -0.0000342967    0.0000128549    0.0000216895    0.0000219224    0.0000169157   -0.0000117774    0.0000017971   -0.0000048799    0.0000001157    0.0000023231    0.0000334544    0.0000512756   -0.0000054267    0.0000033243   -0.0000135576    0.0000350052   -0.0000123735   -0.0000145748    0.0000140544   -0.0000154105 
   0.0000726365    0.0000527610   -0.0000442205    0.0000182203    0.0001564566    0.0002714820    0.0000952469    0.0001048679   -0.0003777683    0.0000709696    0.0000867946   -0.0003360652   -0.0002431776   -0.2632942051   -0.0039490088    0.0002749437   -0.0000487428    0.0001369427   -0.0000722249    0.0000726174    0.0000818187   -0.0001876347   -0.0002222673   -0.0000802164   -0.0000328745   -0.0002398040   -0.0000156626   -0.0000107404    0.0000355932   -0.0003093044    0.0003232618   -0.0000011904   -0.0000299426   -0.0000211750   -0.0001863779   -0.0000020866   -0.0000045521    0.0000841266    0.0000753729    0.0001401693   -0.0002688875   -0.0000169958    0.0000266609    0.0000116922    0.0000337513    0.0000746305    0.0000774161   -0.0000152399   -0.0000335418    0.0000299911    0.0001182152    0.0000298022    0.0000010486    0.0000054779   -0.0000329472   -0.0000467429    0.0000339667    0.0000070217    0.0000649162    0.0000234262    0.0000354690    0.0000047971    0.0000033085    0.0000331655    0.0000534886   -0.0000297206    0.0000874340    0.0001472178    0.0000437949   -0.0000492132   -0.0000007097    0.0000187017   -0.0000058664   -0.0000002159   -0.0000835018    0.0000528933   -0.0000001947    0.0000060520    0.0000243538   -0.0000111321    0.0000193911    0.0000392248   -0.0000157633    0.0000323475    0.0000067916    0.0000045198    0.0000459036    0.0000240480   -0.0000156677    0.0000082745    0.0000077989   -0.0000034329    0.0000078908    0.0000109807   -0.0000474074   -0.0000038052    0.0000005605    0.0000141904   -0.0000070570    0.0000050276   -0.0000010363    0.0000442712   -0.0000664648   -0.0000149459    0.0000080106    0.0000125043   -0.0000082429   -0.0000350515   -0.0000223010    0.0000174964    0.0000171855   -0.0000297008    0.0000349604    0.0000009483    0.0000047088    0.0000367942    0.0000003377    0.0000046479    0.0000105809    0.0000014270   -0.0000104824   -0.0000072535    0.0000452950    0.0000015457   -0.0000020770    0.0000101171   -0.0000162814   -0.0000251909    0.0000147909   -0.0000127917    0.0000133760   -0.0000028689    0.0000338358   -0.0000211059   -0.0000064890   -0.0000099642   -0.0000016889    0.0000141220   -0.0000235254    0.0000175449    0.0000113114   -0.0000034688   -0.0000055264    0.0000115312   -0.0000323115    0.0000233174    0.0000060656    0.0000060394   -0.0000026643    0.0000252879    0.0000134716    0.0000124323 
  -0.0001732657   -0.0002402303    0.0000101649   -0.0000003635    0.0003110022    0.0000510786    0.0001646002   -0.0001925665    0.0004486431   -0.0000460285    0.0014827617    0.0007343470   -0.0004595282   -0.0039490088   -0.2626768165   -0.0002590901    0.0003374396    0.0024394201    0.0002011217   -0.0000516769    0.0001096526   -0.0001661878    0.0001624100    0.0000032110   -0.0000517673    0.0000423345    0.0000096673   -0.0000423521   -0.0000169481   -0.0000629060    0.0000110116    0.0000099892   -0.0000024735    0.0001702964   -0.0000173942   -0.0000305791    0.0000056738    0.0000795917    0.0000329869    0.0000215990    0.0000103258   -0.0000681582    0.0000064606   -0.0000148754   -0.0000086074    0.0000425572    0.0000312281    0.0001111300   -0.0000159882   -0.0001226692    0.0000385574    0.0000045554    0.0000447460   -0.0000467246   -0.0000098745    0.0000474779   -0.0000288916   -0.0000721926    0.0000436457    0.0000160396    0.0000191956   -0.0000724623    0.0000297839   -0.0000219489    0.0000066726    0.0000632096   -0.0000008826    0.0000043227   -0.0000793932   -0.0000340049    0.0000867578   -0.0000054861    0.0000033558   -0.0000356035   -0.0000390932    0.0000225487   -0.0000901902   -0.0000196014   -0.0000703823   -0.0000446365   -0.0000463674    0.0000255665   -0.0000511771   -0.0000025422   -0.0000373616   -0.0000193184   -0.0000033681    0.0000989218    0.0000111586    0.0000038214    0.0000040720    0.0000104846   -0.0000382884   -0.0000059731   -0.0000561206    0.0000423021   -0.0000069045    0.0000108727   -0.0000165798    0.0000051114    0.0000068399   -0.0000446798   -0.0000119876    0.0000099172    0.0000208744    0.0000014670    0.0000089477    0.0000115305   -0.0000051982    0.0000046653    0.0000626385    0.0000257245   -0.0000382200    0.0000023596   -0.0000250278    0.0000031496   -0.0000088595    0.0000000865   -0.0000359842    0.0000025239    0.0000242773    0.0000154597    0.0000230720   -0.0000036178    0.0000134951    0.0000139743   -0.0000303072    0.0000080341    0.0000275201   -0.0000189296    0.0000179572   -0.0000016191    0.0000417737    0.0000428490    0.0000151135    0.0000053801    0.0000369992    0.0000201599   -0.0000144123    0.0000342173    0.0000055983   -0.0000083656    0.0000228338    0.0000121258   -0.0000086317   -0.0000133782    0.0000148695    0.0000308775   -0.0000288695   -0.0000099025    0.0000078320    0.0000033818 
  -0.0001913758   -0.0000043632    0.0000358063   -0.0001265941    0.0000471376   -0.0001066539    0.0002635882    0.0001353331   -0.0001006343   -0.0001017809   -0.0004836358   -0.0001780652    0.0003825164    0.0002749437   -0.0002590901   -0.2623313729   -0.0021792349    0.0021285208   -0.0002092213    0.0003141479   -0.0000462784   -0.0000902122   -0.0003948715   -0.0001548396   -0.0001616529    0.0000405139    0.0000247220   -0.0000207788    0.0000378805    0.0002479183    0.0002931641    0.0000280853   -0.0000543669    0.0002063475    0.0000905503   -0.0000321270    0.0000225986    0.0000210779   -0.0000868754   -0.0000646810    0.0000744468    0.0000404375    0.0000279030   -0.0000012182   -0.0000068732   -0.0000059069    0.0000795402    0.0000111248   -0.0000188656    0.0000312097   -0.0000643856   -0.0000226655   -0.0001297472    0.0000436501   -0.0000351088   -0.0000535982   -0.0000338682   -0.0000354183    0.0000827374    0.0000267373    0.0000773941   -0.0000222995    0.0000030513   -0.0000080371   -0.0000512660    0.0000401633    0.0000132040    0.0000388653    0.0000191199    0.0000590268   -0.0000124514   -0.0000206774   -0.0000002348   -0.0000035260    0.0000157647   -0.0000396378    0.0000157581    0.0000124786    0.0000149665   -0.0000359923    0.0000059792   -0.0000188700   -0.0000398245   -0.0000182380   -0.0000553665   -0.0000056673    0.0000350148   -0.0000015986   -0.0000134907   -0.0000205951   -0.0000306519    0.0000080937    0.0000162660    0.0000028174   -0.0000078011    0.0000228022   -0.0000014689    0.0000060911   -0.0000012812   -0.0000390432   -0.0000485076    0.0000182012   -0.0000211242   -0.0000021099    0.0000488428    0.0000344951   -0.0000318477    0.0000845381    0.0000255349   -0.0000234453    0.0000285344   -0.0000188355    0.0000225148    0.0000061523   -0.0000083333   -0.0000111226   -0.0000021824    0.0000019015    0.0000218725   -0.0000017621    0.0000056495    0.0000127491    0.0000089874   -0.0000135752    0.0000091976    0.0000078497    0.0000037681   -0.0000274841   -0.0000263838   -0.0000168797   -0.0000173016    0.0000276399   -0.0000295700   -0.0000057359    0.0000035825    0.0000105463    0.0000112857   -0.0000017202    0.0000262824    0.0000101935   -0.0000360526   -0.0000019178   -0.0000046619   -0.0000294134    0.0000071355   -0.0000007193   -0.0000186723   -0.0000000915   -0.0000024683   -0.0000028458   -0.0000108278   -0.0000067015 
