  -0.2719082466    0.0001196264    0.0013780261   -0.0005106833    0.0010718308   -0.0001716928    0.0001594406    0.0001165468    0.0000530521   -0.0001776830    0.0000224053   -0.0002650361    0.0000250469    0.0000659253   -0.0000118693   -0.0001088515   -0.0002688801    0.0001583896    0.0001194794   -0.0000965184    0.0002661754    0.0000828918    0.0000607613    0.0000639659    0.0000169701   -0.0001602197   -0.0001424257    0.0000097834   -0.0000723190    0.0000264066    0.0000206399    0.0000181453    0.0001068229   -0.0000260119    0.0000556907   -0.0000550593    0.0000020936   -0.0001915963   -0.0001148857    0.0000239988    0.0000097988   -0.0000694195   -0.0000380378   -0.0000253930   -0.0000043594    0.0000292517   -0.0000046947   -0.0000893009    0.0000349383   -0.0000761078   -0.0000461454   -0.0000103427   -0.0000367883   -0.0000135914    0.0000536062   -0.0000135539   -0.0000545941   -0.0000450966   -0.0000137869   -0.0000079687   -0.0000159264    0.0000535210    0.0000070385   -0.0000089904    0.0000101347   -0.0000028640   -0.0000058539   -0.0000541928    0.0000075931   -0.0000467341   -0.0001086604    0.0000151319   -0.0000216777   -0.0000490986    0.0000289511    0.0000148519    0.0000238275    0.0000272658    0.0000368441   -0.0000009904    0.0000397797    0.0000161837   -0.0000251101    0.0000241539    0.0000182247   -0.0000204084   -0.0000012667   -0.0000125065   -0.0000071886    0.0000125653    0.0000021008   -0.0000019016    0.0000045274   -0.0000314332    0.0000128020   -0.0000089749   -0.0000125852   -0.0000204811    0.0000166408    0.0000059646   -0.0000098091   -0.0000078982    0.0000083715    0.0000400465   -0.0000192816    0.0000091557    0.0000264786   -0.0000144454   -0.0000082605    0.0000303667   -0.0000122765   -0.0000112835   -0.0000237011    0.0000036708   -0.0000236328   -0.0000142440    0.0000144910    0.0000389668   -0.0000231918    0.0000013141   -0.0000179741    0.0000035195   -0.0000400671   -0.0000290753   -0.0000115275    0.0000316493   -0.0000191332   -0.0000124676    0.0000030145   -0.0000162579    0.0000085148    0.0000093057    0.0000132430    0.0000475485   -0.0000166327    0.0000182850    0.0000085185    0.0000221856   -0.0000268608   -0.0000230984   -0.0000006704    0.0000107653    0.0000057102    0.0000046585   -0.0000204510   -0.0000132540    0.0000031570    0.0000098628   -0.0000010842    0.0000072361   -0.0000174861    0.0000035587 
   0.0001196264   -0.2709821637    0.0056546184    0.0002014598   -0.0011870767    0.0006698814   -0.0000545419    0.0000352779   -0.0000633206    0.0001037948    0.0000542574    0.0000540193   -0.0001784327   -0.0001085208    0.0001946538   -0.0000386603   -0.0000009115   -0.0000068758   -0.0001153708    0.0000166886   -0.0000793638    0.0000549630    0.0000624665   -0.0001539503    0.0000632882    0.0000388036    0.0000840310   -0.0001796454   -0.0000775043   -0.0000382333   -0.0000280713    0.0000486701    0.0000406499    0.0000243935    0.0000006855   -0.0000456272   -0.0000220143   -0.0000328620    0.0000050409    0.0000263765   -0.0000141948   -0.0000962171   -0.0000066983   -0.0001227133    0.0000273981   -0.0000104905   -0.0000296067   -0.0000176419    0.0000554944    0.0000595802    0.0001282257    0.0000521297   -0.0000029494   -0.0000157544   -0.0000112887    0.0000198365    0.0000113769    0.0000215645    0.0000270563   -0.0000144587    0.0000274819   -0.0000318734   -0.0000741454   -0.0000196381    0.0000139081    0.0000080996    0.0000551372    0.0000447011   -0.0000221760    0.0000289732   -0.0000400597   -0.0000021589    0.0000035416   -0.0000014567    0.0000063094   -0.0000032074   -0.0000154847   -0.0000093277    0.0000064383    0.0000318697   -0.0000369514    0.0000390278   -0.0000175088   -0.0000061321    0.0000007996   -0.0000138075    0.0000085508    0.0000220261   -0.0000329098   -0.0000155325    0.0000090844    0.0000286711   -0.0000407330   -0.0000040540   -0.0000020362    0.0000209552   -0.0000026329    0.0000001060   -0.0000399406    0.0000166688    0.0000066507   -0.0000215028   -0.0000398686   -0.0000113702   -0.0000144344    0.0000200210   -0.0000283896   -0.0000237636    0.0000211147    0.0000048476    0.0000243347    0.0000001260    0.0000143337   -0.0000374703   -0.0000162366    0.0000128637   -0.0000016887    0.0000195646    0.0000223892   -0.0000231403    0.0000315206   -0.0000336286   -0.0000221892    0.0000386897    0.0000182644   -0.0000012545   -0.0000056555   -0.0000059327   -0.0000196168   -0.0000274738   -0.0000279442   -0.0000254989   -0.0000209052   -0.0000015637   -0.0000017161    0.0000042318    0.0000157471   -0.0000287659    0.0000035870    0.0000183401   -0.0000062145   -0.0000145645    0.0000181468   -0.0000496579    0.0000122000    0.0000335536   -0.0000132224   -0.0000154450    0.0000035760   -0.0000154230    0.0000103222    0.0000080033 
   0.0013780261    0.0056546184   -0.2708498661   -0.0018118152    0.0004209709   -0.0001660334    0.0009683447    0.0001827911    0.0002348135    0.0002021360   -0.0001453803    0.0000107279    0.0001138494    0.0000313494   -0.0001200747   -0.0000049788   -0.0000451230    0.0002004308    0.0000167173    0.0000479887   -0.0000323592   -0.0000058926    0.0000153208   -0.0000351706   -0.0001227648    0.0001364208    0.0000557465   -0.0000292966    0.0000267778    0.0000264014    0.0001067494    0.0001010533    0.0000932330   -0.0000504032    0.0000436009   -0.0001237350    0.0000115393    0.0000205796    0.0000039848   -0.0000241134   -0.0000227368   -0.0000105184    0.0000257826   -0.0001204863    0.0000890289   -0.0000117451    0.0000151944   -0.0000362209   -0.0000291709    0.0000259921    0.0000574135    0.0000452178   -0.0000129519    0.0000166327   -0.0001199277   -0.0000034478   -0.0000023443   -0.0000208611   -0.0000320241    0.0000173957   -0.0000287924    0.0000662605    0.0000743512    0.0000662833    0.0000006023   -0.0000678540    0.0000255886    0.0000155847    0.0000396841    0.0000575436    0.0000063954    0.0000378151   -0.0000147519   -0.0000235622   -0.0000183438    0.0000119928    0.0000633308    0.0000420964    0.0000122912   -0.0000279861   -0.0000244589   -0.0000024292   -0.0000063308    0.0000311936    0.0000086552   -0.0000276575   -0.0000128064    0.0000117818    0.0000152554   -0.0000147446   -0.0000724182    0.0000462520    0.0000091491    0.0000060681   -0.0000020258    0.0000756963    0.0000401361    0.0000030003    0.0000477602    0.0000369184    0.0000087228   -0.0000017247   -0.0000067641    0.0000062497   -0.0000028057   -0.0000144903   -0.0000101781    0.0000224222   -0.0000154200   -0.0000106882   -0.0000250314   -0.0000041457    0.0000002076   -0.0000304534    0.0000050109    0.0000061520   -0.0000110439   -0.0000035639   -0.0000091227   -0.0000163417   -0.0000500702   -0.0000086427    0.0000119516   -0.0000102663   -0.0000102700   -0.0000229397   -0.0000292407    0.0000137472    0.0000018814   -0.0000087280    0.0000004393   -0.0000041400   -0.0000329994   -0.0000029034    0.0000096673   -0.0000151268    0.0000140228    0.0000183372    0.0000174721    0.0000295362    0.0000013896   -0.0000132518    0.0000179175   -0.0000069375    0.0000103949    0.0000125977   -0.0000209964   -0.0000374240    0.0000202886    0.0000248440   -0.0000229669   -0.0000010248 
  -0.0005106833    0.0002014598   -0.0018118152   -0.2705117723   -0.0003145816   -0.0010289811   -0.0003380717   -0.0005706435   -0.0000284734    0.0000132834    0.0000258017    0.0006148235   -0.0000998406    0.0000156111    0.0001740227    0.0000109586    0.0000393306   -0.0000405404   -0.0002270741   -0.0000233770   -0.0000703397   -0.0000201563   -0.0001796674    0.0000486612    0.0000132547    0.0000345818    0.0000249366    0.0000667346   -0.0001115048   -0.0000299999   -0.0000398370    0.0000057436   -0.0000463093    0.0000082208    0.0000293620    0.0000246801    0.0000408064    0.0000516813    0.0000396202    0.0000407366   -0.0000061640   -0.0001265059    0.0001210008    0.0000534093    0.0000292466   -0.0000110829   -0.0000500577    0.0000020294   -0.0000352691   -0.0000166871   -0.0000110072   -0.0000212661   -0.0000695202    0.0000243266   -0.0000285491    0.0000186848   -0.0000094784    0.0000065030    0.0000062129   -0.0000028132   -0.0000145152    0.0000092454   -0.0000958716    0.0000067624   -0.0000151738    0.0000023417    0.0000017288    0.0000968051    0.0000047964    0.0000577824   -0.0000111813   -0.0000023823   -0.0000042698    0.0000245618    0.0000074601   -0.0000171891   -0.0000469767    0.0000483900   -0.0000044955   -0.0000209802   -0.0000231491    0.0000136119   -0.0000236063    0.0000188862    0.0000198535    0.0000161322    0.0000205179    0.0000131261    0.0000656262   -0.0000041369   -0.0000218129    0.0000074050   -0.0000248837    0.0000002352    0.0000031613   -0.0000214653   -0.0000399987    0.0000069369    0.0000661583   -0.0000051717   -0.0000416208    0.0000015429   -0.0000127035   -0.0000450804   -0.0000152796   -0.0000068237    0.0000178859   -0.0000086714   -0.0000073432   -0.0000018203   -0.0000002163    0.0000144807   -0.0000154494    0.0000006695   -0.0000099833   -0.0000156442    0.0000005796   -0.0000005034   -0.0000198682   -0.0000055144   -0.0000255004   -0.0000149268    0.0000166269   -0.0000034114   -0.0000438096    0.0000025426    0.0000049191    0.0000005152   -0.0000144917   -0.0000128027   -0.0000116760   -0.0000031222    0.0000187128    0.0000435288   -0.0000103155    0.0000262618   -0.0000010125    0.0000132724    0.0000090315    0.0000021261    0.0000178881    0.0000025699   -0.0000022069    0.0000057358    0.0000060538   -0.0000029577   -0.0000004272    0.0000233277    0.0000095739    0.0000093887    0.0000118936   -0.0000003271 
   0.0010718308   -0.0011870767    0.0004209709   -0.0003145816   -0.2696297886   -0.0009104277    0.0005227738   -0.0000456118    0.0003873673    0.0005145861   -0.0000943502   -0.0002111616    0.0000491985   -0.0001227280    0.0002011217   -0.0001107698   -0.0000131886   -0.0000766223   -0.0000702625    0.0002098460    0.0002284926    0.0000943061    0.0000203599   -0.0000317683    0.0000212757   -0.0000450076    0.0002081776    0.0001503415   -0.0000039420    0.0000548667    0.0000591253    0.0000104427   -0.0000433929   -0.0001605725   -0.0001908613   -0.0000142925   -0.0000148857   -0.0001245508    0.0000169804    0.0000539252    0.0000000650   -0.0000195462   -0.0000402434    0.0000009727    0.0000088220    0.0000882278   -0.0000542097    0.0000104148    0.0000283911    0.0000054315   -0.0000237842   -0.0000121978   -0.0000106764    0.0000029238   -0.0000137215   -0.0000292142   -0.0000214035   -0.0000551115    0.0000225464   -0.0000140926    0.0000179660   -0.0000970844   -0.0000081723    0.0000123728    0.0000032353    0.0000273805    0.0000320689   -0.0000104111    0.0000346789    0.0000315118   -0.0000508265   -0.0000055689    0.0000122750    0.0000133033    0.0000257679    0.0000362238   -0.0000028237    0.0000584851   -0.0000379797    0.0000053936    0.0000002818   -0.0000132643    0.0000324195    0.0000098253   -0.0000161873    0.0000479027    0.0000448334   -0.0000041774    0.0000216027    0.0000152164   -0.0000251601    0.0000179498    0.0000299816    0.0000077188   -0.0000447746   -0.0000130357   -0.0000259281    0.0000114967   -0.0000245147   -0.0000312906    0.0000114327   -0.0000517092    0.0000035996   -0.0000188259    0.0000134458   -0.0000730378   -0.0000437464   -0.0000019430    0.0000416774   -0.0000068341   -0.0000391932    0.0000292730    0.0000217696   -0.0000219474    0.0000171965    0.0000237459   -0.0000047682   -0.0000050760   -0.0000164615    0.0000044766    0.0000074961   -0.0000405492   -0.0000074550   -0.0000180638    0.0000032894    0.0000051720    0.0000226964    0.0000015168    0.0000056939   -0.0000298074   -0.0000181035    0.0000039722   -0.0000322145    0.0000264551    0.0000534196   -0.0000202165    0.0000045297    0.0000075461    0.0000132004    0.0000262243    0.0000074182    0.0000042367   -0.0000179285    0.0000115804   -0.0000204855   -0.0000051420   -0.0000055172   -0.0000239980    0.0000083987   -0.0000138567   -0.0000160146    0.0000104118 
  -0.0001716928    0.0006698814   -0.0001660334   -0.0010289811   -0.0009104277   -0.2687992538    0.0010859425    0.0000819804   -0.0008401630   -0.0001832248   -0.0003909834   -0.0000608797   -0.0005505269   -0.0003766585   -0.0000476940    0.0000672152    0.0001413746   -0.0001540973    0.0000346855    0.0001444028   -0.0000110792   -0.0000314574   -0.0000069306   -0.0000109638   -0.0000250821    0.0000936667   -0.0000193199   -0.0000658033    0.0000213131   -0.0000742924    0.0000553195    0.0000976062    0.0001576766   -0.0000648280   -0.0001446012    0.0000261405   -0.0000069176   -0.0001414996   -0.0000877794    0.0000322615   -0.0000126109    0.0000221466    0.0000081488    0.0001075359    0.0000475213    0.0000221010    0.0000170370   -0.0000075821    0.0000083509    0.0000021725    0.0000143859    0.0000218960    0.0000753582   -0.0000504546    0.0000197689   -0.0000166695    0.0000542663    0.0000701236    0.0000119590    0.0000044902    0.0000039578    0.0000967977   -0.0000204517    0.0000162542    0.0000370999   -0.0000183644   -0.0000238114    0.0000194154   -0.0000300124   -0.0000214227   -0.0000259450    0.0000035640    0.0000177308    0.0000518746   -0.0000233931    0.0000143344   -0.0000065095    0.0000301690    0.0000245140   -0.0000020633   -0.0000189340   -0.0000024046   -0.0000420214    0.0000303285    0.0000114481   -0.0000185511   -0.0000288004    0.0000066973    0.0000232609    0.0000035559    0.0000115827    0.0000203165    0.0000664318   -0.0000035564    0.0000053765    0.0000285572   -0.0000102979    0.0000050424    0.0000293054    0.0000181711   -0.0000093152    0.0000072736    0.0000317742    0.0000430856   -0.0000250380   -0.0000249601   -0.0000214418   -0.0000187150    0.0000075542    0.0000321057   -0.0000060786   -0.0000018406   -0.0000006564   -0.0000360746    0.0000153950   -0.0000277281   -0.0000099620    0.0000245831   -0.0000052926    0.0000141742    0.0000305975   -0.0000118090    0.0000029713   -0.0000327128   -0.0000213080   -0.0000040701    0.0000109947    0.0000002958    0.0000006963    0.0000087008    0.0000278325    0.0000014060   -0.0000188428   -0.0000102016   -0.0000344172    0.0000121368    0.0000113276    0.0000025045   -0.0000023684   -0.0000129483   -0.0000018192    0.0000203297    0.0000077453    0.0000059513    0.0000043727    0.0000122103    0.0000242715   -0.0000201210    0.0000070036   -0.0000178440    0.0000091109   -0.0000200879 
   0.0001594406   -0.0000545419    0.0009683447   -0.0003380717    0.0005227738    0.0010859425   -0.2680569175    0.0008841152    0.0005574211   -0.0000381274   -0.0000020608   -0.0004727580    0.0000297794    0.0000021954    0.0001274834   -0.0001751546   -0.0001478499    0.0000165401    0.0000171105    0.0000090778   -0.0000738514    0.0000831343   -0.0001460933    0.0001381848   -0.0000973710    0.0000403155   -0.0000250689    0.0000132004    0.0000913662    0.0000035922    0.0000224274   -0.0000492838   -0.0000124639   -0.0000119994    0.0000033740    0.0000358644    0.0000622372    0.0000208347   -0.0000504010    0.0000119318    0.0000185253    0.0000439272    0.0000022374    0.0000793124   -0.0000175258    0.0000450973    0.0000404889    0.0000256437   -0.0000649757   -0.0000949382    0.0000856333   -0.0000387176    0.0000107911   -0.0000476712    0.0000016346    0.0000080077   -0.0000133363   -0.0000057271    0.0000357615   -0.0000052041   -0.0000167165    0.0000120369    0.0000046863   -0.0000444527   -0.0000068424   -0.0000019662   -0.0000078144   -0.0000199990   -0.0000077321    0.0000159661   -0.0000535665   -0.0000266528    0.0000004500   -0.0000179976   -0.0000248058    0.0000072248   -0.0000189046   -0.0000225891    0.0000019665    0.0000149606   -0.0000052480    0.0000185907    0.0000201989   -0.0000138016    0.0000079805    0.0000268439    0.0000138479   -0.0000173398   -0.0000400097    0.0000194000   -0.0000319014    0.0000001812    0.0000011012   -0.0000133385   -0.0000064305   -0.0000099267   -0.0000038202   -0.0000022317    0.0000148004   -0.0000481695   -0.0000212867    0.0000142389    0.0000102766   -0.0000065003    0.0000033037    0.0000138104    0.0000220665   -0.0000044656   -0.0000021864    0.0000182387   -0.0000129725    0.0000062084    0.0000070910    0.0000397657    0.0000012262   -0.0000427696   -0.0000266962   -0.0000105309    0.0000230903    0.0000184746    0.0000080400    0.0000096937    0.0000157963   -0.0000275546   -0.0000037861    0.0000082377   -0.0000088140    0.0000035498   -0.0000017407    0.0000009330    0.0000008004    0.0000190317    0.0000212213   -0.0000009910   -0.0000060663    0.0000314052   -0.0000146983    0.0000318279    0.0000015609    0.0000006588    0.0000037455   -0.0000123235    0.0000131893    0.0000199130    0.0000055684   -0.0000058581    0.0000025203    0.0000388227    0.0000224560    0.0000036144    0.0000047716    0.0000080628 
   0.0001165468    0.0000352779    0.0001827911   -0.0005706435   -0.0000456118    0.0000819804    0.0008841152   -0.2678878706   -0.0035851905    0.0019183147    0.0000463218    0.0006228863    0.0001864881   -0.0001125926   -0.0002262215    0.0006336098    0.0004085422   -0.0000599499   -0.0000027745    0.0002129917    0.0000456324   -0.0000909325    0.0000094821    0.0002311973   -0.0000480064   -0.0000709674    0.0000405940   -0.0000259039   -0.0000629751   -0.0000530006   -0.0000192037    0.0000113438    0.0000021306    0.0000073631   -0.0000192272    0.0000012446    0.0000358115   -0.0000208582   -0.0001481218   -0.0000083994   -0.0000219393   -0.0000022250    0.0000552298    0.0000643466    0.0000367868   -0.0000837370    0.0000396121    0.0000096526    0.0000523127    0.0000444939   -0.0000442491    0.0000236151   -0.0000289798   -0.0000039882    0.0000824140    0.0000302792    0.0000274723    0.0000138721    0.0000173442    0.0000324570    0.0000609289   -0.0000411776    0.0000204326   -0.0000470693   -0.0000367574   -0.0000215439   -0.0000278971   -0.0000258818   -0.0001203467   -0.0000190273    0.0000085508   -0.0000020139    0.0000101994    0.0000018163   -0.0000324298   -0.0000652793   -0.0000242862    0.0000030078   -0.0000071659    0.0000359063   -0.0000154215    0.0000116304    0.0000251358    0.0000116223   -0.0000409836    0.0000196940   -0.0000478087    0.0000438963    0.0000189575    0.0000095820   -0.0000075343    0.0000017999    0.0000279545    0.0000612347   -0.0000048090    0.0000139192    0.0000013572    0.0000257532    0.0000236982   -0.0000063039   -0.0000069223    0.0000211941    0.0000301234   -0.0000246132   -0.0000131930   -0.0000408719   -0.0000557899    0.0000154531   -0.0000152098    0.0000051521   -0.0000093218    0.0000358424   -0.0000046585    0.0000279265   -0.0000171164   -0.0000204789   -0.0000025412   -0.0000110733    0.0000060179    0.0000353058   -0.0000016043   -0.0000266080    0.0000004844   -0.0000186084   -0.0000162035    0.0000140875   -0.0000383369   -0.0000017739   -0.0000184959    0.0000302491   -0.0000131379   -0.0000106000    0.0000165063   -0.0000028421   -0.0000340821    0.0000088551   -0.0000083818    0.0000233064    0.0000421654   -0.0000152289   -0.0000113644    0.0000197675    0.0000037293    0.0000013036    0.0000179182    0.0000106161    0.0000141404   -0.0000096805    0.0000155214   -0.0000000838   -0.0000017161    0.0000214491 
   0.0000530521   -0.0000633206    0.0002348135   -0.0000284734    0.0003873673   -0.0008401630    0.0005574211   -0.0035851905   -0.2668515397   -0.0001835702    0.0003356977    0.0009693737   -0.0002919587   -0.0002611921   -0.0008747809    0.0001050590    0.0000689616   -0.0000205627   -0.0000143050   -0.0000078357   -0.0000184423    0.0000428791    0.0002640365   -0.0000490346   -0.0001533108    0.0000943576    0.0000936887   -0.0000463122   -0.0000821053    0.0000896684   -0.0000740646   -0.0001966015    0.0001094395    0.0000059299   -0.0000104919   -0.0000470994    0.0000004832   -0.0000094674    0.0000328715   -0.0000394210    0.0000835165   -0.0000825757   -0.0000817158   -0.0000064131   -0.0000144373    0.0000141985   -0.0001906187    0.0000047389    0.0000667934    0.0000724447   -0.0000175794   -0.0000598801    0.0000198094    0.0000221003    0.0000190398   -0.0000203679    0.0000196506    0.0000138398    0.0000199159    0.0000048422    0.0000085457    0.0000074116    0.0000719346   -0.0000135157    0.0000063262    0.0000179785    0.0000213514    0.0000947986   -0.0000151209    0.0000652087   -0.0000246735   -0.0000088140    0.0000200850   -0.0000779747    0.0000246801   -0.0000089742    0.0000430077    0.0001213169    0.0000443461   -0.0000206921   -0.0000029947    0.0000300418   -0.0000067401    0.0000252916   -0.0000006253   -0.0000050731    0.0000162351   -0.0000003036    0.0000073090   -0.0000050758   -0.0000085229   -0.0000177455   -0.0000087184   -0.0000085824   -0.0000027990    0.0000228059   -0.0000231014    0.0000071230    0.0000139493    0.0000413900   -0.0000412629    0.0000096202   -0.0000134605   -0.0000207127   -0.0000106316    0.0000009794   -0.0000147313   -0.0000037198   -0.0000145924   -0.0000115621   -0.0000049314    0.0000131305   -0.0000085758   -0.0000398929   -0.0000344165    0.0000116275   -0.0000148239    0.0000062960   -0.0000136274    0.0000121170    0.0000263691    0.0000168701   -0.0000167864   -0.0000223142   -0.0000146512   -0.0000214131   -0.0000087206    0.0000125991    0.0000126440    0.0000162851   -0.0000130460    0.0000246125   -0.0000092777    0.0000067184   -0.0000078342   -0.0000240363   -0.0000070557   -0.0000181373    0.0000290511    0.0000199461   -0.0000292716   -0.0000095563    0.0000072376   -0.0000197969   -0.0000320300   -0.0000148159    0.0000052446   -0.0000298405   -0.0000228897   -0.0000212911   -0.0000073487    0.0000052014 
  -0.0001776830    0.0001037948    0.0002021360    0.0000132834    0.0005145861   -0.0001832248   -0.0000381274    0.0019183147   -0.0001835702   -0.2658519581   -0.0063754932   -0.0017261892    0.0003636493   -0.0000705705   -0.0000489795   -0.0000078533    0.0000355925    0.0000950852   -0.0000439316   -0.0001632405   -0.0000523259    0.0000437662    0.0000359945   -0.0001835188   -0.0000650507    0.0000322358    0.0000177543    0.0000826345    0.0000398414   -0.0000754390    0.0001160323   -0.0000836047    0.0000688631    0.0000174530   -0.0000434715    0.0000658055   -0.0000043178   -0.0000453171    0.0000191457   -0.0001122986    0.0000280419    0.0000630222    0.0000451664    0.0000265609    0.0000249962   -0.0000063972    0.0001269395    0.0000633250    0.0000338814    0.0001092925    0.0000489097   -0.0000005818    0.0000121611   -0.0000283058    0.0000145652    0.0000657254    0.0000513689   -0.0000384369    0.0000086221   -0.0000826051    0.0000140015   -0.0000484951    0.0000248271    0.0000205120    0.0000179094   -0.0000264257   -0.0000021678    0.0000230411   -0.0000082561   -0.0000111049   -0.0000008413   -0.0000916087    0.0000171171    0.0000551894   -0.0000238760   -0.0000664171    0.0000330090   -0.0000086258    0.0000493984    0.0000157361   -0.0000029436    0.0000019972   -0.0000071795   -0.0000236945    0.0000334801   -0.0000024793    0.0000471398   -0.0000195146    0.0000092660    0.0000172509   -0.0000269424    0.0000510801    0.0000347141    0.0000343621    0.0000024055   -0.0000149423    0.0000247433   -0.0000231014   -0.0000221716   -0.0000371286    0.0000034974    0.0000101369   -0.0000067750   -0.0000195146    0.0000294943    0.0000224759   -0.0000052166   -0.0000065090    0.0000173067    0.0000125470    0.0000159507   -0.0000437383   -0.0000345907    0.0000486679   -0.0000119597    0.0000122809   -0.0000368816   -0.0000127160   -0.0000210603    0.0000410902    0.0000035681   -0.0000223370   -0.0000149812    0.0000088963    0.0000049551    0.0000137178   -0.0000396319    0.0000338763    0.0000018521   -0.0000014097    0.0000104978   -0.0000061783    0.0000181226    0.0000229918   -0.0000319866    0.0000139251    0.0000224729   -0.0000231344   -0.0000170708   -0.0000430129   -0.0000002945    0.0000165041   -0.0000042462   -0.0000349714   -0.0000238062    0.0000137560    0.0000037801   -0.0000042488   -0.0000098687    0.0000180351    0.0000002720    0.0000243398 
   0.0000224053    0.0000542574   -0.0001453803    0.0000258017   -0.0000943502   -0.0003909834   -0.0000020608    0.0000463218    0.0003356977   -0.0063754932   -0.2653448174   -0.0012624128    0.0002065312   -0.0001688631    0.0004237050   -0.0003150079    0.0000550181    0.0000261898   -0.0001251094   -0.0000916896    0.0000740058   -0.0000119862   -0.0000285087    0.0001043607   -0.0000080915   -0.0002309107   -0.0003532565   -0.0000682303   -0.0000625723    0.0000960848    0.0000136237   -0.0000454486   -0.0001186489   -0.0000582719    0.0000974666   -0.0000804296    0.0000562184    0.0001091896    0.0000353506    0.0000087228   -0.0000143315    0.0000084773    0.0000118112   -0.0000769457   -0.0000011832    0.0000481203   -0.0000154163   -0.0000165262   -0.0000180741   -0.0000139669    0.0000193764   -0.0000726020   -0.0001220592   -0.0000183467    0.0001081386   -0.0000339983    0.0000197006    0.0000473199   -0.0000416465   -0.0000587409   -0.0000496079   -0.0000021563    0.0000350420   -0.0000145469   -0.0000316698   -0.0000232072   -0.0000039287    0.0000052282   -0.0000081613    0.0000208530    0.0000322850   -0.0000110123    0.0000097606   -0.0000057106   -0.0000027588    0.0000160058    0.0000092741   -0.0000408829   -0.0000058235    0.0000183658   -0.0000561846    0.0000238290    0.0000277773   -0.0000285807   -0.0000003271    0.0000649794    0.0000299448    0.0000262669    0.0000110321    0.0000159948   -0.0000085523    0.0000166291   -0.0000610083   -0.0000007887    0.0000015520    0.0000218379    0.0000101685    0.0000174082   -0.0000173464   -0.0000498901   -0.0000354161   -0.0000390204    0.0000222061    0.0000387823   -0.0000136413   -0.0000136266   -0.0000013716    0.0000148092   -0.0000240164   -0.0000087890    0.0000095761    0.0000133951    0.0000032327   -0.0000118561    0.0000136222    0.0000181336   -0.0000179395    0.0000013868    0.0000179102   -0.0000155516    0.0000051931   -0.0000107521    0.0000040150   -0.0000091307    0.0000109013    0.0000083546   -0.0000267609   -0.0000209861   -0.0000257944    0.0000163424   -0.0000071307    0.0000074197    0.0000046276   -0.0000089507    0.0000221363   -0.0000328914   -0.0000188862   -0.0000273981   -0.0000265389   -0.0000019257   -0.0000301683   -0.0000067606   -0.0000113600    0.0000102435    0.0000012211    0.0000073248   -0.0000142837    0.0000167283    0.0000022022    0.0000076314    0.0000089492   -0.0000170510 
  -0.0002650361    0.0000540193    0.0000107279    0.0006148235   -0.0002111616   -0.0000608797   -0.0004727580    0.0006228863    0.0009693737   -0.0017261892   -0.0012624128   -0.2649332250   -0.0067873061    0.0004957337    0.0008311227    0.0003735054   -0.0002466247    0.0003984509    0.0001204496    0.0001507898    0.0000727556    0.0000377518    0.0000254857    0.0000577082   -0.0000294347   -0.0000634977    0.0001101083    0.0000878750    0.0000065883   -0.0001952492   -0.0001503709   -0.0000149349    0.0000676562   -0.0000218453    0.0000155472    0.0000343724   -0.0000062253    0.0000167790   -0.0000047840    0.0001406029   -0.0000049316    0.0000201849    0.0000287005    0.0000329031   -0.0000657688    0.0000222782    0.0000252725    0.0000297875    0.0000140882    0.0000139405    0.0000081995    0.0000180461   -0.0000152377    0.0000019407    0.0000447283   -0.0000360158    0.0000097621   -0.0000185694   -0.0000488788   -0.0000709644   -0.0000131232    0.0000131055    0.0000627708   -0.0000468767   -0.0000070654   -0.0000012635    0.0000143506    0.0000027747   -0.0000149717    0.0000352426   -0.0000290180    0.0000311296   -0.0000120310   -0.0000137729   -0.0000074866   -0.0000026759   -0.0000153531    0.0000218342   -0.0000032861    0.0000332309   -0.0000173413    0.0000056003   -0.0000206325    0.0000250064   -0.0000421287    0.0000065767    0.0000140809   -0.0000175757   -0.0000315390   -0.0000009839    0.0000044861   -0.0000144006    0.0000184291    0.0000263412    0.0000211838    0.0000113658   -0.0000037919   -0.0000027380   -0.0000192272   -0.0000191008   -0.0000361349    0.0000263368   -0.0000060616    0.0000221628   -0.0000120670   -0.0000130122   -0.0000191214   -0.0000243222   -0.0000019992    0.0000358247   -0.0000262875   -0.0000283808    0.0000012653   -0.0000111123   -0.0000041253    0.0000096577   -0.0000332611   -0.0000233285    0.0000328789   -0.0000349692    0.0000032555   -0.0000223715    0.0000159646   -0.0000234123    0.0000434921   -0.0000008181    0.0000225531    0.0000015629    0.0000299625    0.0000241678   -0.0000135862    0.0000104890   -0.0000058137    0.0000283749   -0.0000172494    0.0000096092   -0.0000079371    0.0000200637   -0.0000044745    0.0000177999    0.0000162697   -0.0000099039    0.0000275414    0.0000256400    0.0000016553    0.0000150496   -0.0000234365    0.0000000790    0.0000180535    0.0000350574    0.0000028086    0.0000021981 
   0.0000250469   -0.0001784327    0.0001138494   -0.0000998406    0.0000491985   -0.0005505269    0.0000297794    0.0001864881   -0.0002919587    0.0003636493    0.0002065312   -0.0067873061   -0.2643452358    0.0000654167    0.0004283501   -0.0001893546    0.0002709528   -0.0001702008    0.0006270758   -0.0000164953    0.0004292321    0.0000810102    0.0005611916   -0.0001451892    0.0001378541   -0.0000634124   -0.0000251821   -0.0000226508   -0.0000999876    0.0000141433   -0.0000846190   -0.0000980178    0.0000437082    0.0000241642    0.0000153134   -0.0000482857   -0.0000006035    0.0000401971   -0.0000140199   -0.0000283095   -0.0000848174    0.0000194801    0.0000736456    0.0000909325   -0.0000057196    0.0001075800   -0.0000126506    0.0000291738    0.0000181409   -0.0000380701    0.0001558759   -0.0000040576    0.0000548667   -0.0000424778    0.0000251799    0.0000215204   -0.0000584924    0.0000229911   -0.0000202364   -0.0000566623    0.0000266161   -0.0000239290    0.0000097739    0.0000062772   -0.0000221841   -0.0000124918    0.0000167577   -0.0000584843    0.0000189288    0.0000028242    0.0000322137    0.0000226155   -0.0000329421   -0.0000140302   -0.0000356321    0.0000813410    0.0000008214   -0.0000481152    0.0000161609   -0.0000095703    0.0000438941   -0.0000499717   -0.0000457228   -0.0000611428   -0.0000172590    0.0000447401   -0.0000135848   -0.0000374343    0.0000290290   -0.0000083744   -0.0000178749    0.0000335889   -0.0000339696    0.0000049950    0.0000176823    0.0000244714   -0.0000007454   -0.0000163681    0.0000256959    0.0000442183    0.0000247249   -0.0000142918    0.0000461402    0.0000298228   -0.0000052510    0.0000042378   -0.0000171178    0.0000009928    0.0000074263    0.0000266646    0.0000028413   -0.0000028690   -0.0000057260    0.0000037859    0.0000100950    0.0000038195    0.0000029789    0.0000092204    0.0000084369    0.0000032320   -0.0000188105   -0.0000069287    0.0000024288   -0.0000036785    0.0000064936   -0.0000147203    0.0000118223    0.0000202511   -0.0000381936    0.0000167680   -0.0000208633    0.0000270291    0.0000300926   -0.0000125565   -0.0000022835   -0.0000519966    0.0000020580   -0.0000105287   -0.0000117436    0.0000041751   -0.0000082590   -0.0000007498   -0.0000181453   -0.0000366619    0.0000188215    0.0000145292   -0.0000000545    0.0000280904    0.0000341122   -0.0000083678    0.0000341989   -0.0000094946 
   0.0000659253   -0.0001085208    0.0000313494    0.0000156111   -0.0001227280   -0.0003766585    0.0000021954   -0.0001125926   -0.0002611921   -0.0000705705   -0.0001688631    0.0004957337    0.0000654167   -0.2633603539   -0.0020735438    0.0005457642   -0.0002759874    0.0001016854   -0.0008680190    0.0000899256    0.0000166614   -0.0001428667   -0.0000799665    0.0001505840   -0.0001308129    0.0000211140    0.0000705896   -0.0000071042    0.0002088317    0.0000720007    0.0001366119    0.0000163240   -0.0000324915   -0.0000129284   -0.0000015305    0.0001070728   -0.0000026326    0.0000281845   -0.0000384052   -0.0000759094   -0.0000948280   -0.0000965552   -0.0000438250    0.0000233380    0.0000247786   -0.0000389829   -0.0000545573   -0.0000177654   -0.0000057011   -0.0000247191    0.0002254351   -0.0000247352   -0.0000063882   -0.0000206443    0.0000220459    0.0000210735   -0.0000016906   -0.0000033116   -0.0000203944    0.0000022746    0.0000320138    0.0000070092   -0.0000110424   -0.0000579147    0.0000055964    0.0000018315    0.0000786877   -0.0000535430    0.0000637895   -0.0000239576   -0.0000009928   -0.0000007754    0.0000207891   -0.0000067259    0.0000187010    0.0000721220   -0.0000233299    0.0000172898   -0.0000174515    0.0000558068    0.0000012529   -0.0000468010   -0.0000111049    0.0000126432    0.0000186304    0.0000329075   -0.0000198557   -0.0000400354   -0.0000182945   -0.0000110395    0.0000053692    0.0000289893    0.0000085574    0.0000118972   -0.0000048246   -0.0000122603    0.0000020482   -0.0000070174    0.0000187392    0.0000205855   -0.0000147299    0.0000528632   -0.0000237871    0.0000119942   -0.0000207626    0.0000337271    0.0000172141   -0.0000280302    0.0000081628   -0.0000167055   -0.0000089734    0.0000321049   -0.0000167121    0.0000062109   -0.0000077740    0.0000138736    0.0000104993    0.0000137442    0.0000056333   -0.0000212984   -0.0000166526   -0.0000046952    0.0000408491   -0.0000178653   -0.0000198990   -0.0000345311    0.0000175478    0.0000189854   -0.0000100818   -0.0000251939   -0.0000213425   -0.0000085729    0.0000412732    0.0000138155   -0.0000218813   -0.0000237452   -0.0000008166   -0.0000083502    0.0000153671   -0.0000079246   -0.0000027080    0.0000053875   -0.0000125021   -0.0000035884    0.0000368405    0.0000049713    0.0000010812   -0.0000030082    0.0000274385    0.0000119847    0.0000150687   -0.0000098951 
  -0.0000118693    0.0001946538   -0.0001200747    0.0001740227    0.0002011217   -0.0000476940    0.0001274834   -0.0002262215   -0.0008747809   -0.0000489795    0.0004237050    0.0008311227    0.0004283501   -0.0020735438   -0.2627135658   -0.0003999282   -0.0016706978    0.0011525323   -0.0002032752    0.0000577119   -0.0002722757    0.0000001429   -0.0005152255   -0.0000622203   -0.0000503429   -0.0000162189   -0.0000887423    0.0000246625    0.0000201283   -0.0000490456    0.0000382487   -0.0000600719    0.0000297368   -0.0002345930   -0.0000000264    0.0000038331   -0.0001086384    0.0000911604    0.0000464541   -0.0000284793   -0.0000895287    0.0000301638    0.0000159580   -0.0000199380    0.0000570827   -0.0000969962   -0.0000529484    0.0000056831   -0.0000906900    0.0000400884    0.0000772618    0.0000397826    0.0000912192    0.0000061638   -0.0000137516   -0.0000677180   -0.0000171369    0.0000565359    0.0000202533    0.0000358695   -0.0000191096   -0.0000357299    0.0000088860    0.0000235651    0.0000364980   -0.0000594803   -0.0000187642   -0.0001000464   -0.0000539943   -0.0000040666   -0.0000104118    0.0000132400   -0.0000113967   -0.0000003341   -0.0000070432    0.0001041696   -0.0000069492    0.0000357071    0.0000145204   -0.0000351353   -0.0000044360   -0.0000297927    0.0000536430   -0.0000071863   -0.0000457184   -0.0000168393   -0.0000268557    0.0000820245   -0.0000015463    0.0001167747   -0.0000185966    0.0000170899   -0.0000360996   -0.0000259730    0.0000250895    0.0000066399   -0.0000084744   -0.0000019262   -0.0000248029   -0.0000416002    0.0000048342    0.0000194433    0.0000051988   -0.0000439662    0.0000346392   -0.0000181703   -0.0000014692   -0.0000049864   -0.0000345796   -0.0000084082    0.0000266999   -0.0000393990    0.0000250145    0.0000176294    0.0000159514    0.0000116025   -0.0000059244   -0.0000566167   -0.0000046361    0.0000232462   -0.0000126565   -0.0000066706   -0.0000333419   -0.0000073940    0.0000048780   -0.0000330737   -0.0000551240    0.0000127087    0.0000169686   -0.0000194492   -0.0000273944    0.0000064372   -0.0000498394   -0.0000379260    0.0000104486    0.0000213543    0.0000043334   -0.0000269689   -0.0000149518    0.0000041570   -0.0000284116    0.0000167151    0.0000184540    0.0000117164   -0.0000039645   -0.0000176713   -0.0000009214   -0.0000218636   -0.0000314221    0.0000077262   -0.0000039522   -0.0000040871 
  -0.0001088515   -0.0000386603   -0.0000049788    0.0000109586   -0.0001107698    0.0000672152   -0.0001751546    0.0006336098    0.0001050590   -0.0000078533   -0.0003150079    0.0003735054   -0.0001893546    0.0005457642   -0.0003999282   -0.2623313729    0.0007666644   -0.0011332021   -0.0003335883   -0.0001836217    0.0002439641   -0.0001516424   -0.0004526561    0.0002058183   -0.0000982750    0.0000477021   -0.0000425609    0.0000777983    0.0002018126   -0.0001370015    0.0000596699   -0.0000764827    0.0000257378   -0.0001683560    0.0000154487   -0.0000173574   -0.0000581382    0.0000150312    0.0000567116    0.0000325158    0.0000025120    0.0000421735   -0.0001112108   -0.0000004880    0.0000055084    0.0000774970   -0.0000637579   -0.0000272643   -0.0000074616   -0.0000753508   -0.0000909252   -0.0000528580    0.0000399281   -0.0000077828    0.0000189649   -0.0000242869    0.0000081150    0.0000067700   -0.0000724292    0.0000474934   -0.0000061876    0.0000013717    0.0000273246    0.0000305299    0.0000045202   -0.0000360004   -0.0000259921   -0.0000222767    0.0000305835    0.0000304792    0.0000533255   -0.0000132099    0.0000122199    0.0000140684    0.0000576090   -0.0000669764   -0.0000028605    0.0000555981   -0.0000158448    0.0000067455   -0.0000143712    0.0000032816    0.0000574429   -0.0000227059    0.0000577596   -0.0000192971   -0.0000127946   -0.0000174559    0.0000105169   -0.0000408902   -0.0000328590   -0.0000046887    0.0000320939    0.0000130872    0.0000366611   -0.0000238327   -0.0000056373    0.0000040927    0.0000052341   -0.0000038344   -0.0000436310    0.0000502084    0.0000243722    0.0000159632   -0.0000459785    0.0000028169    0.0000373035   -0.0000095107   -0.0000639424   -0.0000006912   -0.0000123382    0.0000036075    0.0000078276    0.0000097665   -0.0000030990   -0.0000207318    0.0000106558   -0.0000021679    0.0000065858   -0.0000086317    0.0000067382    0.0000110057   -0.0000031349    0.0000275421   -0.0000364833   -0.0000198909   -0.0000006751    0.0000110976   -0.0000000194    0.0000039069   -0.0000197020    0.0000096592   -0.0000265734    0.0000067980   -0.0000141147   -0.0000069815    0.0000376240   -0.0000022038   -0.0000113636    0.0000141338    0.0000289107   -0.0000016883   -0.0000113181    0.0000144278   -0.0000046106    0.0000023088    0.0000273077   -0.0000126991    0.0000207612    0.0000052443   -0.0000055378    0.0000047414 
