0.000000000000000000e+00 8.035499999999999891e-05 7.479799999999999943e-06 -1.266500000000000071e-06 8.630800000000000442e-06 1.859850000000000023e-04 5.857099999999999877e-05 1.040060000000000000e-05 4.911030000000000310e-05 1.236640000000000073e-05 -3.928929999999999668e-05 2.635500000000000008e-06 -7.999000000000000833e-06 -1.544420000000000029e-05 -4.764499999999999869e-06 5.079760000000000303e-05 1.317784999999999920e-04 -1.464030000000000008e-04 -7.727000000000000727e-06 -4.672199999999999753e-05 -6.302299999999999612e-05 -5.293540000000000143e-05 -7.608749999999999953e-05 -6.095840000000000237e-05 -3.108479999999999756e-05 -1.867700000000000092e-05 4.352160000000000018e-05 3.724210000000000042e-05 -1.278980000000000077e-05 -3.694719999999999754e-05 -5.729030000000000271e-05 2.642150000000000106e-05 5.851519999999999839e-05 3.839079999999999842e-05 5.973199999999999663e-05 6.892269999999999658e-05 3.065199999999999723e-05 -2.630809999999999974e-05 -7.587279999999999632e-05 -3.207119999999999882e-05 -3.463370000000000012e-05 -1.043950000000000059e-05 -1.415609999999999987e-05 1.411749999999999994e-05 1.841199999999999922e-05 3.206509999999999900e-05 -8.038929999999999958e-05 -6.283440000000000271e-05 1.543909999999999928e-05 -2.559600000000000024e-06 1.288359999999999977e-05 1.469800000000000056e-05 2.909259999999999993e-05 -3.444189999999999969e-05 1.087699999999999979e-06 -4.971749999999999960e-05 6.545599999999999638e-06 -2.457780000000000040e-05 -3.714940000000000044e-05 5.831739999999999835e-05 4.806000000000000022e-07 -5.482400000000000229e-06 -2.099709999999999926e-05 1.608939999999999879e-05 -1.694119999999999968e-05 -5.280059999999999723e-05 1.778510000000000019e-05 -5.722269999999999679e-05 -1.510859999999999965e-05 -8.000699999999999479e-06 -1.523769999999999982e-05 -2.899760000000000168e-05 2.219210000000000052e-05 7.751999999999999641e-06 -1.202720000000000065e-05 3.074800000000000190e-06 3.808070000000000286e-05 -3.582199999999999686e-05 -4.627439999999999863e-05 -4.247319999999999850e-05 -8.097299999999999536e-06 1.985019999999999843e-05 -5.339850000000000044e-05 5.127300000000000020e-06 1.878559999999999849e-05 -1.252380000000000027e-05 -2.323889999999999870e-05 -1.472700000000000105e-06 -7.647589999999999737e-05 1.923170000000000088e-05 -6.367100000000000415e-06 -5.334700000000000271e-05 4.164899999999999714e-06 7.423100000000000130e-06 -3.791700000000000052e-06 -2.888460000000000124e-05 1.792699999999999963e-05 3.374420000000000127e-05 7.750800000000000398e-06 -5.174349999999999680e-05
-8.035499999999999891e-05 0.000000000000000000e+00 -2.786937999999999980e-04 -4.901915000000000178e-04 -1.856149999999999838e-05 1.821500000000000094e-05 1.486837000000000076e-04 -1.558344999999999934e-04 2.535230000000000120e-05 1.509660000000000044e-05 2.334099999999999811e-06 6.335469999999999839e-05 -1.987559000000000125e-04 1.365144999999999954e-04 -4.806000000000000022e-07 2.188050000000000167e-05 2.963639999999999970e-05 5.328000000000000064e-07 3.987669999999999719e-05 1.646339999999999894e-05 6.045200000000000160e-06 -2.952669999999999972e-05 -8.932179999999999580e-05 -2.286880000000000033e-05 -2.056380000000000122e-05 -2.046800000000000122e-05 3.066800000000000012e-06 1.753759999999999960e-05 -1.658330000000000096e-05 2.175709999999999876e-05 1.011320000000000001e-05 -1.089599999999999910e-06 -3.134419999999999714e-05 2.427070000000000125e-05 3.135899999999999910e-06 1.576329999999999865e-05 -9.687399999999999779e-06 -1.045369999999999954e-05 -4.384000000000000039e-05 -3.369140000000000069e-05 -2.978960000000000020e-05 -8.719899999999999301e-06 3.910789999999999872e-05 3.973910000000000040e-05 2.803800000000000159e-06 -4.562269999999999943e-05 -8.151900000000000674e-06 -7.170299999999999772e-06 1.669400000000000059e-06 -6.042040000000000176e-05 -2.500799999999999841e-05 6.316860000000000367e-05 3.444100000000000195e-06 -6.378210000000000043e-05 4.970540000000000017e-05 7.190990000000000077e-05 -6.870400000000000323e-06 -1.817539999999999881e-05 6.547800000000000227e-06 -4.764259999999999681e-05 6.205020000000000435e-05 -2.060119999999999852e-05 4.815569999999999703e-05 -5.241070000000000288e-05 -4.419940000000000240e-05 2.316179999999999904e-05 1.744809999999999986e-05 3.998150000000000336e-05 7.283600000000000026e-06 3.847449999999999899e-05 -9.739300000000000078e-06 1.632479999999999996e-05 -1.032299999999999925e-05 -1.245399999999999968e-06 4.380539999999999906e-05 -1.118870000000000013e-05 -1.818599999999999834e-05 2.429810000000000035e-05 -3.733999999999999825e-05 -1.222209999999999941e-05 7.583940000000000440e-05 1.050009999999999964e-05 -6.862709999999999893e-05 8.620399999999999661e-06 -6.680000000000000259e-08 -7.393800000000000258e-06 -1.886730000000000145e-05 2.594449999999999868e-05 2.298300000000000086e-06 -2.865140000000000151e-05 7.039799999999999921e-06 -1.698299999999999901e-06 2.481750000000000083e-05 -2.898559999999999909e-05 3.151290000000000113e-05 2.681789999999999950e-05 -1.376080000000000045e-05 -8.750169999999999606e-05 3.004950000000000088e-05 5.011100000000000184e-06
-7.479799999999999943e-06 2.786937999999999980e-04 0.000000000000000000e+00 3.155704000000000061e-03 1.473722000000000118e-04 7.445299999999999680e-06 -5.923500000000000122e-06 2.849382999999999820e-04 -1.637456000000000133e-04 -1.930382999999999980e-04 -1.629649999999999889e-05 -3.414560000000000051e-05 3.250220000000000198e-05 -2.033518000000000001e-04 7.007709999999999352e-05 1.912109999999999892e-05 -9.191360000000000036e-05 5.962299999999999649e-06 2.748209999999999900e-05 2.254030000000000169e-05 -3.543919999999999774e-05 -4.768599999999999711e-05 -2.253840000000000091e-05 1.857000000000000019e-07 6.246460000000000499e-05 -2.444909999999999941e-05 5.896800000000000191e-05 1.791629999999999989e-05 8.326639999999999953e-05 -1.782070000000000033e-05 3.307720000000000240e-05 4.206559999999999922e-05 -2.752699999999999920e-06 -8.448600000000000730e-06 1.982020000000000041e-05 3.384650000000000196e-05 -1.169010000000000010e-05 -1.514600000000000076e-06 -3.427250000000000093e-05 3.288339999999999758e-05 4.599679999999999980e-05 1.738800000000000022e-05 -1.549220000000000051e-05 3.920860000000000268e-05 -3.991590000000000182e-05 -4.507509999999999810e-05 -1.059729999999999932e-05 -3.546429999999999857e-05 7.373740000000000318e-05 -9.122559999999999610e-05 -4.001319999999999833e-05 1.863479999999999987e-05 2.522149999999999899e-05 4.377330000000000321e-05 -2.563749999999999975e-05 2.775249999999999899e-05 -4.539199999999999671e-06 3.740370000000000240e-05 1.493689999999999924e-05 -3.145699999999999799e-06 -3.946599999999999619e-06 -1.571589999999999974e-05 -5.617529999999999730e-05 -4.671420000000000075e-05 -1.437469999999999978e-05 2.876039999999999996e-05 -2.466000000000000107e-05 4.150680000000000043e-05 4.986499999999999607e-06 3.317299999999999986e-06 1.878520000000000100e-05 -1.448419999999999932e-05 1.756799999999999849e-05 4.765430000000000214e-05 1.505219999999999964e-05 9.742500000000000319e-06 -2.729310000000000132e-05 -4.524999999999999875e-06 -1.518399999999999938e-06 2.990700000000000013e-06 8.876199999999999821e-06 -5.449690000000000334e-05 3.222140000000000290e-05 7.168279999999999747e-05 -1.200989999999999999e-05 -9.122900000000000356e-06 3.462000000000000057e-06 -4.089300000000000302e-05 1.712519999999999995e-05 8.317580000000000416e-05 1.476499999999999967e-06 1.632540000000000128e-05 8.610270000000000488e-05 1.390809999999999987e-05 -1.022409999999999923e-05 4.016890000000000093e-05 3.403609999999999757e-05 -7.929929999999999477e-05 9.371299999999999536e-06 -3.228599999999999886e-06
1.266500000000000071e-06 4.901915000000000178e-04 -3.155704000000000061e-03 0.000000000000000000e+00 -1.195002999999999983e-04 -1.115459999999999989e-05 -5.837273999999999501e-04 3.822101999999999748e-04 -3.846283000000000254e-04 -1.302405000000000077e-04 4.698119999999999667e-05 -2.558100000000000123e-06 5.774519999999999729e-05 -1.120670000000000063e-05 1.349853000000000034e-04 3.315569999999999835e-05 -2.203669999999999859e-05 6.845600000000000154e-06 4.112770000000000266e-05 -7.176669999999999848e-05 -1.857199999999999981e-06 -7.650430000000000544e-05 -5.957269999999999970e-05 2.438589999999999974e-05 -1.280290000000000070e-05 -5.465599999999999814e-06 -2.449999999999999921e-05 -1.277740000000000069e-05 3.509599999999999822e-06 -3.706859999999999946e-05 9.794400000000000618e-06 4.253559999999999980e-05 -6.451270000000000322e-05 -2.562870000000000079e-05 1.093589999999999977e-05 2.258709999999999928e-05 -2.579199999999999971e-05 7.611200000000000074e-06 4.277680000000000013e-05 -3.618000000000000237e-07 -4.957100000000000362e-06 -2.346070000000000054e-05 -4.625430000000000199e-05 -3.145049999999999983e-05 1.399720000000000043e-05 -9.716699999999999651e-06 -2.188780000000000074e-05 5.456160000000000290e-05 1.024334000000000008e-04 -6.072970000000000234e-05 6.735289999999999680e-05 3.649760000000000103e-05 -1.681569999999999894e-05 3.237739999999999938e-05 2.919149999999999995e-05 -5.809399999999999808e-06 -1.042380000000000005e-05 4.338199999999999901e-05 6.428999999999999772e-06 6.020200000000000399e-06 4.101290000000000165e-05 -3.191820000000000215e-05 5.358150000000000190e-05 -7.434110000000000555e-05 -1.369980000000000053e-05 3.339600000000000179e-06 -3.300930000000000259e-05 -2.775200000000000128e-06 -1.871359999999999986e-05 1.392339999999999954e-05 5.981609999999999808e-05 -2.617000000000000101e-06 5.885640000000000115e-05 8.224400000000000403e-06 8.854100000000000490e-05 3.414670000000000292e-05 -2.901639999999999886e-05 -4.160280000000000087e-05 -5.606100000000000417e-06 8.575200000000000500e-06 -2.453699999999999902e-05 2.088609999999999981e-05 -1.152480000000000018e-05 -1.162953999999999979e-04 6.442000000000000325e-06 -1.962469999999999864e-05 -2.414179999999999983e-05 7.313510000000000388e-05 1.060669999999999960e-05 2.439710000000000058e-05 -2.603749999999999931e-05 -4.390379999999999798e-05 9.889599999999999300e-06 5.515300000000000371e-06 6.565189999999999394e-05 2.988000000000000021e-07 2.994760000000000106e-05 -1.221016999999999968e-04 1.079854999999999980e-04 1.406559999999999964e-05
-8.630800000000000442e-06 1.856149999999999838e-05 -1.473722000000000118e-04 1.195002999999999983e-04 0.000000000000000000e+00 2.960576000000000028e-04 6.379320000000000444e-05 1.466771000000000123e-04 -2.085500000000000192e-06 2.934839999999999839e-05 -2.289551999999999928e-04 -1.333201999999999911e-04 -6.731899999999999701e-05 -5.159909999999999866e-05 -2.057489999999999845e-05 -2.059821999999999944e-04 -7.439459999999999411e-05 -7.119169999999999806e-05 -6.015730000000000084e-05 2.401639999999999930e-05 9.681399999999999837e-05 4.068619999999999680e-05 -2.594769999999999892e-05 -1.156042000000000002e-04 1.442559999999999958e-05 3.744269999999999982e-05 4.783300000000000095e-05 3.043679999999999970e-05 2.863209999999999985e-05 3.678049999999999793e-05 -9.347000000000000463e-06 -3.509440000000000064e-05 -5.359430000000000286e-05 -6.113330000000000641e-05 -1.981710000000000039e-05 -3.649299999999999941e-06 1.324930000000000035e-05 -1.043129999999999955e-05 8.021130000000000230e-05 -3.645900000000000109e-06 3.063830000000000107e-05 7.390670000000000171e-05 6.543740000000000472e-05 -1.925859999999999888e-05 -7.348779999999999798e-05 -2.753169999999999934e-05 3.419599999999999836e-06 1.336700000000000051e-06 9.799769999999999857e-05 2.576600000000000030e-06 -2.976490000000000025e-05 1.256540000000000001e-05 2.978390000000000125e-05 1.839509999999999943e-05 -4.725899999999999933e-06 -2.022599999999999913e-05 4.254920000000000251e-05 3.698610000000000152e-05 -1.249399999999999930e-05 -4.032529999999999828e-05 -1.171849999999999970e-05 2.542719999999999941e-05 -3.841579999999999903e-05 -8.910400000000000273e-06 9.052700000000000587e-06 3.591569999999999903e-05 1.753200000000000087e-05 3.424319999999999767e-05 2.658899999999999903e-05 -3.085820000000000213e-05 -2.916700000000000043e-05 4.886349999999999727e-05 3.585560000000000277e-05 3.284800000000000127e-05 -9.211600000000000032e-06 -2.268899999999999910e-05 -2.302139999999999951e-05 9.201030000000000233e-05 -2.837689999999999931e-05 3.804749999999999783e-05 1.429819999999999975e-05 -6.508499999999999603e-06 1.004444000000000035e-04 4.549299999999999794e-06 9.587700000000000378e-05 -1.508810000000000043e-05 4.702910000000000006e-05 -2.566809999999999909e-05 1.601950000000000138e-05 -5.599999999999999747e-06 5.102699999999999781e-05 -2.390169999999999852e-05 1.337130000000000020e-05 6.190350000000000117e-05 -5.765200000000000299e-06 -8.542000000000000547e-06 -9.744140000000000527e-05 2.638649999999999885e-05 1.280040000000000030e-05 -3.812779999999999772e-05
-1.859850000000000023e-04 -1.821500000000000094e-05 -7.445299999999999680e-06 1.115459999999999989e-05 -2.960576000000000028e-04 0.000000000000000000e+00 3.586637000000000267e-04 5.325796999999999519e-04 -1.035086999999999937e-04 -2.432189999999999832e-05 -9.277525999999999915e-04 -4.332992999999999936e-04 2.010509999999999831e-05 3.545859999999999962e-05 -3.569949999999999930e-05 -1.358276000000000004e-04 -1.989410000000000050e-04 -9.106990000000000029e-05 -1.812070000000000084e-05 -6.023799999999999822e-06 -4.253900000000000048e-05 -3.150779999999999673e-05 -2.074389999999999971e-05 8.307729999999999824e-05 -8.338609999999999772e-05 9.166689999999999474e-05 -2.278499999999999954e-05 5.879979999999999902e-05 9.492699999999999763e-06 8.821800000000000816e-06 -1.459029999999999988e-05 3.149919999999999820e-05 3.585560000000000277e-05 -8.097870000000000448e-05 2.641700000000000135e-05 3.515999999999999985e-07 -9.144899999999999467e-06 -6.187000000000000225e-06 -9.653299999999999547e-06 1.403280000000000056e-05 -6.210029999999999901e-05 2.863910000000000164e-05 1.722760000000000087e-05 -3.527909999999999906e-05 -9.435210000000000081e-05 -2.567830000000000112e-05 -3.917839999999999745e-05 -3.379350000000000095e-05 -2.272000000000000016e-06 -2.658739999999999891e-05 -3.353480000000000290e-05 -4.509180000000000084e-05 -4.039870000000000337e-05 -4.684710000000000079e-05 -8.650430000000000456e-05 -4.657300000000000285e-06 -8.130420000000000670e-05 -2.499190000000000038e-05 4.888179999999999674e-05 -2.493899999999999958e-05 1.002489999999999951e-05 4.971399999999999870e-05 2.356199999999999904e-05 -4.321200000000000233e-06 -7.257959999999999878e-05 2.847310000000000018e-05 2.877999999999999804e-06 -4.732980000000000211e-05 2.792119999999999959e-05 1.687960000000000014e-05 -2.314009999999999890e-05 -3.382160000000000158e-05 8.492999999999999831e-06 -2.966409999999999945e-05 -5.813199999999999670e-06 6.861460000000000540e-05 3.332629999999999973e-05 -5.556039999999999747e-05 -3.510219999999999741e-05 -6.835699999999999622e-06 -3.573830000000000306e-05 5.349870000000000330e-05 5.719600000000000262e-06 -4.510390000000000026e-05 5.349480000000000153e-05 -5.796050000000000182e-05 -6.613899999999999814e-05 -5.816380000000000036e-05 1.262399999999999975e-06 6.936330000000000046e-05 7.946699999999999657e-06 -1.775310000000000118e-05 4.206000000000000049e-06 -7.611609999999999448e-05 -5.167400000000000026e-05 -3.292220000000000134e-05 1.722170000000000149e-05 -3.497649999999999962e-05 6.635749999999999613e-05 -4.920220000000000133e-05
-5.857099999999999877e-05 -1.486837000000000076e-04 5.923500000000000122e-06 5.837273999999999501e-04 -6.379320000000000444e-05 -3.586637000000000267e-04 0.000000000000000000e+00 1.813362610000000125e-02 -1.548817999999999983e-04 7.820687000000000428e-04 1.028393999999999966e-04 2.381770000000000068e-05 -9.384399999999999461e-06 -1.044585000000000028e-04 1.546087000000000026e-04 -9.482999999999999839e-05 1.743679999999999880e-05 -1.870340000000000121e-05 3.058625000000000146e-04 1.087524999999999993e-04 -2.984199999999999990e-05 -3.820224999999999901e-04 -8.154480000000000571e-05 -7.415479999999999685e-05 3.067190000000000021e-05 1.388309999999999927e-05 5.315399999999999964e-06 -3.250699999999999895e-05 -2.279269999999999948e-05 1.670759999999999907e-05 -1.172309999999999962e-05 1.798610000000000047e-05 1.219520000000000006e-04 -3.825400000000000339e-05 -8.980430000000000346e-05 1.215870999999999933e-04 -1.014136999999999943e-04 -7.572900000000000627e-05 6.443870000000000359e-05 -5.874100000000000222e-06 -7.162909999999999492e-05 -4.922990000000000108e-05 -3.246599999999999714e-05 -9.023830000000000642e-05 -3.039730000000000117e-05 -4.332090000000000056e-05 2.596530000000000024e-05 -3.171199999999999809e-06 -3.867020000000000120e-05 -4.359690000000000266e-05 4.127540000000000126e-05 -5.065049999999999896e-05 7.518599999999999470e-05 6.036899999999999748e-05 -3.196529999999999700e-05 -2.852239999999999986e-05 3.794699999999999853e-06 6.557739999999999999e-05 -6.435440000000000171e-05 -2.491859999999999889e-05 -1.011693999999999940e-04 2.867069999999999978e-05 1.077124999999999957e-04 -9.213319999999999399e-05 4.188559999999999755e-05 -1.629600000000000119e-05 -4.609730000000000332e-05 -5.987090000000000304e-05 1.387810000000000016e-05 3.884759999999999716e-05 2.200410000000000164e-05 4.671110000000000073e-05 1.009289999999999954e-05 -1.811859999999999963e-05 -1.391820000000000000e-05 1.416439999999999944e-05 -4.971399999999999870e-05 3.505579999999999731e-05 4.127630000000000323e-05 2.531380000000000148e-05 3.246250000000000302e-05 6.326539999999999909e-05 -1.983430000000000083e-05 2.875089999999999945e-05 -2.300470000000000016e-05 3.830300000000000410e-06 -5.066000000000000497e-07 1.137256000000000009e-04 2.898050000000000146e-05 -6.552050000000000398e-05 4.465300000000000260e-06 -1.622299999999999909e-06 2.121029999999999918e-05 1.714880000000000088e-05 3.537999999999999838e-06 -2.829500000000000184e-06 2.204680000000000040e-05 1.220876000000000133e-04 -8.235329999999999636e-05 -1.687439999999999890e-05
-1.040060000000000000e-05 1.558344999999999934e-04 -2.849382999999999820e-04 -3.822101999999999748e-04 -1.466771000000000123e-04 -5.325796999999999519e-04 -1.813362610000000125e-02 0.000000000000000000e+00 2.929172500000000023e-03 4.571673999999999963e-04 1.934800000000000093e-06 2.097299999999999808e-06 4.844820000000000008e-04 2.083734000000000064e-04 1.852431000000000086e-04 -1.413262999999999889e-04 -7.931349999999999880e-05 -1.201920000000000005e-05 -1.017697000000000024e-04 -7.416399999999999838e-06 -1.243570000000000022e-05 2.854361999999999828e-04 1.971532000000000015e-04 -8.420760000000000333e-05 7.697250000000000207e-05 1.296600000000000003e-06 6.441799999999999886e-06 6.582900000000000111e-06 2.519069999999999922e-05 2.228394000000000132e-04 -1.588330000000000088e-05 6.293240000000000075e-05 -8.562019999999999722e-05 -3.664570000000000051e-05 -1.125433999999999972e-04 -5.546789999999999794e-05 9.302910000000000010e-05 6.138700000000000196e-06 -7.476940000000000279e-05 1.063049999999999927e-05 -6.240109999999999451e-05 -7.594600000000000097e-06 4.329980000000000173e-05 -1.061379999999999992e-05 -4.182759999999999912e-05 2.657789999999999841e-05 -7.590400000000000205e-06 2.384580000000000131e-05 -5.520300000000000323e-06 6.053300000000000133e-06 -5.500840000000000005e-05 1.892929999999999849e-05 4.940859999999999989e-05 9.186270000000000394e-05 1.971390000000000111e-05 1.568890000000000153e-05 -6.734879999999999459e-05 4.861520000000000170e-05 -2.529340000000000079e-05 -3.051559999999999969e-05 3.186590000000000266e-05 1.634919999999999925e-05 -1.306888999999999881e-04 -9.930439999999999743e-05 -6.061299999999999718e-05 9.483299999999999480e-06 8.027689999999999707e-05 -3.321910000000000184e-05 6.621890000000000393e-05 1.723699999999999904e-06 9.611530000000000453e-05 3.404879999999999832e-05 1.018760000000000051e-05 4.134449999999999692e-05 1.434010000000000014e-05 -4.697100000000000311e-06 8.906500000000000191e-06 2.128800000000000015e-05 2.410220000000000109e-05 1.212929999999999922e-05 -5.901100000000000133e-06 6.043640000000000297e-05 -1.386960000000000016e-05 4.549599999999999605e-06 -2.443110000000000060e-05 3.704400000000000057e-06 -1.054939999999999932e-05 7.545730000000000005e-05 -3.927370000000000313e-05 1.061540000000000004e-05 8.047500000000000454e-06 -6.220300000000000059e-05 2.717609999999999888e-05 5.209470000000000116e-05 -4.159589999999999929e-05 -2.323000000000000036e-06 -2.070069999999999986e-05 -2.287599999999999917e-05 -1.538230000000000009e-05 -8.055499999999999361e-06
-4.911030000000000310e-05 -2.535230000000000120e-05 1.637456000000000133e-04 3.846283000000000254e-04 2.085500000000000192e-06 1.035086999999999937e-04 1.548817999999999983e-04 -2.929172500000000023e-03 0.000000000000000000e+00 -1.200394899999999900e-03 1.357530000000000028e-05 6.142130000000000094e-05 6.757917000000000438e-04 1.455520000000000084e-05 -8.513569999999999873e-05 -2.276969999999999987e-05 4.211129999999999778e-05 -1.783350000000000129e-05 1.145895999999999981e-04 3.368711999999999943e-04 -1.065360000000000079e-05 1.485199999999999943e-05 -2.362551000000000007e-04 8.836200000000000543e-05 -2.666809999999999968e-05 2.090370000000000113e-05 -1.150039999999999919e-05 2.255269999999999839e-05 -7.692900000000000495e-06 2.255050000000000034e-05 -2.326559999999999964e-05 1.359254999999999914e-04 -8.372330000000000527e-05 4.551570000000000198e-05 2.838060000000000065e-05 -6.185929999999999912e-05 8.608099999999999796e-06 1.789050000000000091e-05 8.318700000000000161e-05 -3.715040000000000264e-05 -1.269000000000000047e-06 1.627230000000000004e-05 -2.364699999999999992e-06 -6.611789999999999931e-05 -1.822509999999999937e-05 -8.214889999999999541e-05 2.783459999999999944e-05 -1.219630000000000044e-05 3.027889999999999906e-05 -3.865480000000000131e-05 5.298560000000000308e-05 2.234710000000000158e-05 2.803369999999999894e-05 -5.666500000000000042e-05 -2.589659999999999868e-05 -6.077200000000000023e-05 1.028480999999999954e-04 2.339570000000000031e-05 1.258609999999999966e-05 1.527000000000000118e-05 5.014440000000000054e-05 -3.236129999999999796e-05 6.082689999999999863e-05 7.087299999999999889e-06 -4.131679999999999717e-05 3.146400000000000233e-05 4.688730000000000084e-05 2.598459999999999851e-05 2.788480000000000109e-05 -7.359599999999999806e-06 -4.608380000000000083e-05 -1.828489999999999836e-05 1.333769999999999937e-05 8.035560000000000023e-05 2.002740000000000073e-05 -3.074209999999999828e-05 -8.733999999999999725e-07 -4.618999999999999737e-07 1.715999999999999833e-05 -1.080069999999999978e-05 9.021930000000000542e-05 -2.269780000000000145e-05 5.719660000000000054e-05 1.172210000000000081e-05 2.568199999999999823e-06 1.081699999999999994e-05 4.050199999999999779e-06 -1.486679999999999969e-05 -3.280560000000000317e-05 -4.987089999999999714e-05 -4.649299999999999684e-06 2.539870000000000129e-05 3.223360000000000255e-05 -8.057099999999999481e-06 1.301450000000000050e-05 -2.202399999999999869e-06 -1.451090000000000027e-05 -3.002279999999999993e-05 -8.852249999999999822e-05 2.569650000000000037e-05
-1.236640000000000073e-05 -1.509660000000000044e-05 1.930382999999999980e-04 1.302405000000000077e-04 -2.934839999999999839e-05 2.432189999999999832e-05 -7.820687000000000428e-04 -4.571673999999999963e-04 1.200394899999999900e-03 0.000000000000000000e+00 3.449300000000000331e-05 -6.173500000000000270e-06 1.059636000000000031e-04 -1.043460000000000001e-05 4.066399999999999725e-06 -4.702279999999999980e-05 3.008170000000000033e-05 6.102930000000000198e-05 -2.618099999999999972e-06 -3.062910000000000123e-05 9.393460000000000015e-05 2.128080000000000130e-05 3.385959999999999681e-05 -7.349459999999999934e-05 1.847500000000000099e-06 2.912900000000000097e-06 3.025810000000000088e-05 -4.747190000000000199e-05 -1.990499999999999831e-06 -1.031149999999999944e-05 -1.327020000000000044e-05 -3.615790000000000155e-05 -2.257189999999999983e-05 -2.751510000000000021e-05 1.456379999999999937e-05 3.948829999999999935e-05 3.122089999999999783e-05 4.838819999999999862e-05 -2.920410000000000047e-05 -5.179979999999999828e-05 -7.433080000000000329e-05 5.525300000000000275e-06 -2.327000000000000124e-07 7.718939999999999656e-05 -4.595900000000000331e-06 2.819560000000000157e-05 5.763109999999999782e-05 -6.153099999999999584e-06 2.807209999999999843e-05 5.530749999999999859e-05 -4.332909999999999822e-05 -1.824240000000000003e-05 -4.428449999999999927e-05 9.170750000000000245e-05 -3.321059999999999675e-05 2.011319999999999913e-05 8.474999999999999325e-06 -1.246970000000000023e-05 2.756980000000000156e-05 6.532330000000000525e-05 -2.708710000000000024e-05 1.067410000000000001e-05 7.087770000000000073e-05 4.444169999999999837e-05 8.750729999999999479e-05 1.944780000000000038e-05 -6.191700000000000366e-06 5.041400000000000216e-05 2.623379999999999945e-05 2.733559999999999964e-05 1.746260000000000116e-05 -2.605540000000000129e-05 3.272420000000000087e-05 3.588159999999999879e-05 -1.782049999999999989e-05 5.415680000000000298e-05 -2.956600000000000204e-06 -7.284199999999999647e-06 1.712649999999999942e-05 -2.761710000000000025e-05 3.614510000000000059e-05 -3.775280000000000215e-05 9.599700000000000602e-06 1.130799999999999948e-04 5.013779999999999962e-05 -1.379780000000000027e-05 -2.126040000000000061e-05 7.774749999999999381e-05 -1.219279999999999954e-05 3.574060000000000133e-05 -1.711470000000000065e-05 1.932479999999999834e-05 2.871379999999999942e-05 5.072459999999999881e-05 1.568509999999999997e-05 -6.393300000000000266e-06 -2.612800000000000209e-06 3.456809999999999858e-05 -1.008237000000000017e-04 1.357000000000000052e-05
3.928929999999999668e-05 -2.334099999999999811e-06 1.629649999999999889e-05 -4.698119999999999667e-05 2.289551999999999928e-04 9.277525999999999915e-04 -1.028393999999999966e-04 -1.934800000000000093e-06 -1.357530000000000028e-05 -3.449300000000000331e-05 0.000000000000000000e+00 1.093189700000000075e-03 -3.649579999999999708e-05 -1.344170000000000041e-05 1.264709999999999958e-05 1.346785999999999882e-04 1.086344999999999981e-04 6.071763999999999894e-04 2.258500000000000145e-05 1.939999999999999835e-08 -1.690289000000000038e-04 3.480000000000000060e-08 -4.126529999999999944e-05 1.451149999999999989e-05 -1.186747000000000041e-04 9.011899999999999216e-06 -5.626630000000000032e-05 -1.427180000000000115e-04 1.032299999999999925e-05 -4.477450000000000304e-05 8.408880000000000033e-05 -5.037110000000000296e-05 7.263129999999999695e-05 -1.023158000000000005e-04 7.283899999999999837e-05 5.512799999999999802e-05 -6.481720000000000005e-05 6.756110000000000609e-05 -2.189080000000000054e-05 -4.395400000000000302e-06 7.102050000000000214e-05 6.546570000000000579e-05 6.236580000000000519e-05 6.291079999999999405e-05 -6.550989999999999429e-05 -1.393189999999999954e-05 8.797189999999999708e-05 -6.098399999999999752e-05 -1.057962999999999954e-04 -5.016390000000000264e-05 -1.319710999999999942e-04 5.227770000000000263e-05 9.798850000000000550e-05 7.606479999999999719e-05 9.146280000000000122e-05 -2.113459999999999921e-05 4.599549999999999695e-05 2.684569999999999947e-05 2.878390000000000066e-05 7.817699999999999367e-05 -2.054970000000000079e-05 -3.910179999999999890e-05 5.501309999999999680e-05 1.346640000000000036e-05 1.751449999999999977e-05 -1.732043999999999912e-04 7.833600000000000689e-06 -5.015329999999999973e-05 3.147109999999999757e-05 -4.742490000000000057e-05 -1.042669999999999963e-05 1.037177000000000048e-04 -2.453810000000000144e-05 -1.132679999999999970e-05 2.835720000000000016e-05 8.130690000000000584e-05 -6.001900000000000083e-06 -9.330399999999999640e-06 -5.515239999999999731e-05 3.594500000000000229e-05 -7.501399999999999872e-06 2.328640000000000121e-05 6.497220000000000111e-05 5.548989999999999874e-05 9.624869999999999888e-05 5.017149999999999898e-05 9.002940000000000237e-05 5.056700000000000222e-06 -4.043450000000000055e-05 -1.598719999999999831e-05 6.349609999999999673e-05 2.227299999999999834e-05 -4.055119999999999894e-05 -4.469360000000000184e-05 5.918799999999999981e-06 2.043749999999999872e-05 -6.679339999999999648e-05 -1.452139999999999958e-05 -9.819999999999999153e-06 8.887810000000000545e-05
-2.635500000000000008e-06 -6.335469999999999839e-05 3.414560000000000051e-05 2.558100000000000123e-06 1.333201999999999911e-04 4.332992999999999936e-04 -2.381770000000000068e-05 -2.097299999999999808e-06 -6.142130000000000094e-05 6.173500000000000270e-06 -1.093189700000000075e-03 0.000000000000000000e+00 6.182270000000000018e-05 -7.884400000000000270e-06 1.268854000000000032e-04 -7.606181000000000487e-04 -8.027429999999999679e-04 -4.758661000000000076e-04 -1.049167999999999981e-04 -3.867340000000000144e-05 -2.158020999999999984e-04 9.564200000000000688e-06 9.044200000000000584e-06 -7.069199999999999334e-05 5.998440000000000120e-05 -1.039602999999999946e-04 3.132125000000000035e-04 -1.598560000000000158e-05 -1.177727999999999983e-04 2.378009999999999955e-05 -9.327679999999999435e-05 1.246611999999999915e-04 1.027597999999999983e-04 1.119057999999999951e-04 1.723658000000000091e-04 1.709699999999999911e-05 -1.145011999999999940e-04 1.736119999999999905e-05 -3.123830000000000210e-05 1.843260000000000035e-05 -1.173000000000000035e-06 1.913160000000000162e-05 -1.453299999999999960e-05 3.743130000000000193e-05 -8.653800000000000053e-06 1.318560999999999995e-04 -3.871410000000000259e-05 -6.392699999999999967e-05 3.829020000000000145e-05 -5.959280000000000311e-05 8.899459999999999663e-05 6.625380000000000592e-05 4.566750000000000280e-05 -8.085280000000000624e-05 -9.372549999999999566e-05 1.401740999999999968e-04 2.628789999999999949e-05 -3.301899999999999676e-05 -9.988340000000000662e-05 -4.791020000000000082e-05 2.486309999999999917e-05 -6.904459999999999959e-05 -2.476330000000000057e-05 -6.482910000000000582e-05 -1.010630000000000012e-05 -9.600500000000000662e-06 -2.414050000000000036e-05 -2.380600000000000128e-06 4.434710000000000100e-05 3.846010000000000130e-05 -9.935339999999999645e-05 -3.438299999999999928e-05 1.992779999999999918e-05 -8.902120000000000074e-05 4.797039999999999730e-05 -3.122700000000000189e-06 -1.817829999999999839e-05 4.754600000000000184e-06 -3.824060000000000111e-05 -7.710040000000000469e-05 1.360969999999999948e-05 -3.237669999999999784e-05 3.623029999999999767e-05 -2.401479999999999918e-05 7.208700000000000116e-06 -1.582160000000000112e-05 -1.043804999999999944e-04 -1.193600000000000100e-06 -9.708249999999999757e-05 -3.434140000000000293e-05 7.340739999999999787e-05 3.699800000000000050e-05 2.432699999999999934e-05 -5.618280000000000019e-05 9.213799999999999773e-06 -5.149780000000000015e-05 6.153609999999999516e-05 2.560899999999999909e-06 -5.536599999999999642e-06 -1.984980000000000094e-05
7.999000000000000833e-06 1.987559000000000125e-04 -3.250220000000000198e-05 -5.774519999999999729e-05 6.731899999999999701e-05 -2.010509999999999831e-05 9.384399999999999461e-06 -4.844820000000000008e-04 -6.757917000000000438e-04 -1.059636000000000031e-04 3.649579999999999708e-05 -6.182270000000000018e-05 0.000000000000000000e+00 9.027182000000000131e-04 -2.590860200000000019e-03 -9.570539999999999343e-05 2.408619999999999988e-05 -6.546539999999999835e-05 -3.975850999999999756e-04 -1.736417000000000082e-04 -9.114519999999999599e-05 -4.326487999999999970e-04 1.407718000000000131e-04 2.472549999999999900e-05 2.349099999999999921e-05 -3.747859999999999722e-05 1.507950000000000021e-05 -3.104399999999999873e-06 -4.384289999999999997e-05 2.252610000000000105e-05 8.196399999999999994e-06 1.653029999999999994e-05 1.498600000000000018e-05 1.583959999999999993e-05 6.185030000000000649e-05 9.085700000000000102e-05 -2.181870000000000169e-05 -3.589470000000000041e-05 5.015219999999999731e-05 -8.117220000000000186e-05 -1.186679999999999961e-05 -4.720099999999999921e-06 1.768129999999999959e-05 -3.596670000000000243e-05 -9.912920000000000629e-05 4.913099999999999598e-06 -4.400999999999999876e-06 3.745369999999999684e-05 6.950139999999999834e-05 -4.971400000000000378e-06 -1.169445999999999984e-04 -1.450410000000000060e-05 -4.706999999999999996e-06 8.444199999999999552e-06 4.531730000000000063e-05 3.306289999999999815e-05 -3.266739999999999829e-05 8.047199999999999796e-06 -2.053150000000000154e-05 -2.627910000000000052e-05 -4.666000000000000092e-07 2.451490000000000139e-05 -4.762729999999999714e-05 4.953380000000000337e-05 -5.637700000000000250e-06 1.261319999999999979e-05 8.477729999999999890e-05 -6.053470000000000167e-05 2.637199999999999924e-06 1.417490000000000044e-05 -8.063499999999999962e-06 3.633080000000000120e-05 1.651449999999999918e-05 1.330350000000000061e-05 2.897199999999999976e-05 -1.751320000000000031e-05 -5.003999999999999862e-06 6.799000000000000464e-07 -2.239750000000000028e-05 -3.175600000000000140e-06 -5.742910000000000213e-05 2.165239999999999957e-05 -1.510919999999999927e-05 4.943030000000000004e-05 -3.240199999999999911e-05 3.495800000000000055e-06 1.721840000000000103e-05 4.228189999999999916e-05 1.614519999999999917e-05 3.806059999999999945e-05 4.476710000000000037e-05 -1.329849999999999981e-05 -1.042759999999999991e-05 -5.742049999999999683e-05 2.151169999999999938e-05 2.691610000000000137e-05 1.708800000000000055e-06 -9.879340000000000181e-05 7.531409999999999776e-05 1.784309999999999862e-05
1.544420000000000029e-05 -1.365144999999999954e-04 2.033518000000000001e-04 1.120670000000000063e-05 5.159909999999999866e-05 -3.545859999999999962e-05 1.044585000000000028e-04 -2.083734000000000064e-04 -1.455520000000000084e-05 1.043460000000000001e-05 1.344170000000000041e-05 7.884400000000000270e-06 -9.027182000000000131e-04 0.000000000000000000e+00 2.337693699999999868e-03 1.476545000000000006e-04 -5.039099999999999747e-06 3.797089999999999927e-05 -1.534268999999999997e-04 6.565249999999999526e-05 -2.636069999999999988e-05 -6.310490000000000630e-05 4.401687000000000264e-04 1.054700000000000083e-05 4.780159999999999986e-05 2.133700000000000002e-06 -2.220399999999999951e-06 -1.054409999999999956e-05 -4.462769999999999964e-05 -1.120121000000000045e-04 -1.540959999999999897e-05 5.510099999999999981e-05 -5.683850000000000138e-05 -1.003898000000000057e-04 1.495179999999999972e-05 -6.671100000000000384e-06 -3.030699999999999968e-05 1.561930000000000002e-04 6.843580000000000637e-05 3.428129999999999990e-05 -9.910519999999999432e-05 -1.630640000000000027e-05 -5.558460000000000310e-05 -3.924419999999999943e-05 4.018830000000000281e-05 2.479039999999999900e-05 -6.270500000000000357e-05 1.168480999999999968e-04 6.690400000000000352e-06 2.781230000000000136e-05 5.773830000000000249e-05 2.408830000000000110e-05 -3.665560000000000189e-05 -6.333420000000000087e-05 -3.501140000000000160e-05 7.587199999999999965e-06 2.322570000000000025e-05 -1.099500000000000061e-05 6.647670000000000000e-05 2.805480000000000116e-05 -1.709849999999999901e-05 3.433220000000000309e-05 -4.141909999999999787e-05 -1.051017000000000037e-04 -2.903260000000000050e-05 1.203991000000000040e-04 -6.000489999999999871e-05 9.332499999999999162e-06 -7.943879999999999572e-05 -1.756989999999999927e-05 -7.435270000000000388e-05 -2.494949999999999889e-05 1.291842000000000023e-04 -1.336070000000000068e-05 -9.064109999999999518e-05 8.046299999999999517e-06 -1.047500000000000051e-05 5.198400000000000068e-06 1.901129999999999872e-05 2.400200000000000161e-05 4.042979999999999702e-05 3.455440000000000242e-05 -7.428930000000000039e-05 -7.389180000000000292e-05 -2.551069999999999954e-05 -2.330130000000000000e-05 1.831139999999999886e-05 3.745799999999999949e-05 2.021610000000000114e-05 4.247740000000000093e-05 5.266100000000000284e-06 5.054800000000000291e-06 -2.089700000000000084e-06 -2.895830000000000021e-05 -4.558640000000000115e-05 -2.595600000000000187e-06 -2.127320000000000158e-05 -3.716270000000000250e-05 8.705290000000000131e-05 -2.024700000000000113e-05
4.764499999999999869e-06 4.806000000000000022e-07 -7.007709999999999352e-05 -1.349853000000000034e-04 2.057489999999999845e-05 3.569949999999999930e-05 -1.546087000000000026e-04 -1.852431000000000086e-04 8.513569999999999873e-05 -4.066399999999999725e-06 -1.264709999999999958e-05 -1.268854000000000032e-04 2.590860200000000019e-03 -2.337693699999999868e-03 0.000000000000000000e+00 -4.301649999999999718e-05 -5.194590000000000015e-05 -1.017102000000000007e-04 7.980545999999999604e-04 -4.073436999999999739e-04 6.505880000000000126e-05 -2.864893000000000084e-04 -7.878220000000000611e-05 4.811249999999999717e-05 1.302352999999999963e-04 7.514200000000000664e-05 1.986090000000000156e-05 3.329789999999999844e-05 5.865399999999999781e-05 1.103043000000000003e-04 -2.460689999999999983e-05 -7.333299999999999736e-06 1.557519999999999955e-05 7.481340000000000440e-05 8.467999999999999858e-07 -5.642130000000000138e-05 2.287119999999999881e-05 -5.446190000000000113e-05 -8.756499999999999934e-06 4.086309999999999845e-05 -5.233719999999999757e-05 -5.004300000000000181e-05 -6.882730000000000423e-05 -4.538429999999999846e-05 -4.951579999999999778e-05 -5.974479999999999759e-05 3.823929999999999826e-05 -2.531389999999999831e-05 -6.544789999999999386e-05 -6.372839999999999787e-05 4.937019999999999701e-05 -1.164803000000000035e-04 -3.735789999999999684e-05 -8.184310000000000250e-05 -1.182179999999999988e-04 -4.633760000000000168e-05 7.586489999999999933e-05 -4.896559999999999753e-05 -1.978830000000000161e-05 -5.759280000000000193e-05 -1.122275000000000025e-04 -1.700609999999999969e-05 -4.009389999999999910e-05 2.335839999999999984e-05 5.787010000000000011e-05 -3.270900000000000142e-05 -3.998760000000000319e-05 2.970300000000000174e-06 7.189759999999999413e-05 1.817290000000000011e-05 3.049999999999999936e-05 -1.742449999999999894e-05 -3.553229999999999860e-05 -6.145600000000000079e-06 3.317870000000000134e-05 -2.383050000000000164e-05 1.426569999999999963e-05 2.788419999999999977e-05 -9.215359999999999806e-05 -3.581530000000000249e-05 2.770299999999999971e-06 2.080369999999999870e-05 2.753769999999999894e-05 4.311869999999999765e-05 -4.070899999999999936e-05 8.019500000000000044e-06 -3.060239999999999689e-05 7.959180000000000595e-05 1.894310000000000164e-05 -7.179180000000000609e-05 2.044020000000000125e-05 -4.679679999999999891e-05 4.650480000000000239e-05 -2.567739999999999915e-05 5.199089999999999717e-05 5.806059999999999769e-05 -2.655059999999999953e-05 2.291060000000000050e-05 6.581440000000000467e-05 -5.729789999999999905e-05
