0.000000000000000000e+00 -6.243019999999999733e-04 2.894099999999999955e-06 -4.770299999999999881e-06 1.750639999999999895e-05 -1.123633000000000021e-04 -3.357549999999999727e-05 5.074869999999999745e-05 -8.173400000000000045e-05 5.431529999999999816e-05 -5.624669999999999800e-05 -1.298019999999999983e-05 -5.290039999999999922e-05 1.828000000000000116e-05 5.056270000000000295e-05 2.916899999999999974e-06 4.302589999999999746e-05 -1.241430000000000072e-04 7.116609999999999614e-05 1.313265000000000038e-04 5.373769999999999881e-05 -5.422259999999999819e-05 5.246789999999999955e-05 3.343009999999999694e-05 -4.072000000000000146e-06 -5.407100000000000289e-06 -6.001310000000000314e-05 -3.465530000000000005e-05 3.861730000000000040e-05 2.506369999999999857e-05 -4.231000000000000233e-07 -7.844290000000000073e-05 -1.285050000000000004e-05 7.196570000000000115e-05 4.482610000000000099e-05 3.922900000000000168e-06 -3.740650000000000176e-05 -1.892639999999999890e-05 -2.825680000000000024e-05 5.497609999999999699e-05 -1.480269999999999974e-05 -1.151730000000000067e-05 -1.516680000000000021e-05 7.459000000000000286e-07 5.710049999999999989e-05 -7.928060000000000120e-05 3.138940000000000138e-05 -1.109369999999999985e-04 -6.601430000000000253e-05 -1.583599999999999881e-05 -9.086899999999999345e-06 -3.832799999999999963e-06 1.042100000000000068e-05 -4.406990000000000305e-05 -1.206784999999999932e-04 3.078000000000000007e-06 7.711260000000000434e-05 6.996700000000000282e-06 -4.241580000000000139e-05 5.898469999999999787e-05 -5.627300000000000315e-06 -4.536849999999999770e-05 7.494600000000000208e-06 -3.948500000000000397e-06 -1.940290000000000019e-05 -5.895840000000000119e-05 2.521740000000000017e-05 -2.158579999999999923e-05 1.314369999999999920e-05 7.998900000000000614e-06 6.000500000000000401e-06 -1.181540000000000041e-05 -4.877000000000000062e-06 -2.416260000000000139e-05 -4.025369999999999713e-05 4.448880000000000000e-05 -8.220899999999999505e-06 1.078240000000000031e-05 -1.862649999999999861e-05 -1.725060000000000048e-05 -2.243399999999999900e-05 2.768299999999999906e-05 3.214699999999999901e-06 5.155239999999999790e-05 1.427949999999999940e-05 -1.637800000000000015e-06 -6.460299999999999794e-06 -2.189189999999999957e-05 2.406840000000000151e-05 8.661519999999999701e-05 -2.849919999999999981e-05 -3.648510000000000072e-05 9.215620000000000376e-05 1.036220000000000050e-05 2.185420000000000160e-05 -2.771630000000000092e-05 -3.131600000000000307e-05 -6.380100000000000121e-06 -3.664600000000000032e-06 -5.085359999999999707e-05
6.243019999999999733e-04 0.000000000000000000e+00 -2.646369999999999872e-05 6.285340000000000371e-04 5.889600000000000328e-06 -1.310840000000000074e-04 -9.985499999999999517e-06 1.016600000000000058e-05 -9.615319999999999954e-05 1.314820000000000059e-05 2.061439000000000034e-04 -3.546649000000000134e-04 1.118813999999999958e-04 6.934199999999999610e-06 5.391250000000000263e-05 -1.335660000000000016e-05 3.027520000000000111e-05 -1.224970000000000064e-05 4.206340000000000117e-05 1.763710000000000093e-05 4.167040000000000002e-05 -1.573990000000000155e-05 -1.131969999999999938e-05 -9.664169999999999326e-05 2.201170000000000137e-05 2.710600000000000102e-05 -3.366350000000000050e-05 5.822570000000000057e-05 -1.814599999999999872e-05 1.051810000000000014e-05 -1.337699999999999915e-06 1.816100000000000069e-06 -3.135540000000000137e-05 -1.389169999999999949e-05 -3.604899999999999993e-06 3.634400000000000304e-05 6.615800000000000253e-06 -1.545909999999999908e-05 -1.296099999999999966e-06 3.276450000000000114e-05 -4.606560000000000158e-05 1.425510000000000011e-05 -3.751230000000000336e-05 1.029300000000000038e-06 1.683589999999999918e-05 -4.015879999999999911e-05 3.843379999999999784e-05 2.235110000000000018e-05 5.551999999999999952e-07 2.304109999999999866e-05 5.308789999999999701e-05 3.764279999999999813e-05 8.038900000000000231e-06 2.917899999999999964e-05 2.045759999999999875e-05 -4.677920000000000098e-05 -9.312200000000000390e-06 -6.256600000000000372e-06 -3.030420000000000032e-05 6.043799999999999631e-06 3.243460000000000283e-05 -4.990819999999999762e-05 -3.574730000000000247e-05 -5.728459999999999699e-05 2.247879999999999898e-05 2.287009999999999979e-05 1.539790000000000042e-05 -2.969659999999999957e-05 2.654199999999999931e-06 3.425599999999999864e-05 1.067180000000000004e-05 -3.913849999999999805e-05 -9.944499999999999401e-06 -2.152979999999999841e-05 1.884400000000000118e-05 3.610729999999999902e-05 -6.736099999999999762e-06 1.954240000000000114e-05 -2.169209999999999853e-05 -3.796650000000000318e-05 4.466500000000000011e-05 4.504280000000000181e-05 -4.382399999999999749e-06 -9.299800000000000305e-06 -6.888420000000000025e-05 -3.510199999999999867e-06 1.325550000000000040e-05 3.741100000000000062e-06 -3.687870000000000319e-05 1.901889999999999844e-05 2.763789999999999842e-05 -3.173369999999999739e-05 1.780169999999999932e-05 3.147290000000000151e-05 2.776199999999999949e-05 -1.499210000000000000e-05 4.638579999999999895e-05 3.320769999999999717e-05 -5.940650000000000119e-05 -4.155269999999999943e-05
-2.894099999999999955e-06 2.646369999999999872e-05 0.000000000000000000e+00 2.118429999999999977e-05 -2.809064100000000039e-03 -2.879249999999999919e-05 -1.112945999999999966e-04 -1.787152000000000131e-04 3.972819999999999683e-05 -5.944519999999999796e-05 1.135599999999999978e-06 -2.123260000000000064e-05 -9.142399999999999746e-05 1.191334000000000002e-04 -6.592409999999999449e-05 -2.056410000000000052e-04 3.789500000000000225e-05 5.826459999999999777e-05 1.685729999999999867e-05 6.391959999999999699e-05 3.891909999999999809e-05 -5.232110000000000292e-05 2.730459999999999943e-05 6.142900000000000088e-06 1.057119999999999969e-05 4.060170000000000126e-05 -8.240630000000000416e-05 -1.827240000000000144e-05 3.093590000000000310e-05 4.489780000000000236e-05 2.455500000000000038e-06 -3.275629999999999671e-05 7.047699999999999625e-05 5.949509999999999895e-05 -6.109220000000000438e-05 -3.263989999999999898e-05 -2.143709999999999843e-05 1.231670000000000017e-05 -4.239780000000000257e-05 -8.756299999999999495e-06 -3.963699999999999845e-06 -1.286830000000000011e-05 -4.096040000000000173e-05 1.274900000000000067e-06 6.848759999999999798e-05 -4.714120000000000192e-05 -1.369099999999999987e-05 5.776000000000000264e-06 3.181079999999999704e-05 -3.704399999999999973e-05 -8.051370000000000130e-05 3.216929999999999708e-05 -9.855999999999999317e-07 5.698209999999999777e-05 -3.518600000000000074e-06 4.111269999999999687e-05 1.434069999999999976e-05 3.149289999999999794e-05 3.605670000000000327e-05 5.637499999999999811e-06 -3.390919999999999715e-05 -7.523600000000000269e-06 6.739870000000000236e-05 -1.506519999999999935e-05 -4.344450000000000053e-05 2.837940000000000140e-05 -6.863000000000000190e-06 5.055679999999999679e-05 -2.736589999999999832e-05 1.041400000000000058e-05 -2.699310000000000080e-05 -5.264339999999999813e-05 -5.990750000000000198e-05 -1.447220000000000011e-05 1.136389999999999974e-05 -3.097520000000000118e-05 -2.222549999999999922e-05 -8.055319999999999982e-05 -2.469850000000000078e-05 8.059700000000000100e-06 -1.857360000000000120e-05 -2.505360000000000014e-05 1.945349999999999933e-05 -4.616299999999999831e-05 -1.510719999999999996e-05 -2.384959999999999947e-05 6.727059999999999930e-05 9.381299999999999440e-06 1.284809999999999986e-05 5.236499999999999754e-06 -1.924759999999999847e-05 -1.369249999999999977e-05 -1.580549999999999970e-05 1.265220000000000060e-05 -1.862310000000000132e-05 2.781629999999999997e-05 3.131999999999999829e-05 -6.795349999999999915e-05 -2.472269999999999963e-05 -9.892199999999999919e-06
4.770299999999999881e-06 -6.285340000000000371e-04 -2.118429999999999977e-05 0.000000000000000000e+00 2.035643999999999919e-04 -1.186340000000000063e-05 3.972819999999999683e-05 7.516389999999999367e-05 2.875716000000000166e-04 -1.486927999999999937e-04 2.759748999999999926e-04 7.800450000000000168e-05 1.320709999999999930e-05 -8.050640000000000563e-05 -6.357479999999999989e-05 -1.458019999999999976e-05 2.132520000000000040e-05 5.233099999999999922e-06 -5.234850000000000202e-05 8.526960000000000095e-05 3.027210000000000109e-05 2.221739999999999840e-05 -5.151470000000000333e-05 -1.039459000000000037e-04 2.469100000000000128e-05 -6.137699999999999698e-06 9.642850000000000011e-05 -1.752679999999999963e-05 -3.226110000000000186e-05 8.250299999999999596e-06 5.869439999999999830e-05 -1.156500000000000023e-05 -4.703950000000000253e-05 6.010629999999999744e-05 1.276580000000000066e-05 1.697209999999999968e-05 5.562619999999999945e-05 -3.160900000000000094e-06 3.204180000000000212e-05 3.796540000000000076e-05 2.197100000000000021e-05 -6.278759999999999496e-05 5.579099999999999659e-06 8.525600000000000162e-06 4.790800000000000277e-05 -4.246700000000000354e-06 5.627899999999999937e-06 1.016319999999999953e-05 -9.525570000000000348e-05 -3.137650000000000020e-05 9.076000000000000517e-05 -1.187139999999999954e-05 -1.919270000000000007e-05 1.329860000000000003e-05 6.540509999999999488e-05 4.944509999999999861e-05 2.271020000000000154e-05 -2.231489999999999873e-05 1.314759999999999928e-05 -1.069013999999999994e-04 6.379880000000000316e-05 2.999489999999999974e-05 6.517439999999999724e-05 -2.636689999999999992e-05 3.383690000000000124e-05 -6.288940000000000133e-05 -9.227400000000000795e-06 1.104919999999999918e-05 -2.726409999999999871e-05 6.786299999999999722e-06 -1.065159999999999980e-05 -2.213520000000000112e-05 -2.466519999999999891e-05 5.937499999999999988e-05 1.337629999999999931e-05 4.094220000000000248e-05 -1.881799999999999923e-06 -1.836239999999999888e-05 -1.376930000000000046e-05 1.077739999999999951e-05 7.256999999999999933e-07 1.910160000000000021e-05 -2.527300000000000011e-05 -1.017779999999999935e-05 -3.880859999999999974e-05 -3.122789999999999963e-05 -1.047399999999999916e-06 -7.502840000000000149e-05 1.061349999999999926e-05 -4.952199999999999782e-05 1.863500000000000031e-05 5.289860000000000205e-05 -2.532079999999999989e-05 6.596599999999999658e-06 3.180549999999999897e-05 -3.451700000000000173e-05 6.028569999999999779e-05 -1.078759999999999985e-05 -8.249040000000000560e-05 -5.546200000000000363e-06
-1.750639999999999895e-05 -5.889600000000000328e-06 2.809064100000000039e-03 -2.035643999999999919e-04 0.000000000000000000e+00 -7.028199999999999896e-06 3.914449999999999766e-05 3.086570999999999759e-04 1.794509999999999866e-05 2.756780000000000057e-05 -6.676759999999999412e-05 -6.001719999999999858e-05 3.657409999999999936e-05 1.129156999999999936e-04 1.180729999999999959e-05 7.988020000000000136e-05 -2.187720000000000121e-05 -2.380899999999999854e-05 -3.065529999999999769e-05 -3.800400000000000070e-06 1.267240000000000085e-05 -3.386919999999999753e-05 7.650609999999999583e-05 -5.434800000000000041e-06 2.100199999999999984e-05 -5.080000000000000151e-05 -2.804459999999999912e-05 -8.754500000000000630e-06 8.966400000000000075e-05 -3.319509999999999665e-05 -9.251100000000000246e-06 5.443019999999999938e-05 -2.877600000000000198e-06 9.089460000000000215e-05 -4.523399999999999754e-06 -1.930900000000000012e-06 -1.072039999999999988e-05 1.450630000000000035e-05 4.116060000000000026e-05 -2.478289999999999950e-05 8.644199999999999332e-06 4.179699999999999979e-06 -4.754320000000000247e-05 4.101220000000000012e-05 -8.259690000000000196e-05 -7.069799999999999633e-06 1.401079999999999975e-05 -6.633679999999999818e-05 -3.074670000000000159e-05 -5.283700000000000251e-05 1.237439999999999963e-05 -5.540810000000000234e-05 -3.266330000000000286e-05 -3.326499999999999830e-06 -1.573119999999999941e-05 -1.678039999999999946e-05 4.187230000000000227e-05 -1.706360000000000041e-05 2.705170000000000054e-05 -7.191000000000000269e-07 -5.633279999999999706e-05 -5.279159999999999783e-05 3.767049999999999788e-05 -8.552700000000000292e-06 3.246099999999999973e-05 3.015239999999999950e-05 9.253999999999999829e-06 -2.587470000000000148e-05 7.199449999999999654e-05 -5.101000000000000120e-05 -3.768770000000000171e-05 -4.346620000000000068e-05 1.974839999999999883e-05 6.595400000000000415e-06 -2.652940000000000048e-05 -4.752219999999999708e-05 1.458029999999999998e-05 6.037350000000000057e-05 5.216600000000000165e-06 2.929900000000000103e-06 1.783480000000000075e-05 2.947999999999999981e-06 -6.212240000000000004e-05 3.866060000000000048e-05 2.084000000000000132e-07 3.689700000000000012e-06 -1.050635000000000013e-04 5.014999999999999842e-07 3.797700000000000079e-06 2.674720000000000033e-05 6.663600000000000033e-06 -1.252979999999999987e-05 -2.190999999999999965e-07 -2.074750000000000083e-05 7.448999999999999535e-07 4.608790000000000304e-05 -2.364200000000000166e-05 1.109760000000000027e-04 -1.059819999999999960e-05 7.812899999999999346e-06
1.123633000000000021e-04 1.310840000000000074e-04 2.879249999999999919e-05 1.186340000000000063e-05 7.028199999999999896e-06 0.000000000000000000e+00 5.135880000000000030e-05 -5.185700000000000173e-05 5.907787000000000498e-04 -1.450452999999999985e-04 2.164819999999999917e-04 4.056433000000000131e-04 3.997194999999999936e-04 1.511120000000000026e-05 1.822213999999999898e-04 -4.713039999999999856e-05 -1.265900000000000026e-05 -6.333179999999999561e-05 -1.757774000000000088e-04 2.525099000000000267e-04 3.414870000000000053e-05 3.699019999999999695e-05 -1.995549999999999893e-05 2.052826000000000054e-04 -5.359999999999999689e-08 4.188760000000000194e-05 -1.046021000000000060e-04 8.202750000000000026e-05 8.992019999999999332e-05 -1.492899999999999928e-06 -5.146839999999999667e-05 6.541760000000000196e-05 -2.772520000000000011e-05 8.536999999999999748e-06 -4.443380000000000138e-05 5.014649999999999837e-05 -2.037409999999999861e-05 8.737209999999999649e-05 1.213809999999999988e-05 2.226249999999999903e-05 -2.178829999999999941e-05 -1.385869999999999997e-05 -5.630289999999999926e-05 1.180259999999999945e-05 1.176590000000000029e-05 1.622199999999999901e-06 8.930500000000000301e-06 4.567310000000000152e-05 -1.818580000000000129e-05 2.035990000000000136e-05 2.557940000000000111e-05 -5.111270000000000277e-05 5.612470000000000154e-05 5.227050000000000039e-05 -5.257229999999999808e-05 2.683680000000000028e-05 2.477479999999999868e-05 6.379260000000000312e-05 -8.791199999999999788e-06 4.203419999999999813e-05 1.860209999999999932e-05 1.126540000000000059e-05 3.757499999999999854e-05 -4.836170000000000150e-05 8.886370000000000098e-05 5.966800000000000199e-06 -3.674349999999999811e-05 1.387999999999999924e-05 3.521860000000000192e-05 -2.499960000000000032e-05 -2.264269999999999922e-05 -6.906520000000000411e-05 9.877399999999999654e-06 -9.205999999999999611e-06 4.682040000000000323e-05 3.438299999999999928e-05 -3.272669999999999957e-05 -3.420190000000000198e-05 1.131749999999999964e-05 -6.943800000000000331e-06 -8.138299999999999652e-06 -4.463639999999999839e-05 -3.352490000000000152e-05 4.214839999999999781e-05 -8.151140000000000024e-05 3.961880000000000089e-05 -4.977660000000000044e-05 -1.626500000000000097e-05 2.586370000000000108e-05 -9.240500000000000721e-06 -8.268400000000000321e-06 -1.281899999999999958e-06 -4.454560000000000258e-05 4.270990000000000252e-05 6.643109999999999488e-05 3.814540000000000243e-05 2.007149999999999917e-05 1.177719999999999966e-05 -7.784060000000000144e-05 3.690979999999999684e-05
3.357549999999999727e-05 9.985499999999999517e-06 1.112945999999999966e-04 -3.972819999999999683e-05 -3.914449999999999766e-05 -5.135880000000000030e-05 0.000000000000000000e+00 2.043000899999999984e-03 3.945079999999999843e-05 4.237010000000000282e-05 -2.037869999999999854e-05 -4.268460000000000125e-05 -3.814470000000000089e-05 1.125747999999999983e-04 -2.116020000000000113e-05 -1.013239999999999975e-05 -7.413240000000000194e-05 -5.377709999999999712e-05 2.873160000000000118e-05 -7.916300000000000761e-06 -2.997889999999999854e-05 6.362120000000000676e-05 1.744019999999999948e-05 -5.308839999999999810e-05 9.472800000000000174e-06 2.217312000000000091e-04 -9.186900000000000082e-06 -4.740219999999999823e-05 7.505199999999999734e-06 2.572880000000000005e-05 6.084930000000000032e-05 -2.848400000000000121e-06 -5.890260000000000081e-05 -7.026329999999999523e-05 8.924009999999999961e-05 2.677850000000000120e-05 5.801010000000000216e-05 8.924190000000000356e-05 6.174359999999999614e-05 -4.051880000000000244e-05 -3.733230000000000169e-05 2.915069999999999857e-05 -1.294919999999999962e-05 6.764639999999999662e-05 2.509009999999999886e-05 -5.771169999999999837e-05 -1.185349999999999925e-05 -3.580200000000000044e-05 -1.078968999999999935e-04 3.744950000000000118e-05 1.269719999999999932e-05 -2.877089999999999926e-05 -5.669499999999999844e-05 -6.636320000000000185e-05 6.128400000000000481e-05 -2.237719999999999981e-05 4.009679999999999869e-05 1.213599999999999909e-06 -2.282649999999999905e-05 2.601630000000000026e-05 -2.294920000000000044e-05 -4.656779999999999822e-05 -1.083159000000000042e-04 -3.197420000000000297e-05 2.886789999999999850e-05 -1.145540000000000047e-05 1.968949999999999843e-05 1.151810000000000073e-05 7.536309999999999678e-05 1.906129999999999993e-05 8.621339999999999689e-05 -3.198600000000000174e-06 3.119440000000000071e-05 1.823690000000000153e-05 5.975099999999999764e-06 2.856569999999999994e-05 -2.643619999999999941e-05 6.005500000000000353e-06 -4.617060000000000142e-05 2.580239999999999880e-05 -9.883999999999999303e-07 -8.464199999999999361e-05 3.404299999999999915e-05 3.520299999999999990e-06 3.220860000000000194e-05 1.794549999999999954e-05 -4.484699999999999600e-06 -1.799009999999999908e-05 1.935840000000000087e-05 -1.948199999999999829e-06 -1.546089999999999964e-05 4.147910000000000068e-05 3.435400000000000176e-06 -2.893909999999999877e-05 -4.186030000000000306e-05 -2.387900000000000041e-06 4.028509999999999822e-05 -2.050950000000000074e-05 -1.045480000000000026e-05 1.777979999999999874e-05
-5.074869999999999745e-05 -1.016600000000000058e-05 1.787152000000000131e-04 -7.516389999999999367e-05 -3.086570999999999759e-04 5.185700000000000173e-05 -2.043000899999999984e-03 0.000000000000000000e+00 -2.772179999999999943e-05 1.030669999999999942e-04 3.869329999999999764e-05 5.964369999999999953e-05 9.356839999999999678e-05 2.440409000000000100e-04 -2.223609999999999874e-05 -4.897795000000000360e-04 3.256709999999999792e-04 4.832750000000000105e-05 6.204559999999999427e-05 -1.312020000000000018e-05 -1.052290000000000050e-05 -4.944721999999999919e-04 2.096722999999999881e-04 -9.008600000000000451e-06 4.127590000000000236e-05 1.466948000000000037e-04 9.181830000000000146e-05 1.207340000000000031e-05 1.193708999999999992e-04 1.183190999999999968e-04 1.418529999999999952e-05 -5.429790000000000067e-05 6.991920000000000643e-05 -1.423533000000000047e-04 -1.057156999999999948e-04 -5.252929999999999866e-05 -1.828940000000000145e-05 -4.175999999999999997e-05 -3.339039999999999798e-05 -8.706059999999999786e-05 -9.577809999999999698e-05 -2.259599999999999931e-06 4.698269999999999996e-05 -3.989700000000000104e-06 1.252782000000000028e-04 -2.862340000000000110e-05 -3.517190000000000117e-05 2.024599999999999894e-05 -4.063540000000000061e-05 -3.848069999999999903e-05 8.722449999999999811e-05 1.013270000000000041e-05 3.161609999999999703e-05 1.957999999999999930e-07 2.524949999999999940e-05 5.880099999999999826e-06 5.466500000000000093e-06 -1.101330000000000008e-05 -3.463649999999999948e-05 3.290859999999999863e-05 1.211035000000000036e-04 2.478070000000000145e-05 -3.374579999999999800e-05 1.067546999999999962e-04 1.244631999999999911e-04 -1.477690000000000077e-05 -5.010679999999999941e-05 3.005019999999999903e-05 4.295219999999999849e-05 7.300039999999999990e-05 -6.198999999999999856e-07 7.454109999999999686e-05 3.949049999999999739e-05 1.038760000000000029e-05 1.130470000000000037e-05 -1.531989999999999879e-05 -2.668199999999999966e-05 2.510549999999999875e-05 5.587949999999999921e-05 1.235633000000000033e-04 1.158939999999999953e-05 5.233429999999999799e-05 -1.566730000000000160e-05 -2.824239999999999916e-05 1.355699999999999997e-06 1.178080000000000078e-05 -4.888869999999999831e-05 2.231620000000000158e-05 2.344439999999999868e-05 -5.996419999999999756e-05 -1.085839999999999924e-05 2.322920000000000114e-05 1.177399999999999942e-06 6.204699999999999734e-05 3.946999999999999649e-06 -3.649099999999999926e-06 8.015399999999999524e-06 -4.661210000000000049e-05 1.940889999999999979e-05 -2.202680000000000059e-05
8.173400000000000045e-05 9.615319999999999954e-05 -3.972819999999999683e-05 -2.875716000000000166e-04 -1.794509999999999866e-05 -5.907787000000000498e-04 -3.945079999999999843e-05 2.772179999999999943e-05 0.000000000000000000e+00 -2.821486199999999854e-03 2.043272999999999910e-04 1.313269000000000047e-04 -5.143930000000000334e-04 -4.076200000000000038e-06 2.886359999999999924e-05 7.089199999999999820e-06 5.072600000000000188e-05 4.327830000000000202e-05 2.868211000000000176e-04 -1.833745999999999976e-04 1.527254000000000133e-04 -5.683989999999999767e-05 2.325830000000000058e-05 -1.053985999999999975e-04 -2.590459999999999928e-05 1.823480000000000031e-05 -3.530659999999999837e-05 -5.746030000000000278e-05 -1.654920000000000073e-05 -3.179349999999999977e-05 3.927479999999999876e-05 -1.606993000000000082e-04 -6.231090000000000001e-05 -3.907639999999999741e-05 -4.626300000000000074e-05 -2.440470000000000031e-05 -5.118800000000000017e-06 -9.252299999999999490e-06 6.903909999999999431e-05 1.049370999999999952e-04 -4.619419999999999896e-05 -6.885400000000000179e-05 -2.100840000000000032e-05 9.599830000000000548e-05 -2.102280000000000140e-05 -9.781660000000000127e-05 -1.792219999999999927e-05 4.233669999999999735e-05 -7.294239999999999470e-05 4.157659999999999763e-05 1.827700000000000136e-05 5.873340000000000250e-05 -5.193180000000000311e-05 7.098069999999999618e-05 -1.070694000000000019e-04 -5.625359999999999958e-05 1.011564999999999996e-04 -3.677050000000000311e-05 -1.213214999999999937e-04 -2.661219999999999908e-05 -1.002269999999999977e-05 2.664329999999999951e-05 7.416989999999999607e-05 3.688700000000000106e-05 -4.980379999999999909e-05 3.971900000000000037e-06 2.321889999999999889e-05 -2.324829999999999898e-05 5.116400000000000006e-05 2.888099999999999928e-06 -6.716519999999999858e-05 1.456319999999999975e-05 1.048568000000000021e-04 1.035150000000000076e-05 -3.844989999999999926e-05 -1.179450000000000032e-05 2.659489999999999841e-05 -2.745899999999999832e-06 3.878100000000000190e-06 2.893250000000000124e-05 2.227209999999999975e-05 -5.625049999999999956e-05 -7.678800000000000071e-06 -4.576660000000000325e-05 5.819899999999999962e-06 2.983519999999999854e-05 -3.318949999999999792e-05 -1.281089999999999960e-05 -4.701939999999999912e-05 -1.043299999999999989e-05 1.628480000000000034e-05 -2.255489999999999982e-05 -1.038690000000000045e-05 1.103340000000000011e-05 5.686839999999999918e-05 1.172929999999999966e-05 3.889040000000000292e-05 -2.034999999999999998e-06 5.764309999999999703e-05 -3.170389999999999981e-05
-5.431529999999999816e-05 -1.314820000000000059e-05 5.944519999999999796e-05 1.486927999999999937e-04 -2.756780000000000057e-05 1.450452999999999985e-04 -4.237010000000000282e-05 -1.030669999999999942e-04 2.821486199999999854e-03 0.000000000000000000e+00 8.604590000000000502e-04 5.618646000000000144e-04 -6.345900000000000347e-05 4.062300000000000053e-06 -6.628510000000000001e-05 -1.930900000000000097e-05 -7.230869999999999431e-05 1.644507000000000076e-04 -8.840569999999999960e-05 1.380005000000000012e-04 -2.918551000000000240e-04 4.180269999999999873e-05 -1.880939999999999986e-05 -7.661060000000000135e-05 -2.157469999999999860e-05 -8.139999999999999568e-07 -2.884580000000000087e-05 1.975509999999999997e-05 1.937380000000000075e-05 -3.878210000000000262e-05 -5.848850000000000083e-05 -7.166089999999999689e-05 -7.144700000000000390e-06 -4.138599999999999983e-05 4.208029999999999757e-05 -7.781769999999999866e-05 -7.112380000000000503e-05 -4.889719999999999662e-05 -5.417220000000000287e-05 -3.745930000000000234e-05 -7.573509999999999932e-05 3.461350000000000326e-05 -1.963999999999999831e-05 -9.033099999999999962e-06 7.788600000000000273e-06 -1.336729999999999990e-05 2.522710000000000111e-05 -8.033980000000000624e-05 5.316300000000000244e-06 -8.686620000000000528e-05 7.071799999999999784e-06 4.670499999999999583e-06 1.341119999999999960e-05 1.107339999999999972e-05 1.349190000000000037e-05 -4.159420000000000234e-05 -3.310299999999999883e-06 -4.836450000000000086e-05 2.746780000000000152e-05 -8.245900000000000113e-06 1.264319999999999950e-05 1.080000000000000009e-07 -1.043963999999999954e-04 1.434480000000000028e-05 -5.390210000000000015e-05 3.108080000000000234e-05 1.688320000000000126e-05 6.046569999999999945e-05 -2.021819999999999897e-05 -2.978340000000000016e-05 -1.344449999999999977e-05 -1.159019999999999959e-05 -6.482399999999999972e-06 -1.474529999999999924e-05 6.234199999999999367e-05 7.009840000000000634e-05 1.443000000000000076e-05 1.467000000000000100e-07 -5.153099999999999841e-06 2.346649999999999970e-05 -6.695720000000000328e-05 -2.732319999999999955e-05 -2.879810000000000131e-05 -7.184399999999999857e-05 1.037019999999999941e-05 -2.031239999999999885e-05 1.283430000000000009e-05 5.172279999999999884e-05 -4.672750000000000281e-05 -3.883160000000000274e-05 9.248000000000000225e-06 -3.611140000000000123e-05 -1.996600000000000162e-05 2.551270000000000054e-05 -3.296560000000000164e-05 -1.180501000000000033e-04 -4.658230000000000291e-05 -5.324999999999999838e-07 -8.762649999999999866e-05 -2.299169999999999876e-05
5.624669999999999800e-05 -2.061439000000000034e-04 -1.135599999999999978e-06 -2.759748999999999926e-04 6.676759999999999412e-05 -2.164819999999999917e-04 2.037869999999999854e-05 -3.869329999999999764e-05 -2.043272999999999910e-04 -8.604590000000000502e-04 0.000000000000000000e+00 1.643030720000000083e-02 2.516482799999999846e-03 3.931257999999999758e-04 -2.334562000000000095e-04 -9.158229999999999897e-05 7.785500000000000591e-05 5.149077000000000168e-04 -1.658405000000000057e-04 -2.465200999999999981e-04 1.811468000000000052e-04 -3.122880000000000160e-05 5.725000000000000244e-05 -9.467800000000000391e-05 -5.121559999999999801e-05 6.780559999999999333e-05 6.405780000000000187e-05 1.965194000000000077e-04 3.514140000000000205e-05 2.066090000000000068e-05 -4.408989999999999947e-05 2.824059999999999860e-05 6.197429999999999378e-05 3.952119999999999695e-05 -9.824999999999999952e-06 8.039079999999999609e-05 3.018179999999999960e-05 6.107490000000000033e-05 4.912770000000000060e-05 5.234270000000000285e-05 -2.323200000000000051e-06 1.708139999999999878e-05 1.402449999999999930e-05 6.203620000000000076e-05 4.783290000000000073e-05 -1.149250000000000017e-04 -5.522139999999999953e-05 3.372049999999999673e-05 -8.336550000000000676e-05 -7.481309999999999696e-05 -1.009090999999999992e-04 -2.414459999999999919e-05 1.084408999999999937e-04 1.175609000000000013e-04 -5.233590000000000150e-05 -1.040311000000000008e-04 -7.318620000000000073e-05 6.748700000000000285e-06 4.946689999999999898e-05 1.229810999999999871e-04 2.872090000000000144e-05 -4.794319999999999864e-05 -3.846419999999999673e-05 5.576880000000000042e-05 4.374689999999999953e-05 -1.577193000000000063e-04 -1.353800000000000066e-06 4.725059999999999785e-05 -1.361439999999999962e-05 -3.304910000000000177e-05 -4.418479999999999749e-05 2.020259999999999865e-05 4.823270000000000324e-05 1.673999999999999981e-06 -5.716699999999999663e-05 -5.517449999999999834e-05 -4.928340000000000319e-05 1.380650000000000071e-05 -4.382389999999999897e-05 2.331149999999999864e-05 3.571880000000000096e-05 8.777199999999999583e-06 -7.050250000000000473e-05 -6.658370000000000423e-05 -4.344919999999999729e-05 1.605055000000000034e-04 -4.694149999999999771e-05 5.615109999999999844e-05 3.375499999999999784e-05 -3.972700000000000097e-05 3.275339999999999713e-05 3.232010000000000248e-05 8.890899999999999866e-05 -7.962299999999999982e-06 -5.377809999999999931e-05 4.507799999999999768e-05 4.344409999999999966e-05 1.010240000000000004e-05 1.923849999999999885e-05 1.292785999999999924e-04
1.298019999999999983e-05 3.546649000000000134e-04 2.123260000000000064e-05 -7.800450000000000168e-05 6.001719999999999858e-05 -4.056433000000000131e-04 4.268460000000000125e-05 -5.964369999999999953e-05 -1.313269000000000047e-04 -5.618646000000000144e-04 -1.643030720000000083e-02 0.000000000000000000e+00 3.702126000000000028e-03 -9.020050000000000485e-05 -1.291958000000000006e-04 -5.818850000000000031e-05 1.703181999999999916e-04 8.643829999999999537e-05 -2.270146999999999866e-04 -2.197710000000000004e-05 1.545410000000000100e-04 -1.652740000000000036e-05 8.840099999999999607e-05 7.866779999999999921e-05 1.097979999999999947e-05 7.442840000000000046e-05 -1.107891999999999997e-04 4.995400000000000318e-05 1.960380000000000025e-05 -4.913470000000000240e-05 1.442120000000000009e-05 -4.645319999999999766e-05 4.365780000000000068e-05 3.955760000000000222e-05 -1.339100000000000020e-06 -1.617250000000000144e-05 1.043310000000000011e-05 3.593409999999999871e-05 -2.047299999999999863e-05 -2.998879999999999992e-05 -6.993000000000000216e-07 -1.362950000000000054e-05 -6.886200000000000239e-06 4.917889999999999767e-05 -2.232279999999999912e-05 2.093849999999999951e-05 -3.739050000000000056e-05 -7.961000000000000520e-05 6.549849999999999639e-05 -9.147109999999999909e-05 -5.110459999999999856e-05 -6.961339999999999997e-05 5.911240000000000006e-05 -2.924369999999999921e-05 -8.208289999999999976e-05 2.163867999999999998e-04 5.853250000000000244e-05 6.137250000000000236e-05 -6.538669999999999519e-05 -4.323889999999999694e-05 -1.580689999999999938e-05 -7.630490000000000189e-05 3.829930000000000107e-05 -2.874560000000000139e-05 5.771459999999999796e-05 -5.846370000000000066e-05 -6.957180000000000363e-05 -3.477340000000000151e-05 -4.630940000000000083e-05 4.634370000000000151e-05 9.096920000000000310e-05 -5.006059999999999975e-05 -1.701110000000000049e-05 -6.872999999999999671e-07 1.893360000000000114e-05 -4.911199999999999667e-06 -3.192800000000000161e-06 -7.251899999999999973e-06 -3.567030000000000304e-05 -3.941929999999999713e-05 -7.940739999999999463e-05 -1.616420000000000018e-05 -1.152919999999999966e-05 -3.443290000000000028e-05 3.863179999999999831e-05 3.516890000000000136e-05 -2.808250000000000091e-05 4.610369999999999703e-05 -4.491409999999999744e-05 7.243360000000000391e-05 5.756740000000000045e-05 4.444129999999999749e-05 8.733199999999999665e-06 4.000900000000000268e-05 -2.096810000000000004e-05 9.006699999999999673e-06 4.674499999999999883e-06 1.854530000000000013e-05 -8.886880000000000539e-05 2.355830000000000109e-05
5.290039999999999922e-05 -1.118813999999999958e-04 9.142399999999999746e-05 -1.320709999999999930e-05 -3.657409999999999936e-05 -3.997194999999999936e-04 3.814470000000000089e-05 -9.356839999999999678e-05 5.143930000000000334e-04 6.345900000000000347e-05 -2.516482799999999846e-03 -3.702126000000000028e-03 0.000000000000000000e+00 -2.143675000000000105e-04 2.818311200000000061e-03 7.882329999999999458e-05 6.857520000000000033e-05 -6.834951999999999608e-04 -8.856130000000000198e-05 1.501038000000000112e-04 3.204109000000000124e-04 2.723339999999999916e-05 -7.277999999999999605e-06 -1.966214999999999944e-04 -1.888870000000000094e-05 4.289220000000000245e-05 3.206209999999999919e-05 -9.845590000000000038e-05 -5.567730000000000308e-05 5.641409999999999914e-05 -4.516499999999999871e-06 -9.678620000000000517e-05 2.819909999999999908e-05 1.704050000000000058e-05 -7.424230000000000575e-05 8.078829999999999356e-05 2.678189999999999849e-05 -3.715159999999999849e-05 1.158183999999999955e-04 -7.092130000000000146e-05 -2.366549999999999898e-05 -2.025829999999999881e-05 -6.631549999999999891e-05 3.894000000000000326e-06 -7.407570000000000636e-05 4.798569999999999697e-05 -4.755510000000000146e-05 3.119039999999999871e-05 -7.430900000000000293e-06 -4.719950000000000100e-05 9.804699999999999486e-06 -9.028659999999999713e-05 1.250126999999999966e-04 3.803299999999999991e-05 4.280000000000000209e-07 -6.203740000000000339e-05 -5.597219999999999919e-05 -4.740889999999999937e-05 -2.020099999999999853e-05 7.585180000000000448e-05 -5.553100000000000077e-05 3.132710000000000030e-05 4.271039999999999684e-05 -6.596400000000000066e-06 -1.007703000000000065e-04 1.335590000000000032e-05 7.170179999999999848e-05 4.106610000000000311e-05 -1.334229999999999929e-05 -6.597799999999999748e-06 1.815849999999999902e-05 -4.920180000000000045e-05 -2.844199999999999975e-05 -2.641540000000000123e-05 -5.993299999999999860e-06 -1.852080000000000062e-05 2.600509999999999942e-05 -6.001200000000000242e-06 -1.557329999999999877e-05 -1.137479999999999992e-05 -1.212808999999999995e-04 -4.774879999999999928e-05 4.945169999999999953e-05 -6.832550000000000168e-05 1.223782999999999935e-04 -2.636720000000000058e-05 1.103919999999999927e-05 1.025850000000000012e-05 6.914210000000000332e-05 3.558900000000000095e-05 5.834320000000000071e-05 5.277999999999999950e-05 -4.123490000000000055e-05 6.032430000000000111e-05 -6.239790000000000104e-05 -2.028389000000000071e-04 6.300399999999999851e-06 -1.188299999999999914e-06 -8.636870000000000539e-05 -3.060840000000000327e-05
-1.828000000000000116e-05 -6.934199999999999610e-06 -1.191334000000000002e-04 8.050640000000000563e-05 -1.129156999999999936e-04 -1.511120000000000026e-05 -1.125747999999999983e-04 -2.440409000000000100e-04 4.076200000000000038e-06 -4.062300000000000053e-06 -3.931257999999999758e-04 9.020050000000000485e-05 2.143675000000000105e-04 0.000000000000000000e+00 9.968900000000000387e-06 1.828405999999999922e-04 -1.618927999999999893e-04 3.944860000000000039e-05 -2.751220000000000063e-05 -3.077199999999999947e-06 9.582999999999999982e-07 1.919614999999999950e-04 4.059480999999999767e-04 -3.243950000000000002e-05 -1.744000999999999906e-04 1.335962000000000000e-04 1.758099999999999947e-06 -1.034440000000000043e-05 6.141269999999999563e-05 5.442699999999999914e-05 2.889650000000000023e-05 1.010258000000000044e-04 2.797799999999999877e-05 -1.536030999999999931e-04 -2.044391000000000058e-04 -6.485290000000000379e-05 -1.265845999999999942e-04 -1.194417999999999988e-04 -1.914611999999999889e-04 1.073050000000000001e-05 -4.706340000000000073e-05 4.182000000000000258e-07 -5.037920000000000039e-05 7.524420000000000034e-05 -1.952410000000000167e-05 -7.745370000000000011e-05 -7.457689999999999404e-05 -3.971730000000000003e-05 1.676750000000000167e-05 -1.273180000000000065e-05 -6.547739999999999756e-05 4.085649999999999753e-05 4.462820000000000074e-05 1.484139999999999990e-05 -1.510949999999999992e-05 5.700499999999999886e-06 -2.648519999999999843e-05 -3.283369999999999702e-05 -5.852800000000000104e-06 -3.096330000000000219e-05 -1.580010000000000141e-05 -4.107830000000000276e-05 -1.024342000000000026e-04 -8.270000000000000600e-08 3.435020000000000190e-05 -1.066727999999999996e-04 2.076000000000000061e-07 -7.809409999999999486e-05 -6.953619999999999333e-05 3.917380000000000092e-05 -3.837539999999999853e-05 -5.201800000000000239e-05 2.731420000000000015e-05 1.081861999999999977e-04 -3.185590000000000107e-05 3.273390000000000181e-05 -6.446259999999999501e-05 2.409539999999999973e-05 4.434949999999999949e-05 9.848290000000000538e-05 -2.715300000000000074e-06 -6.452099999999999601e-06 -5.608959999999999912e-05 2.586540000000000142e-05 4.276130000000000003e-05 2.315030000000000093e-05 2.399169999999999935e-05 -3.319740000000000169e-05 -1.595989999999999944e-05 1.093189999999999947e-05 -1.424939999999999947e-05 -6.411900000000000393e-06 -6.204329999999999600e-05 4.973340000000000058e-05 4.424000000000000333e-06 -8.712100000000000833e-06 1.077230000000000018e-05 4.449759999999999897e-05 7.525699999999999791e-06 3.137480000000000325e-05
-5.056270000000000295e-05 -5.391250000000000263e-05 6.592409999999999449e-05 6.357479999999999989e-05 -1.180729999999999959e-05 -1.822213999999999898e-04 2.116020000000000113e-05 2.223609999999999874e-05 -2.886359999999999924e-05 6.628510000000000001e-05 2.334562000000000095e-04 1.291958000000000006e-04 -2.818311200000000061e-03 -9.968900000000000387e-06 0.000000000000000000e+00 5.434679999999999947e-05 -6.357799999999999335e-05 5.056464999999999571e-04 -1.613894999999999902e-04 5.682884000000000459e-04 2.151715999999999915e-04 5.939730000000000134e-05 -3.957379999999999709e-05 9.943149999999999829e-05 -1.328450000000000063e-04 -3.103110000000000178e-05 -4.169296999999999869e-04 2.608643000000000225e-04 5.944650000000000081e-05 2.005399999999999892e-06 -1.079991000000000008e-04 6.878669999999999652e-05 2.315799999999999918e-06 -1.052770999999999953e-04 -1.508709999999999994e-05 5.182840000000000000e-05 -5.520600000000000134e-06 2.075000000000000038e-06 -2.941999999999999954e-06 9.796600000000000360e-06 -4.096189999999999825e-05 6.771760000000000366e-05 -2.415069999999999901e-05 -4.852880000000000198e-05 -8.122519999999999610e-05 -6.284009999999999488e-05 -7.871360000000000477e-05 8.366299999999999841e-06 8.621299999999999941e-06 5.353089999999999937e-05 1.093874000000000024e-04 -5.481319999999999894e-05 3.462739999999999986e-05 -2.969299999999999845e-05 -9.227829999999999366e-05 1.205619999999999987e-05 3.215809999999999963e-05 2.739040000000000122e-05 4.639010000000000160e-05 -8.588200000000000207e-06 -4.015269999999999929e-05 -7.416399999999999838e-06 1.953699999999999946e-05 3.788870000000000199e-05 -2.879549999999999899e-05 8.173489999999999564e-05 -1.224699999999999896e-06 1.687469999999999956e-05 -2.775069999999999843e-05 8.321299999999999425e-06 -8.289229999999999916e-05 -1.881770000000000111e-05 1.253109999999999934e-05 -1.265499999999999996e-06 -6.934630000000000384e-05 3.452370000000000287e-05 -2.562519999999999989e-05 2.009179999999999964e-05 -7.391120000000000480e-05 -5.262700000000000282e-05 -4.869379999999999786e-05 -7.943040000000000441e-05 2.189149999999999869e-05 7.194599999999999692e-06 9.927000000000000416e-07 -9.265959999999999626e-05 3.413879999999999915e-05 -7.776570000000000661e-05 -3.749079999999999687e-05 -4.008719999999999796e-05 2.551930000000000146e-05 1.458309999999999934e-05 6.736079999999999379e-05 3.510319999999999960e-05 2.607109999999999845e-05 -4.025570000000000152e-05 -1.642149999999999854e-05 3.799209999999999832e-05 -3.364790000000000017e-05 3.127009999999999729e-05
