0.000000000000000000e+00 -7.396275000000000332e-04 -1.487824000000000004e-04 -9.528389999999999755e-05 1.973339999999999982e-05 5.708459999999999891e-05 -2.175279999999999949e-05 5.351340000000000166e-05 -1.100407000000000051e-04 -5.624449999999999995e-05 3.090160000000000243e-05 3.859999999999999889e-07 1.660150000000000021e-05 3.801359999999999803e-05 6.755560000000000081e-05 8.630130000000000667e-05 -1.265128000000000129e-04 1.344110000000000079e-05 8.883000000000000332e-07 -4.133549999999999752e-05 6.945929999999999411e-05 5.466449999999999814e-05 8.009310000000000062e-05 7.860729999999999530e-05 -3.798780000000000245e-05 5.415900000000000103e-06 -3.788719999999999870e-05 4.290199999999999683e-05 1.356000000000000019e-06 -1.506170000000000015e-05 8.070479999999999343e-05 -5.319949999999999777e-05 -8.679470000000000436e-05 -1.689570000000000156e-05 7.082319999999999642e-05 7.163000000000000283e-07 -4.094289999999999724e-05 -2.824280000000000003e-05 8.232740000000000056e-05 -3.995870000000000080e-05 -3.188999999999999876e-06 6.332700000000000372e-06 3.523489999999999701e-05 2.121319999999999876e-05 -1.333800000000000003e-05 3.703240000000000140e-05 -8.120659999999999597e-05 3.995459999999999859e-05 3.782080000000000218e-05 1.242299999999999947e-05 -2.965899999999999843e-06 1.385689999999999942e-05 -3.371229999999999908e-05 -5.454469999999999973e-05 -1.256819999999999937e-05 4.794239999999999689e-05 8.451999999999999715e-07 3.381399999999999846e-05 -2.933799999999999931e-05 3.243050000000000061e-05 1.475580000000000024e-05 -5.253849999999999851e-05 3.304699999999999717e-05 -1.751380000000000162e-05 2.087009999999999861e-05 6.136800000000000265e-06 3.717629999999999844e-05 -2.580630000000000058e-05 1.787249999999999871e-05 8.227099999999999547e-06 1.654379999999999905e-05 3.738250000000000335e-05 -2.157459999999999838e-05 -2.938699999999999918e-06 8.058300000000000418e-06 1.723220000000000079e-05 3.649860000000000322e-05 -2.441000000000000219e-07 1.774889999999999874e-05 1.313609999999999947e-05 -9.550999999999999696e-07 1.550130000000000014e-05 -4.232219999999999944e-05 3.007500000000000004e-06 2.777399999999999869e-05 -4.250599999999999588e-06 3.077559999999999720e-05 -1.483649999999999932e-05 -5.965130000000000264e-05 -3.065470000000000315e-05 9.273700000000000674e-06 -5.437010000000000313e-05 -8.041849999999999585e-05 -1.138299999999999969e-06 -8.460200000000000755e-06 -2.604369999999999935e-05 3.895450000000000117e-05 -5.644099999999999883e-06 -3.881099999999999822e-05 -1.158500000000000004e-06
7.396275000000000332e-04 0.000000000000000000e+00 2.304367999999999890e-04 -4.030217999999999908e-04 -2.783075999999999779e-04 -3.336100000000000128e-05 -1.279379999999999938e-05 7.512780000000000261e-05 4.342299999999999913e-06 2.921749999999999936e-05 7.825099999999999330e-05 -3.320066000000000206e-04 2.602163000000000110e-04 1.461636000000000044e-04 2.240870000000000112e-05 -6.322420000000000362e-05 -2.173839999999999841e-05 3.918200000000000026e-06 -8.024400000000000624e-06 9.761599999999999848e-06 4.414499999999999831e-06 -2.426150000000000141e-05 4.293400000000000262e-06 6.227630000000000546e-05 1.047193000000000055e-04 9.175899999999999679e-06 5.063399999999999666e-06 5.212830000000000030e-05 -4.531130000000000102e-05 2.212430000000000093e-05 -1.737720000000000025e-05 1.253499999999999942e-06 2.757900000000000141e-05 1.438549999999999974e-05 2.649449999999999849e-05 2.162999999999999979e-07 -1.172789999999999998e-05 1.129860000000000055e-05 -4.480430000000000063e-05 -3.113800000000000155e-06 -1.896939999999999832e-05 -7.083299999999999589e-06 3.140999999999999912e-05 1.993800000000000121e-05 3.466649999999999750e-05 -5.796000000000000072e-06 1.442130000000000031e-05 4.413309999999999933e-05 -3.035129999999999857e-05 -2.349630000000000067e-05 7.540000000000000019e-07 6.502039999999999838e-05 -7.375399999999999723e-06 -5.709490000000000116e-05 -4.064240000000000241e-05 -2.928590000000000026e-05 -9.618699999999999912e-06 -1.175220000000000075e-05 8.563199999999999599e-06 -4.179780000000000154e-05 4.670160000000000023e-05 5.204510000000000082e-05 -3.142519999999999857e-05 6.892899999999999684e-06 -2.974449999999999956e-05 2.620950000000000038e-05 -2.302099999999999863e-05 4.300419999999999731e-05 -8.157999999999999862e-07 -3.239909999999999953e-05 -2.448459999999999932e-05 -4.130899999999999701e-06 1.293960000000000059e-05 1.161179999999999951e-05 1.670870000000000149e-05 -5.144400000000000246e-06 -1.585609999999999884e-05 -4.191400000000000223e-06 -3.333479999999999804e-05 -9.584000000000000058e-07 -9.797199999999999981e-06 -2.567000000000000156e-06 -7.714500000000000423e-06 -1.333670000000000057e-05 1.276199999999999953e-06 4.231340000000000047e-05 7.779400000000000429e-06 2.874500000000000007e-05 7.433180000000000549e-05 -2.438569999999999930e-05 3.224999999999999828e-07 3.089369999999999866e-05 2.431619999999999938e-05 2.269580000000000046e-05 -9.562000000000000522e-07 9.265200000000000670e-06 8.763600000000000255e-06 -4.707769999999999820e-05 -5.575500000000000235e-06 4.976899999999999732e-06
1.487824000000000004e-04 -2.304367999999999890e-04 0.000000000000000000e+00 -1.767052299999999961e-03 1.878626200000000062e-03 -2.752190000000000157e-05 8.356070000000000110e-05 2.970331000000000208e-04 1.326539000000000006e-04 2.134601999999999930e-04 2.477865000000000102e-04 1.441904999999999945e-04 1.393579999999999963e-05 1.884962000000000063e-04 -2.300470000000000016e-05 8.788049999999999996e-05 1.513937999999999937e-04 -4.693500000000000040e-06 9.566000000000000823e-07 -4.069899999999999777e-05 3.086259999999999823e-05 2.962409999999999984e-05 3.502340000000000081e-05 1.032469999999999959e-05 -5.476450000000000057e-05 -4.122650000000000246e-05 -4.428019999999999661e-05 -2.363690000000000065e-05 6.715159999999999586e-05 7.059200000000000107e-06 3.534999999999999867e-05 -3.641289999999999826e-05 1.978510000000000137e-05 1.040147999999999989e-04 4.758050000000000295e-05 3.210469999999999774e-05 1.693909999999999847e-05 -5.274259999999999880e-05 3.001700000000000077e-05 5.554559999999999890e-05 -6.736910000000000522e-05 -2.173770000000000026e-05 2.127359999999999906e-05 2.899860000000000049e-05 -4.656529999999999952e-05 -2.058340000000000015e-05 6.348400000000000408e-05 7.066330000000000495e-05 8.722269999999999416e-05 2.655059999999999953e-05 1.000120000000000006e-05 -2.676369999999999924e-05 8.094199999999999515e-06 3.370390000000000099e-05 5.687649999999999661e-05 -2.143380000000000136e-05 4.242649999999999774e-05 3.947789999999999687e-05 6.251130000000000575e-05 5.033200000000000362e-06 3.224089999999999823e-05 -6.510899999999999784e-06 -8.698700000000000250e-06 1.559420000000000055e-05 5.614800000000000011e-06 -2.469949999999999959e-05 -2.600979999999999956e-05 -4.020060000000000267e-05 2.114529999999999895e-05 -2.241089999999999917e-05 5.264349999999999835e-05 -4.897690000000000198e-05 -1.937090000000000117e-05 2.135689999999999876e-05 8.570329999999999648e-05 -9.848000000000000833e-07 -5.806299999999999787e-06 -4.422100000000000402e-06 1.197610000000000041e-05 -2.511999999999999836e-06 -2.159400000000000027e-06 -5.733630000000000193e-05 1.430579999999999947e-05 -4.662389999999999926e-05 -1.443189999999999984e-05 3.083900000000000069e-05 -1.784649999999999930e-05 8.063000000000000136e-07 -2.975150000000000136e-05 -6.763359999999999565e-05 -2.901860000000000030e-05 1.289969999999999950e-05 -6.736959999999999954e-05 1.150330000000000047e-05 -1.890690000000000019e-05 -1.354000000000000081e-05 3.429790000000000242e-05 -4.873600000000000230e-06 -2.387999999999999837e-06 -1.020900000000000043e-06
9.528389999999999755e-05 4.030217999999999908e-04 1.767052299999999961e-03 0.000000000000000000e+00 -1.338289799999999941e-03 8.451109999999999796e-05 5.103430000000000027e-05 -2.254804999999999971e-04 -3.645238000000000081e-04 -6.980149999999999907e-05 3.397240000000000155e-04 -1.364825000000000066e-04 -4.891579999999999675e-05 -5.315820000000000208e-05 1.111335999999999959e-04 -1.713814999999999989e-04 3.890059999999999818e-05 -2.317670000000000122e-05 -8.604329999999999661e-05 3.552740000000000141e-05 -1.202199999999999899e-06 -9.479049999999999987e-05 3.089140000000000039e-05 1.198702000000000030e-04 1.208288999999999978e-04 -7.834200000000000311e-06 -3.010080000000000156e-05 -1.392670000000000000e-05 8.705700000000000352e-06 -3.386679999999999904e-05 -1.586780000000000078e-05 4.043170000000000119e-05 5.478459999999999721e-05 1.842699999999999950e-06 8.026500000000000147e-06 -2.591679999999999893e-05 -2.994239999999999982e-05 -5.296489999999999835e-05 3.691609999999999710e-05 2.637360000000000106e-05 6.795899999999999596e-06 3.553859999999999886e-05 -1.172410000000000012e-05 7.332400000000000304e-06 -8.670200000000000438e-06 5.670109999999999826e-05 -4.643350000000000190e-05 -2.389320000000000021e-05 -9.364739999999999382e-05 1.376589999999999978e-05 7.651100000000000319e-06 5.736829999999999756e-05 -3.354100000000000294e-05 -5.398600000000000286e-06 1.411889999999999962e-05 1.134054999999999970e-04 -2.114069999999999903e-05 2.195250000000000031e-05 5.070120000000000171e-05 -1.260700000000000059e-06 -3.000709999999999939e-05 1.104541000000000035e-04 -3.840299999999999806e-05 -7.045469999999999478e-05 5.883000000000000468e-07 8.358000000000000064e-07 4.132089999999999938e-05 -1.540399999999999897e-06 2.449290000000000058e-05 2.144300000000000120e-05 -8.964000000000000064e-07 -4.970399999999999879e-06 -1.928750000000000126e-05 -1.139280000000000043e-05 -2.792050000000000144e-05 2.598989999999999997e-05 -3.269330000000000088e-05 -3.139220000000000075e-05 2.473090000000000067e-05 -2.455799999999999848e-06 -2.154249999999999915e-05 -1.781200000000000158e-05 3.810019999999999819e-05 -6.153000000000000212e-06 -6.101909999999999995e-05 -4.669129999999999797e-05 -4.028279999999999995e-05 1.159639999999999963e-05 9.334000000000000757e-06 3.038820000000000155e-05 -2.816120000000000068e-05 -5.791390000000000128e-05 1.508449999999999932e-05 -1.868930000000000079e-05 -3.942600000000000165e-06 1.679650000000000088e-05 2.360500000000000100e-06 -2.343430000000000025e-05 -1.778060000000000049e-05 -7.188899999999999899e-06
-1.973339999999999982e-05 2.783075999999999779e-04 -1.878626200000000062e-03 1.338289799999999941e-03 0.000000000000000000e+00 -8.164530000000000246e-05 -9.949419999999999347e-05 5.751639999999999704e-04 8.037319999999999816e-05 2.105832999999999935e-04 -3.203740000000000060e-04 -5.238349999999999745e-05 -1.416490000000000053e-05 4.527669999999999969e-05 -7.673520000000000351e-05 2.511691999999999939e-04 -4.465020000000000154e-05 2.025010000000000116e-05 1.230869999999999957e-04 -3.415860000000000191e-05 -1.483209999999999984e-05 4.954969999999999758e-05 -2.021199999999999893e-05 -1.215390999999999965e-04 -4.999400000000000279e-05 8.021300000000000603e-06 -2.025249999999999964e-05 -2.744100000000000036e-05 -1.681439999999999947e-05 2.674519999999999933e-05 -2.298999999999999842e-05 -1.418449999999999946e-05 -4.821320000000000114e-05 -3.598969999999999866e-05 2.268299999999999950e-05 2.330920000000000038e-05 5.437520000000000076e-05 9.866000000000000068e-06 -2.209940000000000054e-05 1.606399999999999985e-06 3.309099999999999878e-05 3.662090000000000034e-05 1.099800000000000007e-04 4.724050000000000281e-05 -1.044349999999999920e-05 3.399389999999999991e-05 9.739500000000000517e-06 1.710000000000000092e-08 6.844250000000000073e-05 -4.189930000000000049e-05 5.378299999999999819e-06 3.300429999999999841e-05 3.578539999999999792e-05 -1.116170000000000022e-05 5.776499999999999666e-06 -3.129760000000000338e-05 -3.594220000000000292e-05 3.625539999999999850e-05 3.034219999999999894e-05 9.053599999999999173e-06 2.175310000000000015e-05 1.786600000000000140e-05 -1.934610000000000100e-05 1.129699999999999958e-06 5.149260000000000230e-05 -5.542200000000000063e-06 2.687299999999999834e-05 -4.473149999999999685e-05 2.499869999999999835e-05 -2.268559999999999842e-05 -3.097339999999999723e-05 4.795750000000000289e-05 3.381719999999999870e-05 2.456870000000000077e-05 -1.301600000000000040e-05 3.605809999999999956e-05 2.830749999999999960e-05 2.562329999999999911e-05 -4.050819999999999952e-05 2.090000000000000054e-07 -2.345059999999999872e-05 -4.156129999999999796e-05 -6.224680000000000176e-05 1.385799999999999929e-06 -6.719220000000000357e-05 6.108500000000000045e-06 2.315719999999999912e-05 2.050190000000000102e-05 -1.223090000000000008e-05 -1.558510000000000093e-05 -4.604509999999999728e-05 2.702609999999999862e-05 -1.409910000000000025e-05 -1.265329999999999962e-05 8.450700000000000253e-06 1.366040000000000053e-05 1.003371000000000053e-04 -6.211400000000000364e-06 4.270799999999999835e-05 6.976299999999999597e-06
-5.708459999999999891e-05 3.336100000000000128e-05 2.752190000000000157e-05 -8.451109999999999796e-05 8.164530000000000246e-05 0.000000000000000000e+00 -1.071368330000000042e-02 4.705487999999999967e-04 1.236781999999999910e-04 2.318989999999999967e-05 1.028467999999999993e-04 5.962759999999999811e-05 2.428239999999999980e-05 -2.919609999999999987e-05 2.675500000000000049e-05 1.133110000000000066e-05 -7.119600000000000410e-06 1.278328999999999869e-04 -4.315359999999999964e-05 1.061391999999999951e-04 7.299310000000000423e-05 3.758989999999999733e-05 -2.524005000000000172e-04 -1.426039999999999987e-05 5.572580000000000101e-05 -2.775460000000000020e-05 2.548579999999999916e-05 -1.539050000000000113e-05 -7.785730000000000417e-05 -2.252280000000000059e-05 -6.752500000000000147e-06 -2.285099999999999941e-06 1.639569999999999957e-05 3.063769999999999975e-05 -3.701700000000000151e-05 3.784649999999999755e-05 7.609380000000000657e-05 6.799500000000000205e-05 -3.640969999999999802e-05 3.644820000000000113e-05 9.081210000000000421e-05 4.257000000000000069e-05 6.107800000000000204e-06 5.117899999999999738e-06 -6.188789999999999407e-05 4.743559999999999693e-05 3.214799999999999781e-05 3.289309999999999852e-05 -3.757000000000000197e-06 -1.295120000000000062e-05 4.610499999999999988e-05 5.257390000000000159e-05 4.576499999999999974e-05 3.338400000000000089e-06 -7.936069999999999388e-05 5.636500000000000159e-06 -6.976440000000000581e-05 3.812739999999999684e-05 -8.352800000000000394e-05 1.720280000000000070e-05 3.286610000000000031e-05 -5.124600000000000029e-06 6.239250000000000275e-05 4.561319999999999893e-05 3.425289999999999862e-05 -2.885879999999999888e-05 1.313929999999999971e-05 5.623300000000000184e-05 -2.864310000000000025e-05 8.275899999999999826e-06 6.227600000000000311e-06 5.727750000000000175e-05 -7.699480000000000354e-05 -3.684299999999999945e-05 -4.973529999999999797e-05 -6.269309999999999781e-05 -1.768709999999999876e-05 8.457929999999999843e-05 -1.426109999999999971e-05 1.895360000000000095e-05 -7.188499999999999869e-06 5.893249999999999861e-05 -1.423740000000000026e-05 7.071999999999999799e-07 -1.316430000000000032e-05 -1.243120000000000051e-05 -3.113070000000000333e-05 -5.971169999999999955e-05 1.903299999999999887e-05 -6.742649999999999555e-05 -1.491369999999999919e-05 3.216270000000000294e-05 -1.363810000000000076e-05 -5.374480000000000083e-05 -3.882700000000000112e-06 5.497800000000000115e-06 1.853859999999999899e-05 -1.546969999999999861e-05 3.178919999999999711e-05 -6.147690000000000088e-05
2.175279999999999949e-05 1.279379999999999938e-05 -8.356070000000000110e-05 -5.103430000000000027e-05 9.949419999999999347e-05 1.071368330000000042e-02 0.000000000000000000e+00 2.693861000000000194e-04 2.725870000000000043e-05 -5.897629999999999978e-05 -1.561212999999999989e-04 -5.782049999999999977e-05 -9.718849999999999961e-05 1.673120000000000000e-05 1.288489999999999923e-05 1.846949999999999994e-05 -7.978929999999999855e-05 1.207939999999999958e-04 4.620190000000000229e-05 1.610284999999999982e-04 3.322699999999999883e-05 8.259210000000000499e-05 5.673640000000000112e-05 2.052510000000000106e-05 -2.871130000000000071e-05 -1.239810000000000078e-05 -5.324539999999999677e-05 -3.523700000000000161e-05 -5.490879999999999849e-05 5.323359999999999800e-05 -3.097620000000000337e-05 -7.989010000000000273e-05 9.700599999999999924e-05 2.161389999999999986e-05 -7.945230000000000499e-05 1.392135999999999981e-04 -9.589799999999999562e-05 -8.314759999999999653e-05 1.668526000000000091e-04 -1.201180000000000077e-05 9.520499999999999734e-06 7.468650000000000397e-05 3.196649999999999964e-05 -7.667639999999999656e-05 7.699500000000000398e-05 -3.831160000000000094e-05 1.370970000000000021e-05 4.225500000000000116e-05 7.408199999999999985e-05 -2.765780000000000140e-05 -5.268069999999999860e-05 -1.866689999999999910e-05 -4.516650000000000200e-05 1.469769999999999990e-05 -1.892679999999999978e-05 3.049229999999999942e-05 4.355219999999999952e-05 -3.098530000000000300e-05 -1.090083000000000046e-04 -1.113269999999999931e-05 -3.265269999999999994e-05 -5.763250000000000089e-05 -1.460564000000000133e-04 6.928939999999999427e-05 5.684420000000000033e-05 -4.681449999999999707e-05 -5.316690000000000082e-05 -1.475799999999999999e-05 2.700530000000000045e-05 -4.828659999999999945e-05 1.848110000000000166e-05 -2.091379999999999956e-05 -2.442230000000000163e-05 -1.073290000000000019e-05 2.247259999999999894e-05 -3.613469999999999811e-05 -5.677599999999999986e-05 -6.071770000000000314e-05 -4.293029999999999790e-05 -8.681870000000000277e-05 -8.064300000000000022e-06 -1.391269999999999980e-05 2.636100000000000053e-06 4.344250000000000292e-05 -2.792000000000000035e-05 -7.326399999999999853e-06 -2.580699999999999872e-05 3.961250000000000063e-05 1.729339999999999946e-05 -4.275139999999999865e-05 3.773800000000000189e-06 2.292359999999999851e-05 -4.631599999999999837e-06 -8.184499999999999989e-05 2.165300000000000089e-05 -4.344999999999999798e-07 2.960610000000000102e-05 9.570539999999999343e-05 -1.011690000000000066e-04 -3.197060000000000185e-05
-5.351340000000000166e-05 -7.512780000000000261e-05 -2.970331000000000208e-04 2.254804999999999971e-04 -5.751639999999999704e-04 -4.705487999999999967e-04 -2.693861000000000194e-04 0.000000000000000000e+00 -2.560428500000000180e-03 -8.108402000000000231e-04 -2.175129999999999891e-04 9.067539999999999585e-05 3.708515999999999918e-04 -1.302704999999999922e-04 -2.165285999999999990e-04 -1.130921000000000010e-04 8.828700000000000699e-06 1.005349999999999954e-05 8.154849999999999350e-05 -2.605510000000000063e-05 1.886779999999999916e-05 -5.593139999999999782e-05 3.088930000000000256e-05 1.018613999999999934e-04 2.937947000000000215e-04 -5.228499999999999831e-05 -1.549439999999999856e-05 -1.423740000000000026e-05 3.208579999999999695e-05 -2.191427999999999985e-04 -1.549530000000000053e-05 -7.122019999999999957e-05 -9.460700000000000747e-06 1.479979999999999881e-04 4.849700000000000002e-05 4.764919999999999773e-05 -1.352309999999999932e-05 6.571369999999999393e-05 7.525950000000000001e-05 8.895739999999999637e-05 6.529799999999999721e-05 -6.792089999999999543e-05 -5.336079999999999909e-05 -1.310713999999999933e-04 -2.427070000000000125e-05 8.610679999999999354e-05 2.266589999999999927e-05 -4.213480000000000187e-05 2.158700000000000186e-06 -8.638900000000000246e-05 7.428490000000000429e-05 -6.400000000000000399e-08 3.810160000000000125e-05 -2.504470000000000096e-05 6.313129999999999643e-05 9.251329999999999395e-05 -1.689870000000000136e-05 -2.420199999999999969e-05 3.081039999999999896e-05 3.700019999999999855e-05 2.354550000000000013e-05 1.243839999999999936e-05 -5.461100000000000280e-05 -6.577290000000000176e-05 3.045740000000000082e-05 -9.246000000000000075e-07 4.289319999999999787e-05 3.677900000000000142e-05 -7.242979999999999557e-05 4.440380000000000336e-05 9.550890000000000302e-05 6.879999999999999403e-08 1.498080000000000063e-05 -3.045229999999999980e-05 -1.718399999999999929e-06 2.060200000000000197e-06 -5.422100000000000145e-06 -5.087949999999999965e-05 -1.909750000000000138e-05 -1.981779999999999854e-05 3.830659999999999675e-05 5.979540000000000012e-05 -7.975069999999999523e-05 -5.419729999999999692e-05 5.283179999999999788e-05 4.954610000000000324e-05 1.138144000000000059e-04 -1.280760000000000084e-05 2.872899999999999887e-05 2.655260000000000053e-05 -2.975760000000000118e-05 7.060679999999999626e-05 -8.146699999999999436e-06 5.413949999999999893e-05 4.633579999999999774e-05 -4.864499999999999758e-06 -3.923199999999999978e-05 -1.167570000000000072e-05 -4.633410000000000078e-05 3.156799999999999998e-06
1.100407000000000051e-04 -4.342299999999999913e-06 -1.326539000000000006e-04 3.645238000000000081e-04 -8.037319999999999816e-05 -1.236781999999999910e-04 -2.725870000000000043e-05 2.560428500000000180e-03 0.000000000000000000e+00 -8.613426999999999889e-04 -4.065308999999999806e-04 -6.246637000000000413e-04 -6.438318999999999639e-04 1.062478999999999963e-04 -7.668170000000000140e-05 2.403465999999999936e-04 1.231565000000000058e-04 -4.095939999999999954e-05 -6.369759999999999810e-05 -3.557899999999999851e-06 -1.107859999999999927e-05 7.005019999999999552e-05 -2.245259999999999913e-05 -2.610382000000000175e-04 1.109487999999999973e-04 4.153699999999999889e-05 -1.706990000000000067e-05 -3.443449999999999701e-05 -8.334900000000000446e-06 8.904970000000000225e-05 2.724749999999999958e-05 1.421774000000000052e-04 7.457869999999999799e-05 -1.351792999999999951e-04 -1.009024000000000048e-04 1.981369999999999971e-05 1.072349999999999990e-05 -4.173149999999999847e-05 5.684720000000000013e-05 1.407721999999999869e-04 -2.665379999999999881e-05 2.302299999999999963e-06 4.937449999999999966e-05 -5.310389999999999821e-05 -2.159779999999999843e-05 -3.851970000000000323e-05 -6.150469999999999408e-05 -1.423409999999999980e-05 -5.649799999999999676e-06 -5.484170000000000044e-05 -1.969400000000000152e-05 3.369130000000000047e-05 -2.591199999999999856e-05 -6.742549999999999336e-05 -6.333819999999999609e-05 -4.058310000000000113e-05 -1.717370000000000127e-05 -1.177411999999999968e-04 2.783409999999999834e-05 1.988639999999999988e-05 1.217039999999999955e-05 1.030160000000000044e-04 8.945100000000000127e-06 -8.806230000000000557e-05 -4.218400000000000134e-05 3.187440000000000097e-05 -5.306999999999999841e-05 1.712260000000000103e-05 -6.649130000000000491e-05 -1.281730000000000009e-05 3.375740000000000311e-05 9.883499999999999816e-05 -6.057840000000000262e-05 3.569299999999999860e-06 -9.573739999999999583e-05 -3.946599999999999788e-05 5.990500000000000328e-05 2.205369999999999859e-05 2.264289999999999966e-05 -1.735280000000000096e-05 -1.682140000000000127e-05 4.061609999999999895e-05 -4.326799999999999807e-06 3.452080000000000328e-05 9.493000000000000421e-06 -7.373829999999999838e-05 -5.202000000000000127e-07 2.082130000000000002e-05 -5.611890000000000238e-05 -5.544009999999999796e-05 2.907900000000000060e-05 4.262069999999999666e-05 4.972140000000000137e-05 8.954799999999999373e-06 1.505289999999999948e-05 -6.903909999999999431e-05 1.216630000000000073e-05 -2.591270000000000010e-05 -3.251750000000000164e-05 -1.194779999999999935e-05
5.624449999999999995e-05 -2.921749999999999936e-05 -2.134601999999999930e-04 6.980149999999999907e-05 -2.105832999999999935e-04 -2.318989999999999967e-05 5.897629999999999978e-05 8.108402000000000231e-04 8.613426999999999889e-04 0.000000000000000000e+00 -3.982089200000000356e-03 -3.743306000000000172e-04 -1.991289000000000036e-04 8.183639999999999459e-05 2.020009999999999994e-05 -1.665256000000000104e-04 -1.993770999999999922e-04 3.694600000000000168e-06 -2.235290000000000074e-05 7.065820000000000054e-05 9.537790000000000038e-05 6.794600000000000134e-06 -3.895049999999999917e-05 1.753249999999999858e-05 -1.495930000000000024e-04 7.552679999999999659e-05 4.234079999999999956e-05 -3.947760000000000299e-05 -6.926019999999999800e-05 -2.638430000000000080e-05 1.292620000000000001e-05 -4.639799999999999860e-05 2.604770000000000135e-05 -4.226170000000000230e-05 7.166040000000000257e-05 3.158529999999999725e-05 2.217639999999999998e-05 -6.862379999999999847e-05 -5.146659999999999950e-05 6.938339999999999709e-05 -8.337530000000000115e-05 -4.656100000000000195e-06 -3.229190000000000164e-05 -1.299239999999999948e-05 5.236800000000000412e-06 4.583309999999999999e-05 -7.197120000000000644e-05 8.067510000000000284e-05 -1.239399999999999941e-06 -6.494399999999999349e-05 -6.686900000000000301e-06 -8.348399999999999555e-06 -2.036590000000000096e-05 7.562940000000000472e-05 -4.229389999999999837e-05 -1.861309999999999972e-05 -3.271580000000000278e-05 -5.839660000000000261e-05 -2.389040000000000084e-05 6.240490000000000284e-05 -3.822170000000000033e-05 -9.445000000000000203e-06 -5.572240000000000033e-05 -9.169400000000000673e-05 7.168290000000000447e-05 2.038599999999999845e-06 8.636399999999999169e-06 4.055570000000000203e-05 -2.540599999999999867e-06 -1.378910000000000118e-04 9.571999999999999156e-07 8.242800000000000092e-06 -6.132080000000000419e-05 3.834379999999999700e-05 -1.743900000000000024e-05 5.756569999999999672e-05 1.448380000000000014e-05 2.210809999999999929e-05 3.268430000000000147e-05 -8.604700000000000811e-06 1.972740000000000021e-05 7.713080000000000359e-05 4.716290000000000206e-05 1.070280000000000026e-05 4.064369999999999848e-05 -3.620999999999999932e-07 -8.913280000000000150e-05 6.113400000000000117e-05 4.671770000000000165e-05 1.905809999999999969e-05 1.049900000000000061e-05 -1.228740000000000030e-05 1.260089999999999992e-05 -5.188780000000000150e-05 1.418330000000000022e-05 -1.120231000000000015e-04 1.330389999999999980e-05 -3.276589999999999744e-05 2.374709999999999834e-05 -1.980249999999999887e-05
-3.090160000000000243e-05 -7.825099999999999330e-05 -2.477865000000000102e-04 -3.397240000000000155e-04 3.203740000000000060e-04 -1.028467999999999993e-04 1.561212999999999989e-04 2.175129999999999891e-04 4.065308999999999806e-04 3.982089200000000356e-03 0.000000000000000000e+00 -2.605797999999999882e-04 7.424050000000000180e-05 -4.628880999999999838e-04 -2.912449999999999872e-05 2.872970000000000040e-05 3.269700000000000221e-05 -1.528412999999999896e-04 1.507680999999999973e-04 -7.762999999999999832e-07 -8.919099999999999359e-05 1.175139000000000066e-04 3.160159999999999911e-05 1.409140000000000030e-05 -9.081759999999999594e-05 -1.013400000000000021e-04 -1.112950000000000076e-05 -1.238966000000000091e-04 2.730719999999999835e-05 -1.142830000000000034e-05 1.717719999999999878e-05 -4.568540000000000139e-05 3.826089999999999819e-05 1.131962999999999990e-04 4.211340000000000238e-05 1.475543000000000113e-04 -7.172030000000000516e-05 7.744990000000000533e-05 -5.185040000000000081e-05 -2.143990000000000118e-05 6.087999999999999987e-05 -7.792570000000000508e-05 -9.041630000000000370e-05 2.854509999999999882e-05 3.050060000000000068e-05 -2.074959999999999866e-05 8.760560000000000027e-05 7.730130000000000475e-05 7.624789999999999888e-05 -6.920849999999999984e-05 1.455666999999999899e-04 1.080859000000000014e-04 -8.635499999999999567e-05 3.910219999999999977e-05 -6.571879999999999833e-05 3.971969999999999852e-05 3.212820000000000183e-05 -2.790450000000000024e-05 2.332849999999999865e-05 4.987479999999999892e-05 -9.636079999999999396e-05 -7.679399999999999692e-06 -6.505980000000000346e-05 3.553000000000000118e-06 -1.155477000000000050e-04 -6.841399999999999923e-05 1.356100000000000027e-06 4.411399999999999810e-06 -2.447669999999999894e-05 4.888070000000000110e-05 6.460900000000000262e-06 -1.130869000000000031e-04 3.462109999999999960e-05 -3.505830000000000280e-05 4.705900000000000125e-06 1.062359999999999939e-05 -1.381529999999999968e-05 3.845859999999999801e-05 4.305280000000000223e-05 1.796039999999999833e-05 -8.315299999999999821e-06 5.260760000000000094e-05 2.869049999999999915e-05 5.391049999999999824e-05 6.822980000000000191e-05 6.685499999999999603e-05 -1.090399999999999996e-04 1.969789999999999990e-05 -5.480949999999999760e-05 1.147269999999999944e-05 5.967490000000000018e-05 9.441599999999999524e-06 -1.390301999999999890e-04 5.120100000000000326e-06 -9.300099999999999269e-06 1.943230000000000028e-05 -6.534670000000000235e-05 1.220500000000000004e-06 2.245759999999999993e-05 1.597940000000000154e-05
-3.859999999999999889e-07 3.320066000000000206e-04 -1.441904999999999945e-04 1.364825000000000066e-04 5.238349999999999745e-05 -5.962759999999999811e-05 5.782049999999999977e-05 -9.067539999999999585e-05 6.246637000000000413e-04 3.743306000000000172e-04 2.605797999999999882e-04 0.000000000000000000e+00 -4.333959099999999676e-03 -1.683845900000000093e-03 1.312400000000000005e-05 -8.891797999999999803e-04 7.919093999999999569e-04 1.384309999999999965e-05 -4.578717000000000160e-04 -6.469649999999999967e-05 6.602460000000000479e-05 -3.952887999999999888e-04 -2.423279999999999946e-05 5.675140000000000013e-05 -3.758999999999999924e-06 1.124753999999999972e-04 -1.187940000000000014e-05 5.047200000000000059e-05 -6.203660000000000164e-05 -3.974359999999999671e-05 -1.778360000000000029e-05 -5.230760000000000043e-05 -6.619600000000000115e-06 -5.922400000000000082e-05 1.317939000000000122e-04 1.160597999999999963e-04 -3.324630000000000049e-05 1.137839999999999934e-05 3.413060000000000150e-05 2.615100000000000170e-06 -2.438869999999999911e-05 -3.252390000000000212e-05 -5.719929999999999969e-05 3.755039999999999881e-05 -6.306110000000000513e-05 1.319118999999999999e-04 -3.590210000000000309e-05 4.207109999999999772e-05 4.940650000000000206e-05 -1.510849999999999943e-05 -1.349521000000000119e-04 1.573839999999999961e-04 -5.633770000000000103e-05 -8.476860000000000016e-05 9.826519999999999558e-05 -8.381189999999999625e-05 -8.240600000000000350e-06 4.338880000000000037e-05 -9.653039999999999993e-05 4.750560000000000134e-05 4.014009999999999876e-05 8.091730000000000537e-05 2.450720000000000144e-05 8.547620000000000673e-05 -5.512539999999999910e-05 -1.434769999999999987e-05 1.011299999999999957e-06 -4.129080000000000115e-05 -4.240030000000000128e-05 -4.631030000000000281e-05 8.777240000000000009e-05 4.878659999999999806e-05 -1.251349999999999971e-05 -1.790349999999999892e-05 -4.081500000000000140e-05 5.454159999999999971e-05 -3.439499999999999849e-05 1.473440000000000075e-05 3.308250000000000047e-05 5.144399999999999738e-05 -1.720829999999999921e-05 8.348329999999999401e-05 5.259540000000000130e-05 -3.841529999999999793e-05 7.622599999999999660e-06 -2.941450000000000103e-05 1.804960000000000079e-05 1.991160000000000092e-05 -4.259580000000000305e-05 5.992620000000000233e-05 8.864970000000000608e-05 4.512370000000000302e-05 8.703390000000000030e-05 -5.198120000000000301e-05 1.776990000000000074e-05 -5.950890000000000211e-05 6.628799999999999959e-05 1.659260000000000102e-05 1.119200000000000059e-05 2.396059999999999892e-05
-1.660150000000000021e-05 -2.602163000000000110e-04 -1.393579999999999963e-05 4.891579999999999675e-05 1.416490000000000053e-05 -2.428239999999999980e-05 9.718849999999999961e-05 -3.708515999999999918e-04 6.438318999999999639e-04 1.991289000000000036e-04 -7.424050000000000180e-05 4.333959099999999676e-03 0.000000000000000000e+00 -1.505270999999999974e-04 2.262332100000000179e-03 -2.342455999999999922e-04 1.177670000000000026e-05 2.752130000000000025e-05 -5.437337000000000420e-04 -7.134569999999999692e-05 9.205020000000000173e-05 4.931103999999999739e-04 -6.213230000000000142e-05 3.296240000000000140e-05 -8.700129999999999658e-05 1.172420000000000000e-04 -2.669060000000000158e-05 2.092442999999999983e-04 -1.524200000000000077e-05 -2.883530000000000156e-05 3.922299999999999699e-06 -1.181119999999999967e-05 2.990870000000000047e-05 1.127574999999999991e-04 -1.696306000000000018e-04 6.794439999999999952e-05 2.646099999999999958e-06 -7.476800000000000141e-06 -5.919849999999999911e-05 5.523999999999999966e-06 2.223980000000000008e-05 -1.031204000000000029e-04 -1.082328000000000050e-04 -8.930069999999999696e-05 -8.457169999999999532e-05 8.335099999999999191e-06 5.777540000000000252e-05 -4.219200000000000194e-06 8.938870000000000019e-05 1.562729999999999859e-05 -8.249290000000000431e-05 -8.905700000000000131e-06 -6.557769999999999387e-05 1.263837000000000077e-04 2.212110000000000069e-05 1.444061000000000064e-04 -5.617380000000000078e-05 -3.403510000000000216e-05 -6.453150000000000379e-05 1.756310000000000130e-05 7.892900000000000274e-06 -3.232099999999999937e-06 2.997570000000000169e-05 5.851300000000000034e-05 9.673700000000000232e-06 -5.945500000000000081e-06 7.989799999999999973e-05 6.080569999999999958e-05 -2.412040000000000034e-05 -1.176619999999999926e-05 -4.939279999999999913e-05 6.837860000000000292e-05 -3.454599999999999755e-05 1.324900000000000012e-06 1.732030000000000085e-05 1.809000000000000129e-05 -8.158200000000000597e-05 1.943519999999999986e-05 1.179339999999999961e-05 5.030800000000000182e-06 -4.250100000000000186e-06 5.440559999999999965e-05 5.907419999999999761e-05 -3.905469999999999726e-05 5.744619999999999897e-05 -3.232149999999999878e-05 8.704480000000000388e-05 1.293909999999999950e-05 4.870810000000000211e-05 -8.024599999999999369e-06 7.237040000000000085e-05 3.878420000000000045e-05 6.450400000000000109e-06 -4.737360000000000328e-05 1.937360000000000032e-05 -1.323940000000000067e-04 5.267699999999999726e-05 4.270500000000000024e-06 1.446569999999999941e-05 -6.445299999999999937e-06
-3.801359999999999803e-05 -1.461636000000000044e-04 -1.884962000000000063e-04 5.315820000000000208e-05 -4.527669999999999969e-05 2.919609999999999987e-05 -1.673120000000000000e-05 1.302704999999999922e-04 -1.062478999999999963e-04 -8.183639999999999459e-05 4.628880999999999838e-04 1.683845900000000093e-03 1.505270999999999974e-04 0.000000000000000000e+00 1.772589300000000081e-03 -1.616407499999999997e-03 1.290215300000000041e-03 9.116160000000000485e-05 5.650997000000000268e-04 4.534679999999999755e-05 -4.366229999999999699e-05 1.133260000000000056e-05 -3.003070000000000031e-05 -5.280830000000000056e-05 -1.304386999999999951e-04 5.626249999999999876e-05 -1.239289999999999954e-05 7.057440000000000653e-05 3.317791000000000164e-04 -1.705177999999999956e-04 7.523799999999999860e-06 5.921989999999999860e-05 8.130220000000000231e-05 -6.031770000000000019e-05 7.433760000000000465e-05 -3.287000000000000039e-06 1.012679999999999933e-05 -5.204870000000000194e-05 5.882439999999999875e-05 9.695030000000000585e-05 -1.185844999999999960e-04 -2.682310000000000073e-05 -6.534799999999999843e-05 1.218858000000000045e-04 -5.651609999999999918e-05 -1.733430999999999904e-04 3.242299999999999857e-06 1.569450000000000025e-05 1.024219999999999996e-05 6.223369999999999336e-05 2.642199999999999876e-05 1.828809999999999860e-05 2.405369999999999977e-05 -1.694899999999999985e-05 1.198150000000000040e-05 4.019740000000000243e-05 2.159979999999999943e-05 -1.569069999999999870e-05 -6.583300000000000141e-06 2.843409999999999937e-05 -4.762749999999999758e-05 3.576250000000000192e-05 -4.255800000000000148e-05 4.937180000000000052e-05 -6.162000000000000253e-07 1.233940000000000048e-04 4.789929999999999725e-05 -5.123900000000000188e-06 1.767910000000000155e-05 -7.923399999999999389e-05 -8.954600000000000629e-06 1.570939999999999904e-05 2.769879999999999982e-05 2.658190000000000040e-05 1.114979999999999953e-05 8.918399999999999180e-06 8.215779999999999459e-05 1.737819999999999906e-05 9.859900000000000245e-06 2.097099999999999962e-05 -1.716029999999999899e-05 -4.732640000000000143e-05 3.295970000000000226e-05 3.680249999999999873e-05 1.802300000000000091e-06 2.769539999999999914e-05 -5.473199999999999707e-05 -2.040480000000000156e-05 -5.111919999999999669e-05 4.735229999999999724e-05 -1.319709999999999940e-05 -6.541069999999999361e-05 3.923099999999999759e-06 3.347399999999999833e-05 -3.244070000000000265e-05 -5.077300000000000330e-05 -4.785170000000000130e-05 2.598399999999999974e-06 -1.032750000000000065e-05 2.182320000000000139e-05
-6.755560000000000081e-05 -2.240870000000000112e-05 2.300470000000000016e-05 -1.111335999999999959e-04 7.673520000000000351e-05 -2.675500000000000049e-05 -1.288489999999999923e-05 2.165285999999999990e-04 7.668170000000000140e-05 -2.020009999999999994e-05 2.912449999999999872e-05 -1.312400000000000005e-05 -2.262332100000000179e-03 -1.772589300000000081e-03 0.000000000000000000e+00 -6.368399999999999539e-04 -1.315052999999999893e-04 -6.262560000000000566e-05 -9.963331999999999224e-04 -3.158889999999999837e-05 8.053560000000000189e-05 -2.042903000000000047e-04 3.359509999999999959e-05 -2.633962999999999908e-04 2.361452000000000104e-04 2.645869000000000129e-04 1.438190000000000032e-05 5.005831000000000083e-04 -1.043060999999999939e-04 7.169229999999999798e-05 3.139600000000000230e-05 5.490500000000000202e-06 -1.272950000000000069e-05 -3.931280000000000077e-05 5.207300000000000101e-05 2.786528000000000030e-04 2.463739999999999894e-05 -6.797199999999999905e-06 -1.298900000000000049e-05 9.060320000000000016e-05 -6.003950000000000004e-05 1.255658999999999898e-04 -8.705100000000000731e-06 8.630499999999999446e-05 2.789289999999999852e-05 6.457410000000000233e-05 -7.447980000000000475e-05 -8.085760000000000321e-05 5.356729999999999787e-05 -1.052646000000000018e-04 1.430519999999999985e-05 -1.120437000000000060e-04 2.965619999999999907e-05 7.223959999999999865e-05 6.307680000000000567e-05 7.044500000000000062e-06 -2.860960000000000133e-05 7.850949999999999769e-05 2.546980000000000134e-05 -4.718470000000000243e-05 -6.180389999999999961e-05 -1.208807000000000029e-04 4.934279999999999791e-05 -1.716700000000000013e-05 5.051010000000000281e-05 -2.798680000000000113e-05 4.492770000000000016e-05 1.820900000000000133e-05 2.715420000000000168e-05 9.738859999999999791e-05 6.115570000000000131e-05 5.392999999999999653e-07 3.508320000000000318e-05 -3.946390000000000005e-05 -1.929060000000000128e-05 -2.119250000000000081e-05 5.232010000000000073e-05 -3.829209999999999884e-05 -7.463090000000000403e-05 -2.318039999999999917e-05 -9.424900000000000175e-06 -2.884229999999999997e-05 1.149839999999999989e-05 1.626449999999999988e-05 6.482079999999999440e-05 5.760929999999999746e-05 -6.591960000000000495e-05 2.550230000000000145e-05 -1.824519999999999940e-05 -7.165050000000000119e-05 5.256339999999999889e-05 1.574479999999999874e-05 3.049730000000000022e-05 2.965050000000000013e-05 5.012169999999999820e-05 -2.207839999999999854e-05 1.389249999999999955e-05 3.430750000000000314e-05 4.938800000000000046e-06 5.518009999999999707e-05
