0.000000000000000000e+00 7.249523999999999812e-04 -1.104946000000000042e-04 -5.238499999999999904e-06 -4.746900000000000240e-06 -1.595787000000000041e-04 1.712448000000000041e-04 -1.778690000000000075e-05 9.581190000000000334e-05 5.313570000000000017e-05 7.275399999999999833e-06 2.805760000000000052e-05 -5.889399999999999890e-06 -1.666449999999999944e-05 -6.095989999999999889e-05 -1.270680000000000004e-05 -1.268805000000000128e-04 2.102240000000000052e-05 9.519709999999999696e-05 -8.852010000000000651e-05 5.967779999999999976e-05 -7.664320000000000507e-05 -7.082939999999999646e-05 8.650599999999999812e-06 3.067920000000000266e-05 1.600410000000000149e-05 -4.820730000000000176e-05 -1.272861999999999876e-04 1.888319999999999905e-05 2.640410000000000017e-05 5.221280000000000262e-05 -5.286319999999999897e-05 4.854650000000000013e-05 -4.610010000000000269e-05 -5.108420000000000127e-05 3.246999999999999892e-07 -8.135400000000000070e-06 4.861429999999999972e-05 6.950719999999999750e-05 4.454900000000000326e-05 5.976999999999999695e-06 1.111669999999999980e-05 -2.081789999999999934e-05 -4.410900000000000408e-06 -6.767909999999999378e-05 7.588100000000000075e-05 2.740720000000000078e-05 -8.099790000000000592e-05 5.006999999999999664e-06 2.179209000000000094e-04 -7.504600000000000112e-06 7.149899999999999934e-06 -2.568239999999999995e-05 -2.931779999999999906e-05 1.131253000000000060e-04 -4.016769999999999830e-05 -8.296100000000000073e-06 9.613799999999999332e-06 4.155479999999999726e-05 -1.673770000000000070e-05 9.173300000000000754e-06 -2.094050000000000051e-05 -5.664269999999999895e-05 -6.577399999999999740e-05 3.195900000000000182e-06 5.614660000000000213e-05 -3.127379999999999863e-05 2.672319999999999852e-05 -2.531040000000000080e-05 -6.271200000000000198e-06 1.338600000000000025e-05 1.037500000000000019e-06 -2.193700000000000020e-05 -3.384000000000000126e-06 1.266380000000000062e-05 -3.348399999999999993e-06 4.016880000000000071e-05 -2.188930000000000064e-05 -4.750789999999999961e-05 -1.426569999999999963e-05 2.159870000000000041e-05 -2.442470000000000012e-05 -1.178510000000000004e-05 -1.627469999999999853e-05 1.638009999999999925e-05 -1.525510000000000070e-05 -1.140590000000000035e-05 -3.002209999999999840e-05 -1.162860000000000078e-05 -4.870079999999999966e-05 -1.343930000000000023e-05 -1.473989999999999926e-05 -5.988000000000000097e-06 -4.272500000000000175e-06 1.066800000000000103e-06 -2.872490000000000004e-05 -4.184199999999999682e-06 -2.927840000000000076e-05 -2.466000000000000191e-06 -1.285000000000000064e-05
-7.249523999999999812e-04 0.000000000000000000e+00 -3.267680000000000129e-04 -3.370790000000000299e-05 -4.616924000000000115e-04 -1.563926000000000042e-04 8.702720000000000594e-05 2.858299999999999806e-06 3.994970000000000140e-05 1.109460000000000047e-05 1.260800000000000067e-06 -6.254730000000000337e-05 7.278600000000000074e-06 -1.384560000000000005e-05 -1.280239999999999960e-05 -1.943629999999999888e-05 5.993999999999999701e-06 -1.254500000000000017e-06 4.849490000000000219e-05 1.258519999999999938e-05 6.594059999999999679e-05 -2.981270000000000003e-05 8.014100000000000062e-06 2.045880000000000138e-05 6.225779999999999877e-05 5.119860000000000139e-05 2.660899999999999799e-06 -2.046030000000000128e-05 -6.534719999999999667e-05 1.859950000000000039e-05 1.154069999999999947e-05 2.002000000000000060e-06 3.394150000000000021e-05 7.845800000000000335e-06 5.381149999999999801e-05 2.237839999999999906e-05 1.085549999999999966e-05 -1.529359999999999872e-05 1.296149999999999948e-05 3.069509999999999687e-05 -3.489410000000000189e-05 2.429589999999999891e-05 -5.205319999999999826e-05 4.502099999999999636e-06 -1.256470000000000017e-05 4.331749999999999988e-05 -8.956399999999999493e-06 3.585780000000000082e-05 7.377500000000000092e-06 5.245459999999999750e-05 -2.335560000000000048e-05 -6.067720000000000242e-05 4.195200000000000085e-06 4.043510000000000187e-05 -3.837849999999999855e-05 8.522229999999999888e-05 -2.823710000000000109e-05 1.404859999999999963e-05 1.002099999999999901e-06 -5.080839999999999960e-05 -5.650560000000000326e-05 -3.231479999999999764e-05 -2.483930000000000120e-05 -3.672400000000000279e-05 4.967909999999999671e-05 -3.078589999999999945e-05 -1.572250000000000066e-05 3.768619999999999842e-05 -7.290399999999999690e-06 -2.530339999999999900e-05 1.727599999999999858e-05 2.208159999999999878e-05 -2.189230000000000044e-05 -4.922629999999999996e-05 -5.481799999999999760e-06 -3.887339999999999952e-05 1.344870000000000051e-05 4.240209999999999845e-05 5.842599999999999931e-05 -1.839120000000000105e-05 -6.398469999999999744e-05 -4.843599999999999670e-06 -4.749620000000000106e-05 -1.091049999999999998e-05 -2.058180000000000003e-05 -5.629230000000000312e-05 8.855499999999999494e-05 -2.190340000000000106e-05 5.263300000000000073e-06 2.879739999999999977e-05 1.364989999999999953e-05 2.447299999999999845e-06 -3.675899999999999822e-06 -3.097300000000000313e-05 -7.516000000000000333e-07 -9.998200000000000259e-06 -1.532009999999999923e-05 1.623209999999999998e-05 -3.862390000000000132e-05 1.431320000000000045e-05
1.104946000000000042e-04 3.267680000000000129e-04 0.000000000000000000e+00 -3.735549999999999835e-05 -2.726962800000000148e-03 6.786239999999999590e-05 8.170639999999999414e-05 4.543089999999999900e-05 -1.868387000000000108e-04 -2.019141999999999920e-04 1.378879999999999917e-05 3.058250000000000069e-05 6.936519999999999784e-05 -6.505600000000000021e-06 1.009981999999999980e-04 -3.169590000000000260e-05 9.458919999999999893e-05 -1.645060000000000137e-05 3.745389999999999727e-05 2.337689999999999975e-05 5.646999999999999678e-07 -5.384420000000000194e-05 -2.120589999999999970e-05 1.264999999999999959e-06 6.292970000000000161e-05 1.205660000000000074e-05 -4.610059999999999701e-05 -1.363669999999999939e-05 -5.521250000000000035e-05 -2.713850000000000114e-05 -9.650000000000000781e-07 -4.607800000000000166e-05 1.282789999999999961e-05 9.141759999999999697e-05 -6.220610000000000061e-05 2.927779999999999944e-05 8.737899999999999807e-06 -4.997900000000000039e-06 -7.820599999999999289e-06 -3.233609999999999691e-05 3.327830000000000290e-05 -1.089850000000000077e-05 -1.692079999999999900e-05 5.962799999999999898e-06 3.591169999999999703e-05 4.954870000000000216e-05 3.870000000000000111e-07 -4.284059999999999773e-05 8.983299999999999185e-06 8.777340000000000229e-05 -2.009299999999999973e-06 -1.050409999999999994e-05 8.640399999999999470e-06 3.937369999999999878e-05 1.540140000000000131e-05 3.599050000000000041e-05 -3.430730000000000270e-05 -4.119550000000000224e-05 -1.708919999999999894e-05 -1.391699999999999948e-06 -8.838099999999999288e-06 4.517600000000000250e-05 -4.590299999999999910e-06 5.634450000000000238e-05 2.079040000000000003e-05 -3.117169999999999837e-05 2.369130000000000134e-05 4.091950000000000014e-05 -1.018799999999999970e-05 1.296130000000000074e-05 4.566289999999999949e-05 -1.819210000000000155e-05 4.198700000000000136e-06 -1.114260000000000069e-05 5.845810000000000193e-05 -5.656110000000000299e-05 3.191099999999999822e-06 -6.209989999999999814e-05 -3.547190000000000168e-05 3.864699999999999607e-06 -4.882299999999999825e-06 5.304169999999999735e-05 2.134120000000000160e-05 -5.858510000000000258e-05 2.019499999999999892e-05 3.979009999999999703e-05 -7.595839999999999428e-05 2.755199999999999980e-05 1.678629999999999885e-05 -8.772340000000000107e-05 -4.409750000000000258e-05 9.879099999999999994e-06 1.273439999999999957e-05 1.322249999999999919e-05 2.657570000000000036e-05 -5.309270000000000075e-05 3.317260000000000152e-05 -2.879999999999999981e-08 -3.049420000000000020e-05 -7.126900000000000323e-06
5.238499999999999904e-06 3.370790000000000299e-05 3.735549999999999835e-05 0.000000000000000000e+00 -1.578821000000000109e-04 2.275500000000000067e-06 9.499280000000000300e-05 -4.572135999999999757e-04 3.622759999999999853e-05 5.137900000000000393e-06 3.516937999999999835e-04 -8.085269999999999924e-05 -4.913969999999999981e-05 -2.078010000000000116e-05 -2.838660000000000025e-05 1.703838000000000000e-04 -1.419570000000000030e-05 1.159605000000000022e-04 -7.467879999999999386e-05 3.355920000000000219e-05 7.864000000000000008e-07 -1.622599999999999931e-06 6.692399999999999825e-05 1.569806999999999995e-04 -1.372319999999999932e-05 -5.964900000000000268e-06 -2.412259999999999838e-05 2.588909999999999917e-05 -6.926999999999999916e-06 5.027800000000000380e-06 3.798999999999999965e-06 -4.466880000000000167e-05 -5.553520000000000320e-05 -3.639850000000000057e-05 2.417599999999999943e-06 -1.571999999999999942e-06 -1.388370000000000058e-05 -5.806149999999999967e-05 4.643330000000000146e-05 -3.360729999999999924e-05 -1.159249999999999955e-05 -9.616800000000000828e-06 5.310840000000000130e-05 -3.824929999999999986e-05 -1.482869999999999916e-05 -5.057510000000000304e-05 -3.698320000000000193e-05 -5.306550000000000210e-05 1.133442999999999983e-04 -2.270399999999999896e-06 4.456100000000000246e-05 1.390000000000000032e-06 -1.577170000000000012e-05 -2.091720000000000024e-05 2.915379999999999860e-05 -1.025551000000000034e-04 -2.272000000000000016e-06 5.896909999999999755e-05 2.752299999999999890e-06 9.887190000000000453e-05 -5.866270000000000333e-05 1.938630000000000106e-05 1.694470000000000058e-05 -1.164749999999999987e-04 3.363749999999999770e-05 2.384300000000000194e-06 -2.607800000000000002e-05 -1.229419999999999996e-05 2.623110000000000030e-05 -1.563160000000000124e-05 5.674729999999999792e-05 2.053209999999999947e-05 6.240829999999999674e-05 1.726979999999999854e-05 5.490939999999999981e-05 -3.348470000000000146e-05 2.330559999999999926e-05 3.459639999999999965e-05 1.776159999999999949e-05 -2.494659999999999930e-05 -2.708509999999999924e-05 1.062720000000000051e-05 5.708739999999999827e-05 8.021400000000000822e-06 -3.716800000000000142e-06 2.223439999999999840e-05 2.142090000000000018e-05 4.050340000000000255e-05 -2.874269999999999842e-05 8.137000000000000190e-06 2.976210000000000089e-05 -6.776669999999999612e-05 3.599399999999999792e-06 3.427979999999999661e-05 5.908039999999999765e-05 1.300100000000000055e-06 -6.159499999999999557e-05 -9.119559999999999808e-05 -9.725999999999999714e-06 -2.257909999999999868e-05
4.746900000000000240e-06 4.616924000000000115e-04 2.726962800000000148e-03 1.578821000000000109e-04 0.000000000000000000e+00 -2.201871000000000047e-04 1.305597000000000029e-04 1.009485999999999977e-04 5.123399999999999770e-05 2.382786000000000127e-04 4.713679999999999905e-05 2.159390000000000005e-05 -6.233650000000000193e-05 -5.073900000000000328e-05 -5.018810000000000149e-05 2.943590000000000052e-05 7.840509999999999916e-05 2.074410000000000015e-05 -5.788149999999999800e-05 9.962900000000000445e-05 -1.002669000000000005e-04 -2.053999999999999996e-07 -2.638590000000000092e-05 -1.338199999999999952e-06 1.933199999999999973e-06 -4.208349999999999781e-05 -3.555369999999999809e-05 -1.123120000000000014e-05 -3.787099999999999706e-05 1.489599999999999934e-05 1.616519999999999898e-05 5.611699999999999990e-06 -4.138469999999999698e-05 7.515320000000000409e-05 1.541909999999999947e-05 4.075500000000000197e-06 -5.053969999999999996e-05 5.084200000000000382e-06 -7.778529999999999538e-05 -3.457930000000000281e-05 2.434579999999999991e-05 1.303249999999999931e-05 6.632270000000000114e-05 -4.849799999999999713e-06 2.902599999999999958e-06 -5.400599999999999758e-05 -4.382820000000000162e-05 4.762800000000000376e-06 -8.037569999999999687e-05 4.218279999999999870e-05 4.456010000000000049e-05 -4.523639999999999942e-05 -2.441529999999999983e-05 2.168410000000000132e-05 4.959210000000000246e-05 -2.665760000000000037e-05 -4.436479999999999916e-05 9.311799999999999513e-06 -2.004100000000000006e-06 2.227000000000000023e-06 -3.858269999999999907e-05 2.702680000000000016e-05 2.780290000000000108e-05 6.980000000000000298e-08 -4.729959999999999688e-05 -3.422710000000000303e-05 4.195290000000000282e-05 -3.642869999999999903e-05 7.791609999999999758e-05 -3.605399999999999735e-05 2.925250000000000156e-05 -3.198300000000000193e-05 -3.335939999999999777e-05 3.421279999999999878e-05 2.649600000000000009e-06 -2.501279999999999877e-05 -1.968310000000000133e-05 8.893649999999999798e-05 -2.157599999999999891e-06 5.323600000000000157e-06 -4.563179999999999906e-05 -2.353239999999999851e-05 -3.370070000000000075e-05 -5.557470000000000172e-05 1.023873000000000014e-04 -1.542120000000000068e-05 6.269559999999999651e-05 8.947999999999999709e-06 -2.966099999999999943e-05 2.747299999999999937e-06 5.209130000000000048e-05 -1.064079999999999983e-05 -8.331100000000000584e-06 2.065960000000000122e-05 4.796800000000000389e-06 -8.696899999999999691e-06 -4.212769999999999986e-05 -2.407029999999999890e-05 2.964569999999999976e-05 1.832500000000000031e-06
1.595787000000000041e-04 1.563926000000000042e-04 -6.786239999999999590e-05 -2.275500000000000067e-06 2.201871000000000047e-04 0.000000000000000000e+00 1.146175799999999984e-03 1.702765000000000019e-04 9.090723999999999463e-04 8.133619999999999555e-05 5.372620000000000070e-05 2.263230000000000013e-05 2.570329999999999834e-05 3.390599999999999691e-05 1.821057000000000003e-04 3.176849999999999916e-05 2.064722000000000118e-04 6.617039999999999923e-05 8.299600000000000293e-05 2.369262000000000017e-04 2.331759999999999847e-05 -4.702499999999999785e-05 -1.915799999999999852e-05 6.455500000000000280e-06 1.115572999999999966e-04 -6.550079999999999466e-05 2.966529999999999870e-05 2.585240000000000002e-05 -5.700499999999999886e-06 -1.413775999999999998e-04 1.488240000000000002e-05 -7.622940000000000575e-05 -1.303780000000000077e-05 7.351219999999999727e-05 -3.203059999999999789e-05 -6.527000000000000358e-05 1.089312000000000049e-04 6.833339999999999868e-05 1.606560000000000082e-05 -1.489229999999999970e-05 5.605789999999999737e-05 5.641490000000000090e-05 3.706070000000000246e-05 1.867649999999999982e-05 -1.756600000000000046e-06 -1.591619999999999849e-05 4.312499999999999792e-05 -4.286960000000000033e-05 9.445599999999999824e-06 1.432100000000000061e-05 3.853170000000000244e-05 -4.142499999999999725e-06 4.496880000000000218e-05 -5.328379999999999965e-05 -6.367130000000000142e-05 4.688480000000000214e-05 7.520729999999999397e-05 -2.622520000000000092e-05 -3.485469999999999682e-05 3.641390000000000046e-05 -4.509220000000000171e-05 2.649060000000000011e-05 -6.196400000000000508e-05 2.796299999999999976e-05 -2.613680000000000021e-05 -2.008219999999999892e-05 -4.629249999999999766e-05 1.721340000000000023e-05 -1.332740000000000050e-05 1.893650000000000072e-05 2.288630000000000143e-05 -7.128150000000000523e-05 -6.220200000000000178e-06 -4.670300000000000330e-05 1.768300000000000078e-06 6.624459999999999930e-05 3.693110000000000289e-05 -4.270459999999999767e-05 -4.016690000000000332e-05 1.896189999999999882e-05 -2.987599999999999991e-06 -3.452260000000000045e-05 -3.939000000000000001e-07 -1.487609999999999975e-05 5.538680000000000307e-05 -6.575490000000000295e-05 -5.913150000000000128e-05 2.878900000000000083e-06 1.467230000000000011e-05 2.842799999999999955e-05 8.624199999999999523e-06 1.501279999999999965e-05 2.040699999999999791e-06 5.096690000000000156e-05 5.194489999999999795e-05 -3.580029999999999671e-05 2.856760000000000072e-05 2.555930000000000108e-05 4.489949999999999931e-05 -1.574189999999999916e-05
-1.712448000000000041e-04 -8.702720000000000594e-05 -8.170639999999999414e-05 -9.499280000000000300e-05 -1.305597000000000029e-04 -1.146175799999999984e-03 0.000000000000000000e+00 -1.441290000000000053e-05 4.084132999999999882e-04 8.833419000000000340e-04 -7.401489999999999502e-05 -1.831939999999999946e-05 1.558609999999999973e-05 -2.339399999999999997e-05 2.267202000000000117e-04 1.377772999999999997e-04 -6.154229999999999521e-05 -2.740499999999999850e-06 2.365288000000000113e-04 8.310570000000000630e-05 4.919560000000000041e-05 -2.588056999999999944e-04 -2.115639999999999958e-05 9.645069999999999458e-05 1.803349999999999937e-05 -1.404677999999999970e-04 -2.349056000000000028e-04 2.588619999999999959e-05 -9.172010000000000297e-05 6.443540000000000313e-05 -1.716140000000000140e-05 -3.800050000000000319e-05 -9.372569999999999610e-05 8.669550000000000368e-05 -1.021163999999999969e-04 8.236310000000000430e-05 6.289339999999999655e-05 -7.470619999999999973e-05 1.438784000000000081e-04 8.282400000000000526e-06 -7.956219999999999525e-05 4.687119999999999942e-05 9.550800000000000104e-06 1.612030000000000082e-04 6.153789999999999911e-05 3.789559999999999679e-05 2.564860000000000038e-05 1.063706000000000010e-04 5.418879999999999861e-05 3.778219999999999886e-05 1.275984999999999880e-04 4.016560000000000047e-05 6.103069999999999828e-05 -8.386720000000000232e-05 4.573929999999999760e-05 -1.259829999999999930e-05 3.226360000000000057e-05 -8.137450000000000499e-05 5.460599999999999862e-06 -3.055379999999999874e-05 8.364699999999999382e-05 -3.165500000000000101e-05 -1.224013000000000032e-04 -6.617400000000000373e-06 -1.589929999999999870e-05 2.912039999999999990e-05 2.162650000000000038e-05 -7.373189999999999790e-05 -4.095239999999999774e-05 5.724799999999999805e-06 5.395049999999999786e-05 5.393680000000000170e-05 -3.903750000000000021e-05 2.073080000000000148e-05 -5.806200000000000415e-06 1.247709999999999951e-05 1.554310000000000031e-05 -4.617000000000000116e-07 8.647520000000000174e-05 3.347099999999999853e-05 -3.712939999999999725e-05 -9.512169999999999426e-05 -2.788569999999999967e-05 -3.024459999999999838e-05 1.527580000000000035e-05 8.508700000000000375e-06 -3.071159999999999916e-05 -1.417427000000000075e-04 1.433550000000000022e-05 4.619470000000000005e-05 1.863119999999999875e-05 -2.446729999999999866e-05 1.256799999999999978e-06 2.783830000000000077e-05 -4.360739999999999858e-05 2.382749999999999845e-05 1.051699999999999943e-05 -4.325980000000000211e-05 8.969339999999999746e-05 -2.415369999999999881e-05
1.778690000000000075e-05 -2.858299999999999806e-06 -4.543089999999999900e-05 4.572135999999999757e-04 -1.009485999999999977e-04 -1.702765000000000019e-04 1.441290000000000053e-05 0.000000000000000000e+00 8.867299999999999618e-05 1.914031999999999973e-04 1.946688000000000021e-04 -5.238900000000000273e-05 -5.325647999999999667e-04 -2.419518999999999967e-04 7.532029999999999780e-05 -3.241070000000000192e-04 -8.445859999999999804e-05 -9.932569999999999670e-05 9.564120000000000173e-05 3.937880000000000319e-05 -4.052999999999999989e-06 -1.306066000000000041e-04 -2.224282000000000060e-04 -3.465190999999999736e-04 4.512350000000000258e-05 2.043789999999999959e-05 1.921650000000000143e-05 -6.532139999999999431e-05 3.658299999999999855e-05 -5.785220000000000152e-05 -1.857370000000000142e-05 -1.011589999999999983e-04 -8.664309999999999720e-05 -4.648250000000000092e-05 -8.240400000000000589e-05 5.513079999999999739e-05 -8.912399999999999576e-06 -1.455231000000000027e-04 -9.328939999999999488e-05 7.289789999999999877e-05 5.678550000000000036e-05 4.155400000000000228e-05 -1.708260000000000141e-05 2.092370000000000094e-05 -1.207495999999999933e-04 4.712159999999999960e-05 3.197000000000000053e-06 -1.692470000000000077e-05 -3.188199999999999816e-06 1.417599999999999946e-05 -6.927670000000000030e-05 -5.222579999999999725e-05 1.746260000000000116e-05 -5.806469999999999991e-05 -1.152710000000000014e-05 4.087360000000000114e-05 -5.272059999999999800e-05 8.398100000000000112e-06 5.479499999999999799e-06 6.802479999999999963e-05 -2.202830000000000050e-05 -9.249800000000000784e-06 -1.269886999999999926e-04 5.603289999999999676e-05 1.847800000000000164e-05 1.648859999999999999e-05 2.519470000000000121e-05 -1.733880000000000076e-05 4.125400000000000346e-06 4.338699999999999642e-06 7.161539999999999876e-05 -4.118769999999999869e-05 1.480000000000000060e-05 -4.977229999999999778e-05 2.332790000000000072e-05 7.411900000000000136e-06 -2.273039999999999840e-05 -1.788240000000000009e-05 -1.264559999999999968e-05 9.922669999999999646e-05 -2.059819999999999872e-05 1.049030000000000017e-05 -8.130100000000000307e-06 4.139700000000000362e-06 1.813409999999999973e-05 -5.421099999999999647e-06 6.639199999999999894e-06 -3.554300000000000004e-06 -8.809900000000000134e-06 -9.882699999999999417e-06 -5.613300000000000111e-06 -1.422530000000000083e-05 1.739239999999999970e-05 -1.417800000000000046e-05 -4.050759999999999821e-05 2.717999999999999854e-07 3.534199999999999976e-06 -6.459839999999999463e-05 2.664739999999999833e-05 -2.068509999999999953e-05
-9.581190000000000334e-05 -3.994970000000000140e-05 1.868387000000000108e-04 -3.622759999999999853e-05 -5.123399999999999770e-05 -9.090723999999999463e-04 -4.084132999999999882e-04 -8.867299999999999618e-05 0.000000000000000000e+00 -1.466929000000000063e-03 -8.746299999999999591e-06 -5.588080000000000206e-05 -9.169929999999999802e-05 1.465599999999999995e-05 -8.157429999999999586e-05 1.995830000000000168e-05 -1.596175999999999877e-04 -1.853499999999999915e-06 1.409054000000000079e-04 3.215188000000000225e-04 1.461912999999999906e-04 -2.198599999999999922e-05 -1.958179999999999944e-05 -1.014435999999999989e-04 1.804254000000000090e-04 1.017443000000000009e-04 -1.341230999999999966e-04 -2.000489999999999883e-05 3.395690000000000009e-05 -1.142399999999999938e-05 9.483220000000000321e-05 -1.333537000000000036e-04 8.321740000000000051e-05 9.436840000000000267e-05 -1.043107999999999975e-04 -5.629309999999999810e-05 -6.041899999999999700e-06 1.389799999999999975e-05 3.481970000000000139e-05 2.880519999999999993e-05 1.604169999999999923e-05 -2.865639999999999892e-05 -1.629700000000000041e-06 -1.063604999999999992e-04 1.899909999999999907e-05 8.715139999999999367e-05 2.253419999999999848e-05 1.223769999999999974e-05 1.606909999999999833e-05 4.641730000000000026e-05 3.533000000000000203e-07 -1.823480000000000031e-05 3.128259999999999759e-05 8.821079999999999915e-05 4.593359999999999674e-05 -5.400629999999999824e-05 -2.456240000000000051e-05 -1.296449999999999929e-05 9.008620000000000494e-05 1.318549999999999937e-05 -4.849160000000000173e-05 4.326920000000000240e-05 1.689459999999999915e-05 3.396829999999999799e-05 3.704019999999999817e-05 -7.858900000000000260e-06 -4.243889999999999783e-05 2.855329999999999986e-05 -1.535849999999999873e-05 2.286150000000000126e-05 -4.724640000000000220e-05 -1.949430000000000070e-05 7.544420000000000520e-05 -4.352069999999999821e-05 4.574949999999999964e-05 5.864109999999999662e-05 -3.577760000000000114e-05 4.096920000000000070e-05 -3.591080000000000183e-05 -1.991499999999999906e-06 -7.209380000000000421e-05 5.324190000000000265e-05 4.494529999999999809e-05 -1.542400000000000047e-06 1.557669999999999945e-05 6.258160000000000404e-05 -4.517930000000000296e-05 8.390799999999999352e-06 -2.353990000000000140e-05 4.917549999999999699e-05 -6.902400000000000186e-06 2.817330000000000011e-05 -2.493510000000000119e-05 -9.022999999999999838e-06 2.138220000000000002e-05 5.411290000000000159e-05 -3.367600000000000165e-06 3.537449999999999818e-05 8.530959999999999379e-05 3.296920000000000276e-05
-5.313570000000000017e-05 -1.109460000000000047e-05 2.019141999999999920e-04 -5.137900000000000393e-06 -2.382786000000000127e-04 -8.133619999999999555e-05 -8.833419000000000340e-04 -1.914031999999999973e-04 1.466929000000000063e-03 0.000000000000000000e+00 -2.787050000000000023e-05 -7.538600000000000125e-06 -4.009740000000000000e-05 9.520900000000000611e-06 -7.933599999999999732e-06 4.355469999999999822e-05 9.355229999999999536e-05 -7.541269999999999712e-05 -7.744099999999999259e-06 1.651030000000000013e-05 2.664914000000000215e-04 2.671670000000000121e-05 -2.871819999999999890e-05 7.009319999999999494e-05 -5.612500000000000050e-06 -1.071758000000000048e-04 4.080409999999999783e-05 4.147789999999999805e-05 -6.394829999999999894e-05 -2.416799999999999883e-06 -4.019130000000000261e-05 3.181840000000000016e-05 1.574969999999999932e-05 5.058400000000000223e-05 2.526230000000000036e-05 5.822370000000000296e-05 -2.371069999999999984e-05 4.852900000000000242e-05 -2.740380000000000010e-05 6.025129999999999689e-05 -6.696200000000000025e-05 -1.919529999999999899e-05 6.526770000000000531e-05 1.044119999999999924e-05 3.071900000000000184e-06 -2.536699999999999955e-05 5.311029999999999869e-05 7.220870000000000543e-05 -2.387470000000000030e-05 -4.842920000000000043e-05 1.652979999999999885e-05 2.344570000000000153e-05 1.843930000000000148e-05 -4.600460000000000335e-05 3.350020000000000157e-05 2.137599999999999998e-05 -2.602300000000000140e-05 2.862679999999999839e-05 -1.003070000000000037e-05 6.730639999999999648e-05 1.791729999999999869e-05 -9.900000000000000505e-07 6.996290000000000061e-05 2.278899999999999899e-06 -9.161479999999999570e-05 4.470979999999999670e-05 6.988600000000000309e-06 5.421989999999999904e-05 -3.256410000000000218e-05 -1.404242000000000099e-04 7.475799999999999642e-06 -2.420120000000000132e-05 4.379360000000000029e-05 5.787340000000000057e-05 -7.593740000000000245e-05 8.341709999999999793e-05 -2.416129999999999854e-05 4.310750000000000020e-05 -2.637500000000000159e-06 -3.172539999999999952e-05 -5.110109999999999766e-05 1.498220000000000031e-05 1.564799999999999994e-05 -1.167168000000000003e-04 -1.256390000000000011e-05 9.344999999999999466e-06 -1.292999999999999998e-07 -7.147170000000000216e-05 -8.732900000000000702e-06 -4.376509999999999878e-05 -3.793500000000000187e-06 1.547110000000000168e-05 2.099810000000000145e-05 4.699850000000000073e-05 1.262089999999999973e-05 1.266631999999999903e-04 -5.191600000000000404e-06 -1.964080000000000006e-05 9.717919999999999954e-05 1.557469999999999845e-05
-7.275399999999999833e-06 -1.260800000000000067e-06 -1.378879999999999917e-05 -3.516937999999999835e-04 -4.713679999999999905e-05 -5.372620000000000070e-05 7.401489999999999502e-05 -1.946688000000000021e-04 8.746299999999999591e-06 2.787050000000000023e-05 0.000000000000000000e+00 1.882344399999999907e-03 6.087920999999999611e-04 -6.750776000000000433e-04 -2.164350000000000038e-05 1.971653000000000077e-04 -1.075399999999999902e-06 5.957391000000000032e-04 4.580739999999999785e-05 -2.987700000000000211e-06 5.342360000000000126e-05 1.214299999999999961e-06 1.802568000000000052e-04 3.012299999999999941e-05 2.494529999999999984e-05 -1.121620999999999946e-04 6.259000000000000129e-07 -1.535592000000000120e-04 -1.257180000000000049e-05 3.917980000000000052e-05 2.867929999999999831e-05 -4.586299999999999779e-05 8.474190000000000260e-05 -4.560140000000000016e-05 4.724330000000000218e-05 -5.396140000000000143e-05 -9.015679999999999712e-05 -6.704730000000000433e-05 7.575530000000000295e-05 2.558000000000000009e-07 -6.509760000000000503e-05 5.329660000000000061e-05 -1.690140000000000051e-05 4.936509999999999938e-05 -6.225050000000000310e-05 -1.508040000000000049e-05 -9.316300000000000232e-05 -5.967000000000000299e-05 2.167950000000000140e-05 -5.120659999999999860e-05 2.072339999999999881e-05 5.402549999999999968e-05 7.840899999999999755e-06 6.481400000000000659e-05 1.058094000000000038e-04 1.291640000000000054e-05 -3.009979999999999936e-05 1.524640000000000026e-05 6.869299999999999605e-06 -8.279080000000000022e-05 -2.784079999999999948e-05 5.333799999999999653e-06 -5.238929999999999661e-05 4.370130000000000119e-05 3.190099999999999831e-05 9.888939999999999547e-05 1.257240000000000011e-05 4.622179999999999849e-05 3.230309999999999909e-05 2.226300000000000013e-05 6.014899999999999789e-06 -1.003729999999999960e-04 -3.214690000000000218e-05 -9.107699999999999214e-06 -7.647400000000000676e-06 2.655969999999999916e-05 -2.952270000000000111e-05 -7.938899999999999495e-06 6.747720000000000508e-05 -2.768110000000000167e-05 -1.447160000000000049e-05 1.292509999999999929e-05 -8.658229999999999941e-05 5.627149999999999817e-05 -1.816019999999999936e-05 4.890649999999999669e-05 -2.782179999999999847e-05 6.874200000000000185e-06 2.936840000000000159e-05 -2.364259999999999959e-05 4.185610000000000063e-05 -2.925040000000000035e-05 1.279482000000000026e-04 2.889449999999999923e-05 -7.181020000000000578e-05 -8.661399999999999777e-06 5.684180000000000184e-05 -5.815119999999999984e-05 -1.175089999999999959e-05 -1.021669999999999995e-04
-2.805760000000000052e-05 6.254730000000000337e-05 -3.058250000000000069e-05 8.085269999999999924e-05 -2.159390000000000005e-05 -2.263230000000000013e-05 1.831939999999999946e-05 5.238900000000000273e-05 5.588080000000000206e-05 7.538600000000000125e-06 -1.882344399999999907e-03 0.000000000000000000e+00 3.240445499999999954e-03 -1.662388899999999977e-03 -1.322116000000000133e-04 -6.878985000000000004e-04 6.438799999999999407e-05 -4.365406999999999860e-04 7.163930000000000374e-05 2.893339999999999983e-05 -3.641500000000000287e-05 -4.171700000000000225e-06 -3.401141000000000103e-04 -7.541360000000000587e-05 -3.329910000000000107e-05 -4.362309999999999913e-05 3.539210000000000289e-05 -3.644969999999999764e-05 1.856339999999999916e-05 -2.964379999999999899e-05 -2.724719999999999893e-05 1.188984999999999933e-04 7.386709999999999620e-05 -8.667100000000000417e-06 -1.430179999999999917e-05 -2.319289999999999948e-05 -1.055936999999999983e-04 -2.211419999999999911e-05 -4.527730000000000101e-05 2.360020000000000149e-05 1.234700000000000012e-06 8.348999999999999176e-06 -5.491600000000000073e-06 3.881379999999999759e-05 1.224400000000000085e-06 1.247994999999999899e-04 2.721789999999999906e-05 1.588679999999999839e-05 -5.404939999999999788e-05 -6.047220000000000015e-05 -9.800550000000000212e-05 7.079680000000000630e-05 -1.359800000000000093e-06 2.260569999999999941e-05 -8.795070000000000481e-05 -1.785851999999999991e-04 5.807190000000000214e-05 -5.758900000000000038e-06 -1.579729999999999866e-05 5.339439999999999822e-05 1.993970000000000155e-05 -7.966699999999999466e-06 -9.135000000000000206e-07 -5.737010000000000151e-05 2.540500000000000071e-06 2.617390000000000024e-05 -3.643759999999999821e-05 4.926200000000000370e-06 4.316370000000000146e-05 -5.233020000000000255e-05 -2.951439999999999985e-05 2.174339999999999921e-05 4.520469999999999767e-05 2.998290000000000053e-05 5.261100000000000332e-06 6.608819999999999517e-05 1.385139999999999921e-05 -3.766600000000000072e-06 1.962199999999999950e-05 6.803269999999999663e-05 1.303489999999999949e-05 -2.982289999999999868e-05 -2.502460000000000093e-05 -1.617340000000000002e-05 1.791759999999999935e-05 -2.061869999999999963e-05 -1.616799999999999835e-05 4.596799999999999763e-06 1.059526000000000060e-04 -3.313230000000000125e-05 -1.323200000000000096e-06 -3.454820000000000238e-05 -5.463649999999999773e-05 5.788700000000000329e-05 -8.082000000000000505e-07 -6.119100000000000418e-06 -5.353250000000000288e-05 3.934599999999999903e-05 -5.303000000000000303e-07 2.952199999999999958e-05
5.889399999999999890e-06 -7.278600000000000074e-06 -6.936519999999999784e-05 4.913969999999999981e-05 6.233650000000000193e-05 -2.570329999999999834e-05 -1.558609999999999973e-05 5.325647999999999667e-04 9.169929999999999802e-05 4.009740000000000000e-05 -6.087920999999999611e-04 -3.240445499999999954e-03 0.000000000000000000e+00 -1.033958499999999923e-03 -1.091039999999999976e-05 -3.471250999999999742e-04 3.763629999999999743e-05 -8.636552000000000248e-04 8.702529999999999500e-05 4.544629999999999888e-05 -8.853549999999999962e-05 -5.215479999999999742e-05 -1.891181000000000079e-04 1.202811999999999962e-04 2.828200000000000128e-05 -3.555820000000000118e-05 5.880099999999999826e-06 1.498387000000000059e-04 -5.695199999999999953e-05 7.085600000000000058e-05 9.732799999999999378e-06 1.079046999999999971e-04 -1.200790000000000069e-05 7.858499999999999383e-06 6.440609999999999987e-05 -1.110399999999999990e-06 -9.558919999999999613e-05 3.332200000000000046e-06 4.898940000000000228e-05 2.834330000000000017e-05 -1.201749999999999971e-05 6.543040000000000292e-05 2.152049999999999834e-05 -1.437560000000000006e-05 -1.287500000000000124e-04 5.913100000000000018e-05 -5.152090000000000337e-05 -3.858569999999999887e-05 4.799609999999999944e-05 -4.866939999999999857e-05 -1.372160999999999889e-04 3.765239999999999885e-05 -1.105309999999999926e-05 -1.773379999999999951e-05 7.437500000000000365e-06 1.188188000000000015e-04 -4.205349999999999979e-05 6.074220000000000265e-05 -1.887119999999999984e-05 -5.923849999999999873e-05 4.957310000000000145e-05 -1.681109999999999901e-05 1.145000000000000049e-05 1.209939999999999973e-05 -1.077118999999999944e-04 1.554640000000000077e-05 1.082039000000000026e-04 2.135040000000000145e-05 2.045400000000000102e-05 -9.641099999999999901e-06 -1.213869999999999950e-05 8.305740000000000204e-05 2.487920000000000059e-05 -8.910099999999999615e-06 2.252059999999999915e-05 1.691769999999999898e-05 1.214990000000000034e-05 -8.327999999999999928e-07 1.726059999999999869e-05 1.176299000000000035e-04 2.936279999999999947e-05 -7.681159999999999486e-05 -7.705450000000000569e-05 -3.064750000000000091e-05 2.905760000000000111e-05 -1.394300000000000017e-05 -1.185340000000000073e-05 -2.682239999999999920e-05 -1.978199999999999966e-06 -4.247939999999999854e-05 -4.915509999999999969e-05 -4.806009999999999747e-05 -1.630599999999999940e-05 3.758000000000000273e-05 4.514300000000000130e-06 -2.220379999999999907e-05 -6.715039999999999323e-05 -6.485580000000000338e-05 2.641939999999999984e-05 3.536869999999999901e-05
1.666449999999999944e-05 1.384560000000000005e-05 6.505600000000000021e-06 2.078010000000000116e-05 5.073900000000000328e-05 -3.390599999999999691e-05 2.339399999999999997e-05 2.419518999999999967e-04 -1.465599999999999995e-05 -9.520900000000000611e-06 6.750776000000000433e-04 1.662388899999999977e-03 1.033958499999999923e-03 0.000000000000000000e+00 -2.196859999999999834e-05 7.590140000000000211e-04 1.733280000000000115e-05 -9.995315000000000710e-04 6.659149999999999423e-05 2.680259999999999983e-05 -1.842129999999999929e-05 -2.839470000000000107e-05 -4.300552999999999819e-04 2.547799999999999984e-06 4.299259999999999898e-05 1.787170000000000035e-05 6.861999999999999903e-07 -4.849919999999999806e-05 -4.328460000000000228e-05 -1.841199999999999922e-05 -1.958250000000000097e-05 7.579879999999999669e-05 -7.138360000000000549e-05 -1.030931999999999975e-04 1.622689999999999875e-05 -6.916409999999999735e-05 9.650600000000000402e-06 -1.975670000000000009e-05 6.784700000000000279e-05 -1.410457999999999905e-04 8.347209999999999656e-05 -9.033309999999999745e-05 1.731440000000000146e-05 -4.858549999999999756e-05 -6.349799999999999751e-06 1.215367000000000048e-04 -7.562699999999999607e-06 -9.768579999999999906e-05 9.084799999999999823e-06 -2.784189999999999850e-05 6.312239999999999724e-05 -2.445770000000000132e-05 -3.897940000000000156e-05 5.212630000000000269e-05 8.117200000000000820e-06 -5.226699999999999950e-05 2.774080000000000044e-05 -1.696389999999999864e-05 5.818399999999999722e-05 3.273199999999999849e-06 -3.720779999999999975e-05 -4.549479999999999681e-05 -9.437230000000000445e-05 -5.667150000000000112e-05 5.131640000000000219e-05 1.185617999999999937e-04 8.425699999999999645e-06 6.442030000000000390e-05 1.833919999999999883e-05 1.791469999999999976e-05 -6.930600000000000356e-05 2.638900000000000094e-05 1.193094000000000066e-04 7.363399999999999668e-06 -9.085689999999999402e-05 -8.622200000000000220e-06 9.743099999999999940e-06 -1.753619999999999992e-05 -1.502139999999999987e-05 7.313200000000000386e-05 4.949000000000000389e-06 5.216189999999999943e-05 -6.113699999999999589e-06 -3.997510000000000288e-05 3.282380000000000242e-05 1.997109999999999925e-05 -1.335629999999999950e-05 -2.351310000000000024e-05 -8.584919999999999791e-05 -7.152999999999999531e-07 -6.525400000000000238e-06 -3.539039999999999916e-05 -6.728699999999999630e-06 -4.885809999999999898e-05 -4.220650000000000324e-05 2.454000000000000137e-07 -6.006450000000000065e-05 -1.989819999999999865e-05 9.676000000000000617e-07 -2.753370000000000033e-05
6.095989999999999889e-05 1.280239999999999960e-05 -1.009981999999999980e-04 2.838660000000000025e-05 5.018810000000000149e-05 -1.821057000000000003e-04 -2.267202000000000117e-04 -7.532029999999999780e-05 8.157429999999999586e-05 7.933599999999999732e-06 2.164350000000000038e-05 1.322116000000000133e-04 1.091039999999999976e-05 2.196859999999999834e-05 0.000000000000000000e+00 5.441270000000000167e-05 5.097177999999999735e-04 4.085180000000000077e-05 5.869358999999999991e-04 -4.743799999999999948e-04 2.723965000000000067e-04 -3.188988000000000239e-04 4.088270000000000077e-05 -3.233069999999999862e-05 3.852818999999999949e-04 1.495590000000000024e-05 -1.961215999999999893e-04 -3.511509999999999859e-05 -1.008791000000000012e-04 1.065444999999999961e-04 -3.484223000000000268e-04 1.550150000000000058e-05 -9.244400000000000802e-06 1.240868000000000060e-04 1.214873000000000049e-04 8.679300000000000063e-06 -1.732320000000000043e-05 -5.921939999999999751e-05 -3.693849999999999879e-05 -2.754549999999999910e-05 -4.414159999999999764e-05 5.044440000000000106e-05 -9.750699999999999664e-06 4.552780000000000141e-05 6.134959999999999958e-05 6.443440000000000094e-05 4.178180000000000034e-05 -3.983389999999999820e-05 2.506279999999999999e-05 6.514489999999999355e-05 -1.082492000000000003e-04 1.188496999999999948e-04 -3.482759999999999838e-05 -2.763059999999999936e-05 1.143804000000000001e-04 -5.253769999999999675e-05 -4.703280000000000140e-05 4.397970000000000178e-05 -2.263199999999999948e-05 -6.209130000000000638e-05 1.191133999999999970e-04 -3.411429999999999964e-05 2.300650000000000072e-05 4.563010000000000210e-05 -6.127809999999999865e-05 -8.299689999999999813e-05 3.366489999999999679e-05 -3.344200000000000101e-06 -6.944100000000000142e-05 1.173552999999999977e-04 -8.259540000000000545e-05 -1.188870000000000020e-05 -8.454299999999999676e-06 -1.778159999999999929e-05 4.876249999999999942e-05 2.833349999999999901e-05 -5.572529999999999991e-05 1.605429999999999976e-05 7.554430000000000108e-05 -4.072600000000000276e-05 1.089690000000000065e-05 2.799100000000000017e-06 2.189390000000000056e-05 -5.215559999999999917e-05 -7.933499999999999851e-05 -3.978509999999999962e-05 -2.617130000000000132e-05 -8.206140000000000006e-05 9.910499999999999388e-06 6.921189999999999374e-05 -1.435500000000000063e-05 -5.006369999999999977e-05 -9.357200000000000806e-06 -2.607949999999999993e-05 4.185479999999999778e-05 4.375899999999999896e-06 -2.388659999999999929e-05 1.796979999999999861e-05 -6.640370000000000257e-05 -5.466109999999999746e-05
